id,target,hasNum,hasLink,hasUser,hasHashtag,exclamacion,interrogacion,mayusculas,longitud,negativity,sigmoidic_negativity,neg_to_label,continent_cat_codes,continent_Africa,continent_Asia,continent_Europe,continent_EuropeEurope,continent_North America,continent_Oceania,continent_Other,continent_South America,country_cat_codes,country_Argentina,country_Australia,country_Canada,country_England,country_India,country_Nigeria,country_Other,country_Turkey,country_United Kingdom,country_United States,city_cat_codes,city_California,city_Chicago,city_Florida,city_London,city_Los Angeles,city_New York,city_Of,city_Other,city_Texas,city_Washington,prediccion_T5
1,1,0,0,0,1,0,0,10,71,18.94175118097485,0.8322629945429708,1,6,0,0,0,0,0,0,1,0,6,0,0,0,0,0,0,1,0,0,0,7,0,0,0,0,0,0,0,1,0,0,1
4,1,0,0,0,0,0,0,5,40,12.169451787505063,0.005649356764863182,0,6,0,0,0,0,0,0,1,0,6,0,0,0,0,0,0,1,0,0,0,7,0,0,0,0,0,0,0,1,0,0,1
5,1,0,0,0,0,0,0,2,135,129.64088892237106,1.0,1,6,0,0,0,0,0,0,1,0,6,0,0,0,0,0,0,1,0,0,0,7,0,0,0,0,0,0,0,1,0,0,1
6,1,1,0,0,1,0,0,1,67,9.27054606033342,0.00031285621660619216,0,6,0,0,0,0,0,0,1,0,6,0,0,0,0,0,0,1,0,0,0,7,0,0,0,0,0,0,0,1,0,0,1
7,1,0,0,0,1,0,0,3,90,45.04031123234329,0.9999999999990671,1,6,0,0,0,0,0,0,1,0,6,0,0,0,0,0,0,1,0,0,0,7,0,0,0,0,0,0,0,1,0,0,1
8,1,1,0,0,1,0,0,9,112,25.302191949992103,0.9996517327029136,1,6,0,0,0,0,0,0,1,0,6,0,0,0,0,0,0,1,0,0,0,7,0,0,0,0,0,0,0,1,0,0,1
10,1,0,0,0,1,0,0,4,97,20.26774000168528,0.949200811608056,1,6,0,0,0,0,0,0,1,0,6,0,0,0,0,0,0,1,0,0,0,7,0,0,0,0,0,0,0,1,0,0,1
13,1,0,0,0,0,0,0,2,61,26.6604592461802,0.9999104352575559,1,6,0,0,0,0,0,0,1,0,6,0,0,0,0,0,0,1,0,0,0,7,0,0,0,0,0,0,0,1,0,0,1
14,1,0,0,0,0,0,0,1,81,22.26718464177296,0.9928052622373984,1,6,0,0,0,0,0,0,1,0,6,0,0,0,0,0,0,1,0,0,0,7,0,0,0,0,0,0,0,1,0,0,1
15,1,0,0,0,0,0,0,1,54,9.551886373079832,0.0004144624513599751,0,6,0,0,0,0,0,0,1,0,6,0,0,0,0,0,0,1,0,0,0,7,0,0,0,0,0,0,0,1,0,0,1
16,1,0,0,0,0,0,0,1,45,12.608308036801374,0.008734584378864393,0,6,0,0,0,0,0,0,1,0,6,0,0,0,0,0,0,1,0,0,0,7,0,0,0,0,0,0,0,1,0,0,1
17,1,0,0,0,1,0,0,63,131,741.6724628920339,1.0,1,6,0,0,0,0,0,0,1,0,6,0,0,0,0,0,0,1,0,0,0,7,0,0,0,0,0,0,0,1,0,0,1
18,1,1,0,0,1,0,0,5,78,3.2732204274008843,7.77812495311803e-07,0,6,0,0,0,0,0,0,1,0,6,0,0,0,0,0,0,1,0,0,0,7,0,0,0,0,0,0,0,1,0,0,1
19,1,0,0,0,1,0,0,5,41,16.21442765271681,0.24497913383338174,0,6,0,0,0,0,0,0,1,0,6,0,0,0,0,0,0,1,0,0,0,7,0,0,0,0,0,0,0,1,0,0,1
20,1,1,0,0,1,0,0,9,58,11.589032865145668,0.0031696256346487486,0,6,0,0,0,0,0,0,1,0,6,0,0,0,0,0,0,1,0,0,0,7,0,0,0,0,0,0,0,1,0,0,1
23,0,0,0,0,0,0,1,1,16,0.6366388474820797,5.5695793795054236e-08,0,6,0,0,0,0,0,0,1,0,6,0,0,0,0,0,0,1,0,0,0,7,0,0,0,0,0,0,0,1,0,0,0
24,0,0,0,0,0,0,0,1,15,0.7610814604085203,6.307643432612588e-08,0,6,0,0,0,0,0,0,1,0,6,0,0,0,0,0,0,1,0,0,0,7,0,0,0,0,0,0,0,1,0,0,0
25,0,0,0,0,0,0,0,1,18,0.9097302595706376,7.318540554817012e-08,0,6,0,0,0,0,0,0,1,0,6,0,0,0,0,0,0,1,0,0,0,7,0,0,0,0,0,0,0,1,0,0,0
26,0,0,0,0,0,0,0,1,19,2.7503084395300066,4.610810381976962e-07,0,6,0,0,0,0,0,0,1,0,6,0,0,0,0,0,0,1,0,0,0,7,0,0,0,0,0,0,0,1,0,0,0
28,0,0,0,0,0,6,0,1,30,0.8835059435215686,7.129111527285755e-08,0,6,0,0,0,0,0,0,1,0,6,0,0,0,0,0,0,1,0,0,0,7,0,0,0,0,0,0,0,1,0,0,0
31,0,0,0,0,0,0,0,0,24,0.9101604338769258,7.321689479937497e-08,0,6,0,0,0,0,0,0,1,0,6,0,0,0,0,0,0,1,0,0,0,7,0,0,0,0,0,0,0,1,0,0,0
32,0,0,0,0,0,0,0,1,19,1.5606705662628904,1.4032150623999647e-07,0,6,0,0,0,0,0,0,1,0,6,0,0,0,0,0,0,1,0,0,0,7,0,0,0,0,0,0,0,1,0,0,0
33,0,0,0,0,0,0,0,1,13,0.13893146124816666,3.385874339849827e-08,0,6,0,0,0,0,0,0,1,0,6,0,0,0,0,0,0,1,0,0,0,7,0,0,0,0,0,0,0,1,0,0,0
34,0,0,0,0,0,1,0,1,23,0.9615803294781208,7.708017310631889e-08,0,6,0,0,0,0,0,0,1,0,6,0,0,0,0,0,0,1,0,0,0,7,0,0,0,0,0,0,0,1,0,0,0
36,0,0,0,0,0,0,0,8,10,0.4651854226863575,4.6920337305674554e-08,0,6,0,0,0,0,0,0,1,0,6,0,0,0,0,0,0,1,0,0,0,7,0,0,0,0,0,0,0,1,0,0,0
37,0,0,0,0,0,0,0,2,32,1.997379752351019,2.1716238075936324e-07,0,6,0,0,0,0,0,0,1,0,6,0,0,0,0,0,0,1,0,0,0,7,0,0,0,0,0,0,0,1,0,0,0
38,0,0,0,0,0,1,0,4,23,2.8935214343616997,5.320762144002601e-07,0,6,0,0,0,0,0,0,1,0,6,0,0,0,0,0,0,1,0,0,0,7,0,0,0,0,0,0,0,1,0,0,0
39,0,0,0,0,0,0,0,1,20,0.4025176183592529,4.4070182114432684e-08,0,6,0,0,0,0,0,0,1,0,6,0,0,0,0,0,0,1,0,0,0,7,0,0,0,0,0,0,0,1,0,0,0
40,0,0,0,0,0,0,0,1,11,0.0,2.9466847194873094e-08,0,6,0,0,0,0,0,0,1,0,6,0,0,0,0,0,0,1,0,0,0,7,0,0,0,0,0,0,0,1,0,0,0
41,0,0,0,0,0,0,1,1,20,0.8363403741303149,6.80066941062583e-08,0,6,0,0,0,0,0,0,1,0,6,0,0,0,0,0,0,1,0,0,0,7,0,0,0,0,0,0,0,1,0,0,0
44,0,0,0,0,0,1,0,1,10,0.4534287988128895,4.637194252561442e-08,0,6,0,0,0,0,0,0,1,0,6,0,0,0,0,0,0,1,0,0,0,7,0,0,0,0,0,0,0,1,0,0,0
48,1,1,1,1,0,0,0,11,73,12.074298857578285,0.0051392217811507155,0,2,0,0,1,0,0,0,0,0,8,0,0,0,0,0,0,0,0,1,0,7,0,0,0,0,0,0,0,1,0,0,1
49,0,1,1,0,1,0,0,8,104,8.484027543839327,0.00014250763596786683,0,2,0,0,1,0,0,0,0,0,8,0,0,0,0,0,0,0,0,1,0,7,0,0,0,0,0,0,0,1,0,0,0
50,1,1,1,0,1,0,0,23,96,8.987389236935616,0.00023572456890459111,0,0,1,0,0,0,0,0,0,0,6,0,0,0,0,0,0,1,0,0,0,7,0,0,0,0,0,0,0,1,0,0,1
52,0,0,0,0,0,1,0,5,58,7.8563071915202425,7.607667170074847e-05,0,4,0,0,0,0,1,0,0,0,9,0,0,0,0,0,0,0,0,0,1,7,0,0,0,0,0,0,0,1,0,0,0
53,0,1,1,0,0,0,0,38,94,136.12997462981144,1.0,1,4,0,0,0,0,1,0,0,0,2,0,0,1,0,0,0,0,0,0,0,3,0,0,0,1,0,0,0,0,0,0,0
54,0,0,0,1,1,0,0,8,138,37.06609284754389,0.999999997289392,1,0,1,0,0,0,0,0,0,0,6,0,0,0,0,0,0,1,0,0,0,7,0,0,0,0,0,0,0,1,0,0,0
55,1,1,1,0,0,2,0,12,75,16.817790633975793,0.3723357553140516,0,6,0,0,0,0,0,0,1,0,6,0,0,0,0,0,0,1,0,0,0,7,0,0,0,0,0,0,0,1,0,0,1
56,1,1,1,0,1,0,0,33,148,60.82786017497666,1.0,1,6,0,0,0,0,0,0,1,0,6,0,0,0,0,0,0,1,0,0,0,7,0,0,0,0,0,0,0,1,0,0,1
57,0,0,0,0,0,0,0,5,44,4.982503873101252,4.297399763621679e-06,0,6,0,0,0,0,0,0,1,0,6,0,0,0,0,0,0,1,0,0,0,7,0,0,0,0,0,0,0,1,0,0,0
59,0,1,1,0,1,0,0,26,136,2.948537813823568,5.621693216550635e-07,0,6,0,0,0,0,0,0,1,0,6,0,0,0,0,0,0,1,0,0,0,7,0,0,0,0,0,0,0,1,0,0,0
61,0,0,0,0,0,0,0,0,69,11.655989901466668,0.003388377014220927,0,6,0,0,0,0,0,0,1,0,6,0,0,0,0,0,0,1,0,0,0,7,0,0,0,0,0,0,0,1,0,0,0
62,0,0,0,0,0,0,2,7,137,59.956571457585405,1.0,1,6,0,0,0,0,0,0,1,0,6,0,0,0,0,0,0,1,0,0,0,7,0,0,0,0,0,0,0,1,0,0,0
63,0,0,0,1,0,0,4,20,52,8.37514401388803,0.00012780769558666345,0,6,0,0,0,0,0,0,1,0,6,0,0,0,0,0,0,1,0,0,0,7,0,0,0,0,0,0,0,1,0,0,0
64,0,1,1,0,0,1,0,6,100,15.71532312885865,0.16456088203034622,0,6,0,0,0,0,0,0,1,0,6,0,0,0,0,0,0,1,0,0,0,7,0,0,0,0,0,0,0,1,0,0,0
65,0,1,1,0,0,0,1,7,104,13.527094477056488,0.02160675838228167,0,6,0,0,0,0,0,0,1,0,6,0,0,0,0,0,0,1,0,0,0,7,0,0,0,0,0,0,0,1,0,0,0
66,1,1,1,0,0,0,0,30,130,27.55339709324539,0.9999633256797392,1,4,0,0,0,0,1,0,0,0,9,0,0,0,0,0,0,0,0,0,1,7,0,0,0,0,0,0,0,1,0,0,1
67,0,0,0,0,0,0,0,1,71,14.987976317829867,0.08690505376692087,0,6,0,0,0,0,0,0,1,0,6,0,0,0,0,0,0,1,0,0,0,7,0,0,0,0,0,0,0,1,0,0,0
68,0,1,1,0,1,0,0,26,136,2.948537813823568,5.621693216550635e-07,0,6,0,0,0,0,0,0,1,0,6,0,0,0,0,0,0,1,0,0,0,7,0,0,0,0,0,0,0,1,0,0,0
71,0,0,0,0,0,0,0,5,154,54.40696565061836,1.0,1,6,0,0,0,0,0,0,1,0,6,0,0,0,0,0,0,1,0,0,0,7,0,0,0,0,0,0,0,1,0,0,0
73,1,1,1,0,0,0,0,12,105,13.512933008704266,0.02130940572673681,0,4,0,0,0,0,1,0,0,0,9,0,0,0,0,0,0,0,0,0,1,7,0,0,0,0,0,0,0,1,0,0,1
74,1,1,1,0,0,0,0,8,88,16.480893584726516,0.2975260749172545,0,1,0,1,0,0,0,0,0,0,4,0,0,0,0,1,0,0,0,0,0,7,0,0,0,0,0,0,0,1,0,0,1
76,0,1,1,0,0,0,0,28,150,38.598432998700716,0.9999999994144286,1,4,0,0,0,0,1,0,0,0,6,0,0,0,0,0,0,1,0,0,0,7,0,0,0,0,0,0,0,1,0,0,1
77,1,1,1,0,0,0,0,15,110,29.641675871194,0.999995455897935,1,4,0,0,0,0,1,0,0,0,9,0,0,0,0,0,0,0,0,0,1,7,0,0,0,0,0,0,0,1,0,0,1
78,0,1,1,1,0,0,8,9,143,9.11205697825557,0.00026701383852179434,0,0,1,0,0,0,0,0,0,0,5,0,0,0,0,0,1,0,0,0,0,7,0,0,0,0,0,0,0,1,0,0,0
79,1,1,1,0,1,0,0,12,146,104.18168416739182,1.0,1,6,0,0,0,0,0,0,1,0,6,0,0,0,0,0,0,1,0,0,0,7,0,0,0,0,0,0,0,1,0,0,1
80,1,1,1,0,0,0,0,61,117,39.60714458471706,0.9999999997864488,1,0,1,0,0,0,0,0,0,0,6,0,0,0,0,0,0,1,0,0,0,7,0,0,0,0,0,0,0,1,0,0,1
81,0,1,1,1,0,0,0,12,149,69.55534796928279,1.0,1,7,0,0,0,0,0,0,0,1,6,0,0,0,0,0,0,1,0,0,0,7,0,0,0,0,0,0,0,1,0,0,0
82,0,0,0,0,0,2,0,9,141,74.40071362252668,1.0,1,6,0,0,0,0,0,0,1,0,6,0,0,0,0,0,0,1,0,0,0,7,0,0,0,0,0,0,0,1,0,0,1
83,1,1,1,0,1,0,0,15,174,28.68786323941047,0.9999882054740186,1,4,0,0,0,0,1,0,0,0,2,0,0,1,0,0,0,0,0,0,0,7,0,0,0,0,0,0,0,1,0,0,1
85,0,0,0,0,0,0,0,4,93,18.657876779824782,0.7888282411212041,1,6,0,0,0,0,0,0,1,0,6,0,0,0,0,0,0,1,0,0,0,7,0,0,0,0,0,0,0,1,0,0,0
86,0,1,1,0,0,1,0,12,159,25.594028840656172,0.9997398595849684,1,6,0,0,0,0,0,0,1,0,6,0,0,0,0,0,0,1,0,0,0,7,0,0,0,0,0,0,0,1,0,0,0
89,0,1,1,0,0,0,0,16,133,8.456793789729335,0.00013867951985461975,0,6,0,0,0,0,0,0,1,0,6,0,0,0,0,0,0,1,0,0,0,7,0,0,0,0,0,0,0,1,0,0,0
91,1,1,0,1,0,1,0,7,157,103.27005855821173,1.0,1,4,0,0,0,0,1,0,0,0,9,0,0,0,0,0,0,0,0,0,1,7,0,0,0,0,0,0,0,1,0,0,1
92,0,1,1,0,1,0,0,17,99,5.251138387453016,5.6217518007304784e-06,0,4,0,0,0,0,1,0,0,0,2,0,0,1,0,0,0,0,0,0,0,7,0,0,0,0,0,0,0,1,0,0,0
93,1,0,1,1,0,0,0,8,94,21.82070991232263,0.9888014573617596,1,2,0,0,1,0,0,0,0,0,8,0,0,0,0,0,0,0,0,1,0,7,0,0,0,0,0,0,0,1,0,0,1
95,0,0,0,1,0,0,1,4,106,38.081550793479536,0.9999999990181188,1,7,0,0,0,0,0,0,0,1,0,1,0,0,0,0,0,0,0,0,0,7,0,0,0,0,0,0,0,1,0,0,0
96,0,0,0,0,0,0,0,30,156,212.64565918458257,1.0,1,6,0,0,0,0,0,0,1,0,6,0,0,0,0,0,0,1,0,0,0,7,0,0,0,0,0,0,0,1,0,0,0
97,1,1,1,0,1,0,0,13,121,18.96730378868253,0.8357999500022814,1,4,0,0,0,0,1,0,0,0,9,0,0,0,0,0,0,0,0,0,1,7,0,0,0,0,0,0,0,1,0,0,1
98,1,1,1,0,1,0,0,22,148,46.283274463003,0.9999999999997308,1,4,0,0,0,0,1,0,0,0,6,0,0,0,0,0,0,1,0,0,0,7,0,0,0,0,0,0,0,1,0,0,1
100,0,1,1,0,1,0,1,10,141,22.117580587532352,0.9916539065891916,1,6,0,0,0,0,0,0,1,0,6,0,0,0,0,0,0,1,0,0,0,7,0,0,0,0,0,0,0,1,0,0,1
102,0,1,1,0,1,0,0,22,162,16.218816537537734,0.2457918294066751,0,4,0,0,0,0,1,0,0,0,9,0,0,0,0,0,0,0,0,0,1,7,0,0,0,0,0,0,0,1,0,0,1
104,1,1,1,0,0,0,0,14,171,108.56355783190928,1.0,1,4,0,0,0,0,1,0,0,0,9,0,0,0,0,0,0,0,0,0,1,7,0,0,0,0,0,0,0,1,0,0,1
105,1,0,0,0,0,0,0,7,54,17.005979037926444,0.41726258399502203,0,5,0,0,0,0,0,1,0,0,1,0,1,0,0,0,0,0,0,0,0,7,0,0,0,0,0,0,0,1,0,0,1
107,1,1,1,0,0,0,0,14,114,79.10983384066839,1.0,1,4,0,0,0,0,1,0,0,0,9,0,0,0,0,0,0,0,0,0,1,7,0,0,0,0,0,0,0,1,0,0,1
109,0,1,1,1,0,0,0,8,100,16.517014383993036,0.30513026426811185,0,6,0,0,0,0,0,0,1,0,6,0,0,0,0,0,0,1,0,0,0,7,0,0,0,0,0,0,0,1,0,0,0
110,0,1,1,0,0,0,0,5,90,7.198283456623142,3.9399558641650944e-05,0,7,0,0,0,0,0,0,0,1,6,0,0,0,0,0,0,1,0,0,0,7,0,0,0,0,0,0,0,1,0,0,0
112,1,1,1,0,0,0,0,31,97,34.51089299803581,0.9999999651039791,1,1,0,1,0,0,0,0,0,0,6,0,0,0,0,0,0,1,0,0,0,7,0,0,0,0,0,0,0,1,0,0,1
113,1,1,1,0,0,0,0,13,119,77.83840229358094,1.0,1,4,0,0,0,0,1,0,0,0,9,0,0,0,0,0,0,0,0,0,1,7,0,0,0,0,0,0,0,1,0,0,1
114,1,0,0,0,0,0,1,2,113,126.03258498653808,1.0,1,0,1,0,0,0,0,0,0,0,6,0,0,0,0,0,0,1,0,0,0,7,0,0,0,0,0,0,0,1,0,0,1
117,0,0,0,0,0,0,7,0,152,49.85521273854828,0.9999999999999925,1,6,0,0,0,0,0,0,1,0,6,0,0,0,0,0,0,1,0,0,0,7,0,0,0,0,0,0,0,1,0,0,1
118,1,0,0,0,0,0,2,10,129,50.21042660367445,0.9999999999999948,1,6,0,0,0,0,0,0,1,0,6,0,0,0,0,0,0,1,0,0,0,7,0,0,0,0,0,0,0,1,0,0,1
119,0,0,0,0,0,0,2,11,90,35.882346757152426,0.9999999911455596,1,6,0,0,0,0,0,0,1,0,6,0,0,0,0,0,0,1,0,0,0,7,0,0,0,0,0,0,0,1,0,0,0
120,1,1,1,0,1,0,0,18,155,26.587398408677693,0.9999036472639056,1,4,0,0,0,0,1,0,0,0,9,0,0,0,0,0,0,0,0,0,1,7,0,0,0,0,0,0,0,1,0,0,1
121,1,1,1,0,1,0,0,16,109,33.00420689651644,0.9999998425577408,1,4,0,0,0,0,1,0,0,0,9,0,0,0,0,0,0,0,0,0,1,7,0,0,0,0,0,0,0,1,0,0,1
126,1,1,1,0,0,0,0,12,146,30.24658340083576,0.9999975183474838,1,6,0,0,0,0,0,0,1,0,6,0,0,0,0,0,0,1,0,0,0,7,0,0,0,0,0,0,0,1,0,0,1
128,1,1,1,0,0,0,0,56,99,50.9182550950737,0.9999999999999972,1,4,0,0,0,0,1,0,0,0,9,0,0,0,0,0,0,0,0,0,1,7,0,0,0,0,0,0,0,1,0,0,1
129,1,0,0,0,0,0,0,17,160,150.55773836060087,1.0,1,1,0,1,0,0,0,0,0,0,6,0,0,0,0,0,0,1,0,0,0,7,0,0,0,0,0,0,0,1,0,0,1
130,1,1,0,0,1,0,0,13,152,121.3181778653059,1.0,1,2,0,0,1,0,0,0,0,0,8,0,0,0,0,0,0,0,0,1,0,7,0,0,0,0,0,0,0,1,0,0,1
131,1,0,1,0,0,0,0,42,71,19.495380322409925,0.8961704784218727,1,4,0,0,0,0,1,0,0,0,9,0,0,0,0,0,0,0,0,0,1,7,0,0,0,0,0,0,0,1,0,0,1
132,0,1,1,0,0,0,4,2,56,5.406636643667346,6.567548543750272e-06,0,6,0,0,0,0,0,0,1,0,6,0,0,0,0,0,0,1,0,0,0,7,0,0,0,0,0,0,0,1,0,0,1
133,1,1,0,0,0,0,0,44,89,46.9749967203577,0.9999999999998652,1,4,0,0,0,0,1,0,0,0,9,0,0,0,0,0,0,0,0,0,1,7,0,0,0,0,0,0,0,1,0,0,1
134,1,1,1,1,0,0,0,47,103,33.05648654586462,0.9999998505773091,1,6,0,0,0,0,0,0,1,0,6,0,0,0,0,0,0,1,0,0,0,7,0,0,0,0,0,0,0,1,0,0,1
135,1,1,1,0,0,0,0,12,95,34.811041909144656,0.9999999741522412,1,6,0,0,0,0,0,0,1,0,6,0,0,0,0,0,0,1,0,0,0,7,0,0,0,0,0,0,0,1,0,0,1
136,1,1,1,0,0,0,0,10,84,25.666484997466146,0.9997580373032718,1,4,0,0,0,0,1,0,0,0,9,0,0,0,0,0,0,0,0,0,1,7,0,0,0,0,0,0,0,1,0,0,1
137,1,1,0,0,0,0,0,15,157,122.77345331678472,1.0,1,4,0,0,0,0,1,0,0,0,9,0,0,0,0,0,0,0,0,0,1,7,0,0,0,0,0,0,0,1,0,0,1
138,0,0,0,0,0,0,1,6,163,43.036597100860405,0.9999999999930799,1,4,0,0,0,0,1,0,0,0,9,0,0,0,0,0,0,0,0,0,1,7,0,0,0,0,0,0,0,1,0,0,0
139,1,1,0,1,1,0,0,19,160,47.30573962133656,0.9999999999999032,1,4,0,0,0,0,1,0,0,0,9,0,0,0,0,0,0,0,0,0,1,7,0,0,0,0,0,0,0,1,0,0,1
141,0,0,0,1,0,0,1,3,83,12.085414323771989,0.005196366793825189,0,6,0,0,0,0,0,0,1,0,6,0,0,0,0,0,0,1,0,0,0,7,0,0,0,0,0,0,0,1,0,0,0
143,1,0,0,0,0,0,0,1,107,63.73076165671547,1.0,1,6,0,0,0,0,0,0,1,0,6,0,0,0,0,0,0,1,0,0,0,7,0,0,0,0,0,0,0,1,0,0,1
144,1,0,1,1,1,0,0,10,136,44.6331608394386,0.9999999999985979,1,6,0,0,0,0,0,0,1,0,6,0,0,0,0,0,0,1,0,0,0,7,0,0,0,0,0,0,0,1,0,0,1
145,0,0,0,0,1,0,0,9,163,54.3850660515736,1.0,1,0,1,0,0,0,0,0,0,0,6,0,0,0,0,0,0,1,0,0,0,7,0,0,0,0,0,0,0,1,0,0,1
146,0,0,0,1,0,0,0,4,85,3.582407078259536,1.0596265943661904e-06,0,6,0,0,0,0,0,0,1,0,6,0,0,0,0,0,0,1,0,0,0,7,0,0,0,0,0,0,0,1,0,0,0
149,0,0,0,0,0,0,0,3,125,35.87958603962497,0.9999999911210812,1,6,0,0,0,0,0,0,1,0,6,0,0,0,0,0,0,1,0,0,0,7,0,0,0,0,0,0,0,1,0,0,0
151,0,1,1,1,1,0,0,42,161,27.930197073960198,0.999974839172448,1,2,0,0,1,0,0,0,0,0,6,0,0,0,0,0,0,1,0,0,0,7,0,0,0,0,0,0,0,1,0,0,0
153,0,0,0,0,0,0,0,4,88,8.762381484430005,0.0001882373727307366,0,6,0,0,0,0,0,0,1,0,6,0,0,0,0,0,0,1,0,0,0,7,0,0,0,0,0,0,0,1,0,0,0
156,0,1,1,1,1,0,0,41,152,28.60473087825809,0.9999871830711604,1,6,0,0,0,0,0,0,1,0,6,0,0,0,0,0,0,1,0,0,0,7,0,0,0,0,0,0,0,1,0,0,0
157,0,0,0,0,0,0,0,3,68,3.2866771088769964,7.883500029875344e-07,0,6,0,0,0,0,0,0,1,0,6,0,0,0,0,0,0,1,0,0,0,7,0,0,0,0,0,0,0,1,0,0,0
158,0,1,0,1,0,0,0,4,161,46.87152143882632,0.9999999999998506,1,6,0,0,0,0,0,0,1,0,6,0,0,0,0,0,0,1,0,0,0,7,0,0,0,0,0,0,0,1,0,0,0
159,0,0,0,0,0,0,0,3,84,14.915591104320464,0.08133023341487312,0,6,0,0,0,0,0,0,1,0,6,0,0,0,0,0,0,1,0,0,0,7,0,0,0,0,0,0,0,1,0,0,0
160,0,0,0,0,1,0,0,3,95,7.118777663783784,3.6388465138442375e-05,0,6,0,0,0,0,0,0,1,0,6,0,0,0,0,0,0,1,0,0,0,7,0,0,0,0,0,0,0,1,0,0,1
161,0,0,0,0,0,0,1,8,96,10.832710695659811,0.0014902957159274993,0,6,0,0,0,0,0,0,1,0,6,0,0,0,0,0,0,1,0,0,0,7,0,0,0,0,0,0,0,1,0,0,0
162,0,0,0,0,0,0,0,13,121,20.843047422779442,0.9707743533798046,1,6,0,0,0,0,0,0,1,0,6,0,0,0,0,0,0,1,0,0,0,7,0,0,0,0,0,0,0,1,0,0,0
163,0,0,1,0,0,0,0,10,53,0.8529411764705882,6.914508265289103e-08,0,2,0,0,1,0,0,0,0,0,6,0,0,0,0,0,0,1,0,0,0,7,0,0,0,0,0,0,0,1,0,0,0
164,0,1,1,1,1,0,0,41,161,27.930197073960198,0.999974839172448,1,2,0,0,1,0,0,0,0,0,6,0,0,0,0,0,0,1,0,0,0,7,0,0,0,0,0,0,0,1,0,0,0
165,0,1,1,1,1,0,0,41,152,28.60473087825809,0.9999871830711604,1,6,0,0,0,0,0,0,1,0,6,0,0,0,0,0,0,1,0,0,0,7,0,0,0,0,0,0,0,1,0,0,0
168,0,1,1,1,1,0,0,36,150,21.344032525431114,0.9820848770793466,1,6,0,0,0,0,0,0,1,0,6,0,0,0,0,0,0,1,0,0,0,7,0,0,0,0,0,0,0,1,0,0,0
170,0,0,0,1,0,0,2,6,75,5.713897233303929,8.929843427186369e-06,0,6,0,0,0,0,0,0,1,0,6,0,0,0,0,0,0,1,0,0,0,7,0,0,0,0,0,0,0,1,0,0,0
171,0,1,1,1,1,0,0,40,161,27.930197073960198,0.999974839172448,1,2,0,0,1,0,0,0,0,0,6,0,0,0,0,0,0,1,0,0,0,7,0,0,0,0,0,0,0,1,0,0,0
172,0,1,1,1,1,0,0,40,161,27.930197073960198,0.999974839172448,1,2,0,0,1,0,0,0,0,0,6,0,0,0,0,0,0,1,0,0,0,7,0,0,0,0,0,0,0,1,0,0,0
173,0,1,1,0,1,0,1,18,165,19.775815452315484,0.9195179548233742,1,4,0,0,0,0,1,0,0,0,2,0,0,1,0,0,0,0,0,0,0,7,0,0,0,0,0,0,0,1,0,0,0
174,0,1,1,0,0,0,0,18,152,28.69210237516224,0.9999882553662036,1,4,0,0,0,0,1,0,0,0,9,0,0,0,0,0,0,0,0,0,1,7,0,0,0,0,0,0,0,1,0,0,0
175,0,0,0,0,1,0,6,1,148,34.42185141444179,0.9999999618542488,1,6,0,0,0,0,0,0,1,0,6,0,0,0,0,0,0,1,0,0,0,7,0,0,0,0,0,0,0,1,0,0,0
176,0,1,1,0,0,0,0,9,84,1.295899326019488,1.0768012807352107e-07,0,6,0,0,0,0,0,0,1,0,6,0,0,0,0,0,0,1,0,0,0,7,0,0,0,0,0,0,0,1,0,0,0
178,0,1,1,1,1,0,0,11,155,12.917557847059133,0.011862471178849657,0,4,0,0,0,0,1,0,0,0,9,0,0,0,0,0,0,0,0,0,1,7,0,0,0,0,0,0,0,1,0,0,0
180,0,0,0,0,0,0,0,3,143,14.568362937251004,0.058876238568345875,0,6,0,0,0,0,0,0,1,0,6,0,0,0,0,0,0,1,0,0,0,7,0,0,0,0,0,0,0,1,0,0,0
182,0,0,0,0,0,0,0,3,147,69.04852402282935,1.0,1,6,0,0,0,0,0,0,1,0,6,0,0,0,0,0,0,1,0,0,0,7,0,0,0,0,0,0,0,1,0,0,0
183,0,1,1,0,1,3,0,7,136,13.819634417058456,0.0287382898707963,0,4,0,0,0,0,1,0,0,0,9,0,0,0,0,0,0,0,0,0,1,7,0,0,0,0,0,0,0,1,0,0,0
184,0,0,0,0,0,0,0,6,150,89.10284680629907,1.0,1,6,0,0,0,0,0,0,1,0,6,0,0,0,0,0,0,1,0,0,0,7,0,0,0,0,0,0,0,1,0,0,0
185,0,0,0,0,0,0,0,6,90,10.389398726284721,0.0009571419264615857,0,4,0,0,0,0,1,0,0,0,9,0,0,0,0,0,0,0,0,0,1,7,0,0,0,0,0,0,0,1,0,0,0
187,0,0,0,1,0,0,0,4,39,1.964559219711324,2.1015069035563073e-07,0,6,0,0,0,0,0,0,1,0,6,0,0,0,0,0,0,1,0,0,0,7,0,0,0,0,0,0,0,1,0,0,0
190,0,1,1,0,0,0,0,5,46,0.0,2.9466847194873094e-08,0,6,0,0,0,0,0,0,1,0,6,0,0,0,0,0,0,1,0,0,0,7,0,0,0,0,0,0,0,1,0,0,0
191,0,0,0,0,0,0,0,3,126,28.816023532681914,0.999989624195042,1,6,0,0,0,0,0,0,1,0,6,0,0,0,0,0,0,1,0,0,0,7,0,0,0,0,0,0,0,1,0,0,0
193,0,0,0,0,0,0,0,6,116,26.719129778991213,0.9999155384573782,1,6,0,0,0,0,0,0,1,0,6,0,0,0,0,0,0,1,0,0,0,7,0,0,0,0,0,0,0,1,0,0,0
194,0,0,0,0,0,0,0,3,93,18.087806126262343,0.6787004772759729,1,6,0,0,0,0,0,0,1,0,6,0,0,0,0,0,0,1,0,0,0,7,0,0,0,0,0,0,0,1,0,0,0
195,0,1,1,1,0,0,1,31,148,7.955915591309671,8.404413702361829e-05,0,6,0,0,0,0,0,0,1,0,6,0,0,0,0,0,0,1,0,0,0,7,0,0,0,0,0,0,0,1,0,0,0
196,1,0,1,0,1,0,0,11,178,81.67518349216836,1.0,1,6,0,0,0,0,0,0,1,0,6,0,0,0,0,0,0,1,0,0,0,7,0,0,0,0,0,0,0,1,0,0,1
197,1,1,1,0,0,0,0,7,169,91.4884537696623,1.0,1,4,0,0,0,0,1,0,0,0,9,0,0,0,0,0,0,0,0,0,1,7,0,0,0,0,0,0,0,1,0,0,1
198,0,1,0,1,0,0,0,4,121,23.03061105845139,0.9966338408270864,1,4,0,0,0,0,1,0,0,0,9,0,0,0,0,0,0,0,0,0,1,7,0,0,0,0,0,0,0,1,0,0,1
199,1,0,1,0,0,0,0,16,170,121.79801248567095,1.0,1,4,0,0,0,0,1,0,0,0,9,0,0,0,0,0,0,0,0,0,1,7,0,0,0,0,0,0,0,1,0,0,1
201,1,0,1,1,0,1,4,4,125,60.3722495300111,1.0,1,6,0,0,0,0,0,0,1,0,6,0,0,0,0,0,0,1,0,0,0,7,0,0,0,0,0,0,0,1,0,0,1
203,1,0,0,0,0,0,6,5,154,121.89965949844591,1.0,1,2,0,0,1,0,0,0,0,0,6,0,0,0,0,0,0,1,0,0,0,7,0,0,0,0,0,0,0,1,0,0,1
204,1,1,1,1,0,0,0,14,109,8.931923540540724,0.00022300876260305903,0,1,0,1,0,0,0,0,0,0,4,0,0,0,0,1,0,0,0,0,0,7,0,0,0,0,0,0,0,1,0,0,1
205,1,1,1,0,0,0,0,15,130,31.64938555093529,0.9999993897433076,1,1,0,1,0,0,0,0,0,0,4,0,0,0,0,1,0,0,0,0,0,7,0,0,0,0,0,0,0,1,0,0,1
208,1,1,0,0,0,0,0,11,173,142.46754781234569,1.0,1,4,0,0,0,0,1,0,0,0,9,0,0,0,0,0,0,0,0,0,1,8,0,0,0,0,0,0,0,0,1,0,1
209,1,1,1,0,1,0,0,14,127,8.855121513133922,0.00020652583714729053,0,6,0,0,0,0,0,0,1,0,6,0,0,0,0,0,0,1,0,0,0,7,0,0,0,0,0,0,0,1,0,0,1
210,1,1,1,0,0,0,0,13,185,148.7771232725733,1.0,1,6,0,0,0,0,0,0,1,0,6,0,0,0,0,0,0,1,0,0,0,7,0,0,0,0,0,0,0,1,0,0,1
211,1,0,0,0,0,0,0,6,157,149.17351812467936,1.0,1,6,0,0,0,0,0,0,1,0,6,0,0,0,0,0,0,1,0,0,0,7,0,0,0,0,0,0,0,1,0,0,1
212,1,1,0,0,1,0,0,22,125,17.90246945890852,0.6370237326614308,1,1,0,1,0,0,0,0,0,0,6,0,0,0,0,0,0,1,0,0,0,7,0,0,0,0,0,0,0,1,0,0,1
213,0,0,0,0,0,0,0,1,115,21.423125204019325,0.9834246636150146,1,6,0,0,0,0,0,0,1,0,6,0,0,0,0,0,0,1,0,0,0,7,0,0,0,0,0,0,0,1,0,0,0
215,0,0,0,1,0,1,0,9,162,63.86865209037943,1.0,1,4,0,0,0,0,1,0,0,0,9,0,0,0,0,0,0,0,0,0,1,7,0,0,0,0,0,0,0,1,0,0,1
216,1,1,1,0,1,0,0,15,176,101.56433934479713,1.0,1,6,0,0,0,0,0,0,1,0,6,0,0,0,0,0,0,1,0,0,0,7,0,0,0,0,0,0,0,1,0,0,1
218,1,1,1,0,1,0,0,4,147,2.587467573756133,3.917927570167832e-07,0,6,0,0,0,0,0,0,1,0,6,0,0,0,0,0,0,1,0,0,0,7,0,0,0,0,0,0,0,1,0,0,1
219,1,1,1,0,0,0,0,13,120,21.895420759580194,0.9895992357480266,1,1,0,1,0,0,0,0,0,0,4,0,0,0,0,1,0,0,0,0,0,7,0,0,0,0,0,0,0,1,0,0,1
220,1,1,1,0,0,0,0,13,113,24.39864853857293,0.999140799376488,1,1,0,1,0,0,0,0,0,0,6,0,0,0,0,0,0,1,0,0,0,7,0,0,0,0,0,0,0,1,0,0,1
221,1,0,0,0,0,0,0,6,109,44.4832838026029,0.9999999999983712,1,6,0,0,0,0,0,0,1,0,6,0,0,0,0,0,0,1,0,0,0,7,0,0,0,0,0,0,0,1,0,0,1
222,1,1,1,1,1,0,0,23,159,15.073374833692595,0.09392502776967968,0,6,0,0,0,0,0,0,1,0,6,0,0,0,0,0,0,1,0,0,0,7,0,0,0,0,0,0,0,1,0,0,1
225,1,0,1,0,0,0,0,8,118,42.43736580452164,0.9999999999874004,1,6,0,0,0,0,0,0,1,0,6,0,0,0,0,0,0,1,0,0,0,7,0,0,0,0,0,0,0,1,0,0,1
226,1,1,1,0,0,0,0,16,163,79.31258607502497,1.0,1,4,0,0,0,0,1,0,0,0,2,0,0,1,0,0,0,0,0,0,0,7,0,0,0,0,0,0,0,1,0,0,1
229,1,1,1,0,0,0,0,13,157,96.24455627909228,1.0,1,6,0,0,0,0,0,0,1,0,6,0,0,0,0,0,0,1,0,0,0,7,0,0,0,0,0,0,0,1,0,0,1
231,1,1,1,0,0,0,0,31,158,62.16567386497164,1.0,1,1,0,1,0,0,0,0,0,0,4,0,0,0,0,1,0,0,0,0,0,7,0,0,0,0,0,0,0,1,0,0,1
232,1,0,0,0,0,0,0,5,166,131.9577393683749,1.0,1,6,0,0,0,0,0,0,1,0,6,0,0,0,0,0,0,1,0,0,0,7,0,0,0,0,0,0,0,1,0,0,1
235,1,0,1,0,0,0,0,15,101,18.408526363479933,0.7443165699101287,1,1,0,1,0,0,0,0,0,0,4,0,0,0,0,1,0,0,0,0,0,7,0,0,0,0,0,0,0,1,0,0,1
237,1,1,1,0,1,1,0,20,135,1.4807064348312269,1.2953772380596252e-07,0,6,0,0,0,0,0,0,1,0,6,0,0,0,0,0,0,1,0,0,0,7,0,0,0,0,0,0,0,1,0,0,1
238,1,0,0,0,0,0,0,6,157,149.17351812467936,1.0,1,6,0,0,0,0,0,0,1,0,6,0,0,0,0,0,0,1,0,0,0,7,0,0,0,0,0,0,0,1,0,0,1
240,1,0,0,0,0,0,0,2,53,4.957007408612198,4.189216725138402e-06,0,1,0,1,0,0,0,0,0,0,6,0,0,0,0,0,0,1,0,0,0,7,0,0,0,0,0,0,0,1,0,0,1
241,0,0,0,0,0,0,0,9,114,16.591106211168356,0.3210623864611086,0,6,0,0,0,0,0,0,1,0,6,0,0,0,0,0,0,1,0,0,0,7,0,0,0,0,0,0,0,1,0,0,1
242,0,0,0,0,0,0,0,7,142,80.2716677612788,1.0,1,7,0,0,0,0,0,0,0,1,0,1,0,0,0,0,0,0,0,0,0,7,0,0,0,0,0,0,0,1,0,0,1
243,1,1,1,0,0,0,0,8,113,22.515478144727997,0.9943782694569804,1,2,0,0,1,0,0,0,0,0,6,0,0,0,0,0,0,1,0,0,0,7,0,0,0,0,0,0,0,1,0,0,1
244,1,1,1,0,0,0,0,6,86,9.759337794379695,0.0005099630434275372,0,6,0,0,0,0,0,0,1,0,6,0,0,0,0,0,0,1,0,0,0,7,0,0,0,0,0,0,0,1,0,0,1
245,1,1,1,0,1,0,1,6,164,71.45330719928447,1.0,1,4,0,0,0,0,1,0,0,0,2,0,0,1,0,0,0,0,0,0,0,7,0,0,0,0,0,0,0,1,0,0,1
246,1,0,1,0,1,0,0,5,127,59.88826970980201,1.0,1,6,0,0,0,0,0,0,1,0,6,0,0,0,0,0,0,1,0,0,0,7,0,0,0,0,0,0,0,1,0,0,0
247,1,1,1,0,0,0,0,10,128,44.68568339576727,0.9999999999986696,1,4,0,0,0,0,1,0,0,0,9,0,0,0,0,0,0,0,0,0,1,7,0,0,0,0,0,0,0,1,0,0,1
248,1,1,1,0,1,0,0,14,169,75.86086851983171,1.0,1,4,0,0,0,0,1,0,0,0,9,0,0,0,0,0,0,0,0,0,1,5,0,0,0,0,0,1,0,0,0,0,1
249,1,0,1,0,1,0,0,9,117,46.516928330502566,0.9999999999997868,1,6,0,0,0,0,0,0,1,0,6,0,0,0,0,0,0,1,0,0,0,7,0,0,0,0,0,0,0,1,0,0,1
251,0,1,1,0,0,0,0,8,111,15.030822210243125,0.0903657074170421,0,4,0,0,0,0,1,0,0,0,9,0,0,0,0,0,0,0,0,0,1,7,0,0,0,0,0,0,0,1,0,0,0
252,1,0,0,0,0,0,0,8,157,42.51888635717099,0.9999999999883868,1,6,0,0,0,0,0,0,1,0,6,0,0,0,0,0,0,1,0,0,0,7,0,0,0,0,0,0,0,1,0,0,1
253,1,1,1,0,0,0,0,6,98,39.86602494321289,0.9999999998351564,1,6,0,0,0,0,0,0,1,0,6,0,0,0,0,0,0,1,0,0,0,7,0,0,0,0,0,0,0,1,0,0,1
254,0,1,1,0,0,0,0,69,142,122.23318079735523,1.0,1,6,0,0,0,0,0,0,1,0,6,0,0,0,0,0,0,1,0,0,0,7,0,0,0,0,0,0,0,1,0,0,0
256,0,1,1,0,0,0,0,21,113,15.047420107685927,0.09173935838747348,0,4,0,0,0,0,1,0,0,0,2,0,0,1,0,0,0,0,0,0,0,7,0,0,0,0,0,0,0,1,0,0,0
258,1,1,0,1,0,0,2,15,143,42.596842577614495,0.9999999999892576,1,4,0,0,0,0,1,0,0,0,9,0,0,0,0,0,0,0,0,0,1,7,0,0,0,0,0,0,0,1,0,0,1
260,0,0,0,0,1,0,1,4,89,22.280937869049048,0.9929028382998302,1,1,0,1,0,0,0,0,0,0,4,0,0,0,0,1,0,0,0,0,0,7,0,0,0,0,0,0,0,1,0,0,1
261,1,1,1,0,1,0,0,9,118,39.86602494321289,0.9999999998351564,1,6,0,0,0,0,0,0,1,0,6,0,0,0,0,0,0,1,0,0,0,7,0,0,0,0,0,0,0,1,0,0,1
262,1,1,1,0,0,0,0,12,130,45.886950094061525,0.9999999999996,1,2,0,0,1,0,0,0,0,0,6,0,0,0,0,0,0,1,0,0,0,7,0,0,0,0,0,0,0,1,0,0,1
263,0,0,0,1,0,0,0,4,61,5.56177299533392,7.66968759347199e-06,0,2,0,0,1,0,0,0,0,0,3,0,0,0,1,0,0,0,0,0,0,7,0,0,0,0,0,0,0,1,0,0,1
264,0,1,1,1,0,1,1,11,94,4.342559979055652,2.2661180804694483e-06,0,6,0,0,0,0,0,0,1,0,6,0,0,0,0,0,0,1,0,0,0,7,0,0,0,0,0,0,0,1,0,0,0
265,0,1,1,0,0,0,0,70,142,122.23318079735523,1.0,1,6,0,0,0,0,0,0,1,0,6,0,0,0,0,0,0,1,0,0,0,7,0,0,0,0,0,0,0,1,0,0,0
266,1,1,1,0,0,0,0,5,84,16.340034984594787,0.2689482998144111,0,6,0,0,0,0,0,0,1,0,6,0,0,0,0,0,0,1,0,0,0,7,0,0,0,0,0,0,0,1,0,0,1
267,0,0,0,1,0,0,0,7,148,51.52457992873957,0.9999999999999988,1,4,0,0,0,0,1,0,0,0,9,0,0,0,0,0,0,0,0,0,1,7,0,0,0,0,0,0,0,1,0,0,0
268,0,1,1,0,1,0,0,18,139,16.18810091442851,0.24014237828732146,0,4,0,0,0,0,1,0,0,0,9,0,0,0,0,0,0,0,0,0,1,7,0,0,0,0,0,0,0,1,0,0,0
269,1,0,1,0,0,0,0,10,121,39.86602494321289,0.9999999998351564,1,6,0,0,0,0,0,0,1,0,6,0,0,0,0,0,0,1,0,0,0,7,0,0,0,0,0,0,0,1,0,0,1
270,1,1,1,0,0,0,0,5,105,45.925494680680806,0.999999999999615,1,1,0,1,0,0,0,0,0,0,6,0,0,0,0,0,0,1,0,0,0,7,0,0,0,0,0,0,0,1,0,0,1
271,0,1,1,0,0,0,0,68,142,122.23318079735523,1.0,1,6,0,0,0,0,0,0,1,0,6,0,0,0,0,0,0,1,0,0,0,7,0,0,0,0,0,0,0,1,0,0,0
272,0,1,1,0,0,0,0,69,142,122.23318079735523,1.0,1,6,0,0,0,0,0,0,1,0,6,0,0,0,0,0,0,1,0,0,0,7,0,0,0,0,0,0,0,1,0,0,0
273,0,1,1,1,0,2,0,13,161,43.71992061219403,0.999999999996506,1,4,0,0,0,0,1,0,0,0,9,0,0,0,0,0,0,0,0,0,1,7,0,0,0,0,0,0,0,1,0,0,0
274,1,0,0,0,0,0,0,0,96,55.39465757641972,1.0,1,6,0,0,0,0,0,0,1,0,6,0,0,0,0,0,0,1,0,0,0,7,0,0,0,0,0,0,0,1,0,0,0
276,1,1,1,0,1,0,0,6,107,39.86602494321289,0.9999999998351564,1,6,0,0,0,0,0,0,1,0,6,0,0,0,0,0,0,1,0,0,0,7,0,0,0,0,0,0,0,1,0,0,1
277,1,1,1,0,0,0,0,12,126,39.86602494321289,0.9999999998351564,1,6,0,0,0,0,0,0,1,0,6,0,0,0,0,0,0,1,0,0,0,7,0,0,0,0,0,0,0,1,0,0,1
279,0,0,0,0,0,0,0,1,58,11.037221951644652,0.0018278633103853692,0,6,0,0,0,0,0,0,1,0,6,0,0,0,0,0,0,1,0,0,0,7,0,0,0,0,0,0,0,1,0,0,0
280,0,1,1,1,0,0,6,13,119,7.341160911561562,4.54505998198621e-05,0,4,0,0,0,0,1,0,0,0,2,0,0,1,0,0,0,0,0,0,0,7,0,0,0,0,0,0,0,1,0,0,0
281,0,1,1,0,0,0,0,88,133,116.49507939181628,1.0,1,6,0,0,0,0,0,0,1,0,6,0,0,0,0,0,0,1,0,0,0,7,0,0,0,0,0,0,0,1,0,0,1
283,1,1,1,0,0,0,0,10,130,51.18988059040511,0.9999999999999979,1,4,0,0,0,0,1,0,0,0,9,0,0,0,0,0,0,0,0,0,1,7,0,0,0,0,0,0,0,1,0,0,1
285,1,1,1,0,0,0,0,12,121,39.86602494321289,0.9999999998351564,1,6,0,0,0,0,0,0,1,0,6,0,0,0,0,0,0,1,0,0,0,7,0,0,0,0,0,0,0,1,0,0,1
287,1,1,1,0,1,0,0,10,112,46.85270866819829,0.9999999999998476,1,6,0,0,0,0,0,0,1,0,6,0,0,0,0,0,0,1,0,0,0,7,0,0,0,0,0,0,0,1,0,0,1
289,1,1,1,0,1,0,0,6,126,45.0313276419121,0.9999999999990584,1,2,0,0,1,0,0,0,0,0,6,0,0,0,0,0,0,1,0,0,0,7,0,0,0,0,0,0,0,1,0,0,1
290,0,0,0,0,0,0,2,3,75,12.623948251538401,0.008871047649166306,0,6,0,0,0,0,0,0,1,0,6,0,0,0,0,0,0,1,0,0,0,7,0,0,0,0,0,0,0,1,0,0,0
291,0,1,0,1,0,0,0,8,131,28.79739517378293,0.9999894291013708,1,6,0,0,0,0,0,0,1,0,6,0,0,0,0,0,0,1,0,0,0,7,0,0,0,0,0,0,0,1,0,0,0
293,1,1,1,0,0,0,0,14,126,45.85654725707178,0.9999999999995874,1,6,0,0,0,0,0,0,1,0,6,0,0,0,0,0,0,1,0,0,0,7,0,0,0,0,0,0,0,1,0,0,1
294,0,0,0,0,0,0,0,5,92,20.651446519659,0.964819412911982,1,6,0,0,0,0,0,0,1,0,6,0,0,0,0,0,0,1,0,0,0,7,0,0,0,0,0,0,0,1,0,0,0
296,0,0,0,0,0,0,0,6,127,31.41784262951828,0.9999992307450584,1,6,0,0,0,0,0,0,1,0,6,0,0,0,0,0,0,1,0,0,0,7,0,0,0,0,0,0,0,1,0,0,0
297,0,0,0,0,0,0,0,93,136,450.4897091365949,1.0,1,6,0,0,0,0,0,0,1,0,6,0,0,0,0,0,0,1,0,0,0,7,0,0,0,0,0,0,0,1,0,0,0
298,0,0,0,0,1,0,0,6,68,4.478432235616313,2.5959179646262114e-06,0,4,0,0,0,0,1,0,0,0,9,0,0,0,0,0,0,0,0,0,1,5,0,0,0,0,0,1,0,0,0,0,0
299,0,0,0,1,0,1,0,5,131,13.087626295855811,0.01403075157423895,0,0,1,0,0,0,0,0,0,0,6,0,0,0,0,0,0,1,0,0,0,7,0,0,0,0,0,0,0,1,0,0,0
301,0,1,0,1,0,0,0,5,140,18.17923769380854,0.6983046412220684,1,6,0,0,0,0,0,0,1,0,6,0,0,0,0,0,0,1,0,0,0,7,0,0,0,0,0,0,0,1,0,0,0
302,1,1,1,0,0,0,2,4,56,3.9119832639630414,1.4732816809740694e-06,0,6,0,0,0,0,0,0,1,0,6,0,0,0,0,0,0,1,0,0,0,7,0,0,0,0,0,0,0,1,0,0,0
303,0,1,1,0,0,0,0,5,118,22.89122434302885,0.996132316482226,1,6,0,0,0,0,0,0,1,0,6,0,0,0,0,0,0,1,0,0,0,7,0,0,0,0,0,0,0,1,0,0,0
307,0,0,0,0,0,3,2,18,121,4.697331717281361,3.23115301488187e-06,0,6,0,0,0,0,0,0,1,0,6,0,0,0,0,0,0,1,0,0,0,7,0,0,0,0,0,0,0,1,0,0,0
309,0,0,0,1,0,0,0,9,125,30.68091381933487,0.9999983926367054,1,2,0,0,1,0,0,0,0,0,8,0,0,0,0,0,0,0,0,1,0,7,0,0,0,0,0,0,0,1,0,0,0
310,1,1,1,1,0,0,0,23,155,49.25639631729678,0.9999999999999862,1,2,0,0,1,0,0,0,0,0,8,0,0,0,0,0,0,0,0,1,0,7,0,0,0,0,0,0,0,1,0,0,1
312,0,0,0,0,0,1,0,1,37,1.822678971453946,1.8235304687378627e-07,0,6,0,0,0,0,0,0,1,0,6,0,0,0,0,0,0,1,0,0,0,7,0,0,0,0,0,0,0,1,0,0,0
313,1,1,1,1,0,0,0,21,149,44.536140789189254,0.9999999999984552,1,6,0,0,0,0,0,0,1,0,6,0,0,0,0,0,0,1,0,0,0,7,0,0,0,0,0,0,0,1,0,0,1
314,0,1,1,0,0,1,0,16,125,16.58389623061261,0.319492777117129,0,6,0,0,0,0,0,0,1,0,6,0,0,0,0,0,0,1,0,0,0,7,0,0,0,0,0,0,0,1,0,0,0
315,0,0,0,1,0,0,0,5,102,11.569466068360484,0.0031083999438499942,0,6,0,0,0,0,0,0,1,0,6,0,0,0,0,0,0,1,0,0,0,7,0,0,0,0,0,0,0,1,0,0,0
316,0,1,1,0,0,0,0,9,141,19.975533735772398,0.933113752445402,1,6,0,0,0,0,0,0,1,0,6,0,0,0,0,0,0,1,0,0,0,7,0,0,0,0,0,0,0,1,0,0,1
318,1,0,0,1,0,0,0,2,119,67.72243292658268,1.0,1,6,0,0,0,0,0,0,1,0,6,0,0,0,0,0,0,1,0,0,0,7,0,0,0,0,0,0,0,1,0,0,0
320,1,1,0,0,0,0,0,0,144,100.92388021181732,1.0,1,6,0,0,0,0,0,0,1,0,6,0,0,0,0,0,0,1,0,0,0,7,0,0,0,0,0,0,0,1,0,0,0
321,0,1,0,0,0,0,0,2,155,101.4140649029018,1.0,1,6,0,0,0,0,0,0,1,0,6,0,0,0,0,0,0,1,0,0,0,7,0,0,0,0,0,0,0,1,0,0,0
322,1,1,1,0,0,0,0,15,154,70.20701965887693,1.0,1,4,0,0,0,0,1,0,0,0,2,0,0,1,0,0,0,0,0,0,0,3,0,0,0,1,0,0,0,0,0,0,1
327,0,0,0,0,0,3,0,9,111,5.355776399631304,6.2418756097389925e-06,0,6,0,0,0,0,0,0,1,0,6,0,0,0,0,0,0,1,0,0,0,7,0,0,0,0,0,0,0,1,0,0,0
328,1,0,0,0,0,0,0,5,55,9.535204573314674,0.0004076086160292813,0,6,0,0,0,0,0,0,1,0,6,0,0,0,0,0,0,1,0,0,0,7,0,0,0,0,0,0,0,1,0,0,0
329,1,0,0,1,0,0,0,6,149,78.78284886932775,1.0,1,6,0,0,0,0,0,0,1,0,6,0,0,0,0,0,0,1,0,0,0,7,0,0,0,0,0,0,0,1,0,0,1
330,0,0,0,0,0,0,0,3,91,2.9086586565547026,5.401916334206239e-07,0,6,0,0,0,0,0,0,1,0,6,0,0,0,0,0,0,1,0,0,0,7,0,0,0,0,0,0,0,1,0,0,0
331,0,1,0,1,0,0,0,11,173,21.891254583865692,0.9895562674336368,1,6,0,0,0,0,0,0,1,0,6,0,0,0,0,0,0,1,0,0,0,7,0,0,0,0,0,0,0,1,0,0,0
332,0,1,1,0,1,0,0,19,137,14.190809182544957,0.041123174088863665,0,6,0,0,0,0,0,0,1,0,6,0,0,0,0,0,0,1,0,0,0,7,0,0,0,0,0,0,0,1,0,0,0
334,1,0,0,1,0,0,0,3,147,151.9201640205292,1.0,1,6,0,0,0,0,0,0,1,0,6,0,0,0,0,0,0,1,0,0,0,7,0,0,0,0,0,0,0,1,0,0,0
335,0,0,0,0,0,0,0,6,112,47.33163433423725,0.9999999999999056,1,6,0,0,0,0,0,0,1,0,6,0,0,0,0,0,0,1,0,0,0,7,0,0,0,0,0,0,0,1,0,0,0
336,0,0,0,1,0,0,0,3,152,69.56044964953026,1.0,1,6,0,0,0,0,0,0,1,0,6,0,0,0,0,0,0,1,0,0,0,7,0,0,0,0,0,0,0,1,0,0,0
337,0,0,1,1,0,0,0,7,167,34.915691146609525,0.9999999767204644,1,4,0,0,0,0,1,0,0,0,2,0,0,1,0,0,0,0,0,0,0,7,0,0,0,0,0,0,0,1,0,0,0
338,1,1,1,1,0,0,0,19,149,44.536140789189254,0.9999999999984552,1,6,0,0,0,0,0,0,1,0,6,0,0,0,0,0,0,1,0,0,0,7,0,0,0,0,0,0,0,1,0,0,1
340,1,1,1,0,0,0,0,76,138,157.56306091674494,1.0,1,6,0,0,0,0,0,0,1,0,6,0,0,0,0,0,0,1,0,0,0,7,0,0,0,0,0,0,0,1,0,0,1
341,0,0,1,1,0,0,0,0,149,43.24291864745701,0.99999999999437,1,6,0,0,0,0,0,0,1,0,6,0,0,0,0,0,0,1,0,0,0,7,0,0,0,0,0,0,0,1,0,0,0
344,0,1,1,0,0,0,2,8,157,23.510003334468013,0.997913135085119,1,4,0,0,0,0,1,0,0,0,2,0,0,1,0,0,0,0,0,0,0,3,0,0,0,1,0,0,0,0,0,0,0
345,0,0,0,0,1,0,0,10,68,1.6624690872087486,1.5535840978259694e-07,0,5,0,0,0,0,0,1,0,0,1,0,1,0,0,0,0,0,0,0,0,7,0,0,0,0,0,0,0,1,0,0,0
346,1,0,0,1,0,0,0,10,149,102.31367570100905,1.0,1,4,0,0,0,0,1,0,0,0,9,0,0,0,0,0,0,0,0,0,1,0,1,0,0,0,0,0,0,0,0,0,0
347,0,0,0,1,0,0,0,8,129,42.732009518342025,0.999999999990616,1,6,0,0,0,0,0,0,1,0,6,0,0,0,0,0,0,1,0,0,0,7,0,0,0,0,0,0,0,1,0,0,0
348,0,1,1,0,0,0,0,6,76,3.7344914696514886,1.233679039418511e-06,0,6,0,0,0,0,0,0,1,0,6,0,0,0,0,0,0,1,0,0,0,7,0,0,0,0,0,0,0,1,0,0,0
349,0,1,1,1,0,0,0,20,152,55.5794475644009,1.0,1,6,0,0,0,0,0,0,1,0,6,0,0,0,0,0,0,1,0,0,0,7,0,0,0,0,0,0,0,1,0,0,1
352,1,0,0,0,0,0,0,3,68,34.99086314645705,0.999999978406277,1,6,0,0,0,0,0,0,1,0,6,0,0,0,0,0,0,1,0,0,0,7,0,0,0,0,0,0,0,1,0,0,0
353,0,1,1,0,0,0,0,16,152,27.298589151738554,0.9999526827894892,1,6,0,0,0,0,0,0,1,0,6,0,0,0,0,0,0,1,0,0,0,7,0,0,0,0,0,0,0,1,0,0,1
354,1,1,1,1,0,0,0,13,104,2.409789430436067,3.280135568431464e-07,0,2,0,0,1,0,0,0,0,0,6,0,0,0,0,0,0,1,0,0,0,7,0,0,0,0,0,0,0,1,0,0,1
355,0,1,1,1,0,0,0,20,153,55.5794475644009,1.0,1,6,0,0,0,0,0,0,1,0,6,0,0,0,0,0,0,1,0,0,0,7,0,0,0,0,0,0,0,1,0,0,1
356,1,1,1,1,0,0,1,22,182,70.50328578411472,1.0,1,2,0,0,1,0,0,0,0,0,8,0,0,0,0,0,0,0,0,1,0,7,0,0,0,0,0,0,0,1,0,0,1
358,0,1,1,1,0,0,4,14,152,34.36920273128141,0.9999999597921172,1,6,0,0,0,0,0,0,1,0,6,0,0,0,0,0,0,1,0,0,0,7,0,0,0,0,0,0,0,1,0,0,0
360,1,1,1,1,0,0,0,21,152,55.5794475644009,1.0,1,6,0,0,0,0,0,0,1,0,6,0,0,0,0,0,0,1,0,0,0,7,0,0,0,0,0,0,0,1,0,0,1
361,0,1,0,1,0,0,1,11,181,41.68116858825029,0.9999999999731609,1,2,0,0,1,0,0,0,0,0,8,0,0,0,0,0,0,0,0,1,0,7,0,0,0,0,0,0,0,1,0,0,0
363,0,1,1,0,0,0,1,16,111,3.125281654953596,6.708508425964876e-07,0,4,0,0,0,0,1,0,0,0,9,0,0,0,0,0,0,0,0,0,1,7,0,0,0,0,0,0,0,1,0,0,0
364,1,1,0,1,0,0,0,4,105,53.53358700308204,0.9999999999999998,1,6,0,0,0,0,0,0,1,0,6,0,0,0,0,0,0,1,0,0,0,7,0,0,0,0,0,0,0,1,0,0,1
365,1,1,1,1,1,4,0,9,162,26.18115504206025,0.9998553653553192,1,6,0,0,0,0,0,0,1,0,6,0,0,0,0,0,0,1,0,0,0,7,0,0,0,0,0,0,0,1,0,0,0
368,0,0,0,0,0,0,0,5,119,32.799754475286086,0.999999806841486,1,4,0,0,0,0,1,0,0,0,9,0,0,0,0,0,0,0,0,0,1,7,0,0,0,0,0,0,0,1,0,0,0
370,0,0,1,1,0,0,0,21,165,64.55130390693043,1.0,1,6,0,0,0,0,0,0,1,0,6,0,0,0,0,0,0,1,0,0,0,7,0,0,0,0,0,0,0,1,0,0,1
371,0,1,0,0,0,0,0,8,155,47.40491120291787,0.9999999999999124,1,4,0,0,0,0,1,0,0,0,9,0,0,0,0,0,0,0,0,0,1,8,0,0,0,0,0,0,0,0,1,0,0
372,0,1,1,1,1,3,0,10,162,17.489015838969035,0.5371851748958651,1,6,0,0,0,0,0,0,1,0,6,0,0,0,0,0,0,1,0,0,0,7,0,0,0,0,0,0,0,1,0,0,0
375,0,1,1,1,1,4,0,10,158,17.247821708726914,0.4769717304948574,0,6,0,0,0,0,0,0,1,0,6,0,0,0,0,0,0,1,0,0,0,7,0,0,0,0,0,0,0,1,0,0,0
380,0,1,1,1,1,1,0,20,165,25.064467886633125,0.9995583132647492,1,4,0,0,0,0,1,0,0,0,9,0,0,0,0,0,0,0,0,0,1,7,0,0,0,0,0,0,0,1,0,0,0
381,1,0,1,1,0,1,0,14,120,36.59042701093161,0.9999999956384008,1,2,0,0,1,0,0,0,0,0,6,0,0,0,0,0,0,1,0,0,0,7,0,0,0,0,0,0,0,1,0,0,1
383,0,1,0,1,0,0,0,7,164,88.08475543874792,1.0,1,4,0,0,0,0,1,0,0,0,9,0,0,0,0,0,0,0,0,0,1,7,0,0,0,0,0,0,0,1,0,0,0
384,0,1,1,1,0,0,0,19,170,55.5794475644009,1.0,1,4,0,0,0,0,1,0,0,0,9,0,0,0,0,0,0,0,0,0,1,9,0,0,0,0,0,0,0,0,0,1,1
386,0,1,1,0,1,0,0,21,109,4.484025032245799,2.6104770430014854e-06,0,6,0,0,0,0,0,0,1,0,6,0,0,0,0,0,0,1,0,0,0,7,0,0,0,0,0,0,0,1,0,0,0
389,0,0,0,1,0,5,0,60,101,40.860741023548094,0.999999999939036,1,6,0,0,0,0,0,0,1,0,6,0,0,0,0,0,0,1,0,0,0,7,0,0,0,0,0,0,0,1,0,0,0
390,1,1,1,0,0,0,0,15,152,27.298589151738554,0.9999526827894892,1,6,0,0,0,0,0,0,1,0,6,0,0,0,0,0,0,1,0,0,0,7,0,0,0,0,0,0,0,1,0,0,1
393,0,1,1,1,0,0,0,41,181,78.63752364576565,1.0,1,4,0,0,0,0,1,0,0,0,9,0,0,0,0,0,0,0,0,0,1,7,0,0,0,0,0,0,0,1,0,0,1
394,1,1,1,1,0,0,0,24,164,64.55130390693043,1.0,1,4,0,0,0,0,1,0,0,0,9,0,0,0,0,0,0,0,0,0,1,7,0,0,0,0,0,0,0,1,0,0,1
396,0,0,0,0,0,0,0,7,66,10.319311984680787,0.0008924136252879992,0,4,0,0,0,0,1,0,0,0,9,0,0,0,0,0,0,0,0,0,1,7,0,0,0,0,0,0,0,1,0,0,0
397,1,0,0,0,0,0,0,57,115,236.41045051270447,1.0,1,6,0,0,0,0,0,0,1,0,6,0,0,0,0,0,0,1,0,0,0,7,0,0,0,0,0,0,0,1,0,0,0
398,0,0,0,0,0,0,0,0,61,4.643132716484501,3.060689488905606e-06,0,6,0,0,0,0,0,0,1,0,6,0,0,0,0,0,0,1,0,0,0,7,0,0,0,0,0,0,0,1,0,0,0
401,0,1,0,0,1,0,0,33,138,20.102372837757358,0.9406083296134591,1,6,0,0,0,0,0,0,1,0,6,0,0,0,0,0,0,1,0,0,0,7,0,0,0,0,0,0,0,1,0,0,0
402,0,0,0,0,0,0,0,2,34,2.2737311149375827,2.862875329063112e-07,0,4,0,0,0,0,1,0,0,0,9,0,0,0,0,0,0,0,0,0,1,8,0,0,0,0,0,0,0,0,1,0,0
404,1,1,1,0,1,2,0,20,169,25.989654125743844,0.9998248432547578,1,4,0,0,0,0,1,0,0,0,9,0,0,0,0,0,0,0,0,0,1,7,0,0,0,0,0,0,0,1,0,0,0
406,0,0,0,1,0,0,0,6,116,27.731204375389318,0.9999692996062052,1,4,0,0,0,0,1,0,0,0,9,0,0,0,0,0,0,0,0,0,1,8,0,0,0,0,0,0,0,0,1,0,0
407,0,0,0,0,0,0,2,5,132,25.768537850804787,0.999781506953498,1,6,0,0,0,0,0,0,1,0,6,0,0,0,0,0,0,1,0,0,0,7,0,0,0,0,0,0,0,1,0,0,0
409,0,1,0,0,0,0,0,3,57,9.450972365973772,0.0003746934257578978,0,6,0,0,0,0,0,0,1,0,6,0,0,0,0,0,0,1,0,0,0,7,0,0,0,0,0,0,0,1,0,0,0
410,1,1,1,0,0,0,0,7,137,74.97443034437316,1.0,1,4,0,0,0,0,1,0,0,0,9,0,0,0,0,0,0,0,0,0,1,7,0,0,0,0,0,0,0,1,0,0,0
412,0,0,0,0,1,0,0,5,84,20.95908072592181,0.9738925617175314,1,4,0,0,0,0,1,0,0,0,9,0,0,0,0,0,0,0,0,0,1,7,0,0,0,0,0,0,0,1,0,0,0
413,0,0,0,0,0,0,0,0,37,3.81675456062443,1.3394562916614053e-06,0,6,0,0,0,0,0,0,1,0,6,0,0,0,0,0,0,1,0,0,0,7,0,0,0,0,0,0,0,1,0,0,0
415,0,1,1,0,0,1,0,54,154,28.492881758765808,0.9999856662848452,1,6,0,0,0,0,0,0,1,0,6,0,0,0,0,0,0,1,0,0,0,7,0,0,0,0,0,0,0,1,0,0,0
418,1,0,0,0,0,0,0,2,72,13.549264348408954,0.02208043172616085,0,4,0,0,0,0,1,0,0,0,9,0,0,0,0,0,0,0,0,0,1,7,0,0,0,0,0,0,0,1,0,0,1
419,0,1,0,0,0,0,0,10,151,40.348575059907105,0.9999999998982574,1,6,0,0,0,0,0,0,1,0,6,0,0,0,0,0,0,1,0,0,0,7,0,0,0,0,0,0,0,1,0,0,0
420,0,1,1,0,0,0,0,9,168,31.55829907367331,0.9999993315469952,1,7,0,0,0,0,0,0,0,1,0,1,0,0,0,0,0,0,0,0,0,7,0,0,0,0,0,0,0,1,0,0,0
421,0,1,1,0,0,1,0,57,154,48.130004152571814,0.9999999999999576,1,6,0,0,0,0,0,0,1,0,6,0,0,0,0,0,0,1,0,0,0,7,0,0,0,0,0,0,0,1,0,0,0
423,0,0,0,0,0,1,0,1,85,21.43083558995988,0.9835498801392532,1,6,0,0,0,0,0,0,1,0,6,0,0,0,0,0,0,1,0,0,0,7,0,0,0,0,0,0,0,1,0,0,0
424,1,0,0,0,0,0,0,9,168,200.63363763461246,1.0,1,7,0,0,0,0,0,0,0,1,6,0,0,0,0,0,0,1,0,0,0,7,0,0,0,0,0,0,0,1,0,0,0
426,0,0,0,1,0,0,0,6,113,24.54418878488657,0.9992570872680028,1,7,0,0,0,0,0,0,0,1,0,1,0,0,0,0,0,0,0,0,0,7,0,0,0,0,0,0,0,1,0,0,0
427,0,0,0,0,0,0,0,32,120,103.24944449153531,1.0,1,4,0,0,0,0,1,0,0,0,9,0,0,0,0,0,0,0,0,0,1,7,0,0,0,0,0,0,0,1,0,0,0
429,0,0,0,0,0,0,5,4,107,19.297845364766953,0.8762995822435365,1,2,0,0,1,0,0,0,0,0,6,0,0,0,0,0,0,1,0,0,0,7,0,0,0,0,0,0,0,1,0,0,0
432,1,1,1,1,0,0,0,16,128,56.09531847227017,1.0,1,4,0,0,0,0,1,0,0,0,9,0,0,0,0,0,0,0,0,0,1,7,0,0,0,0,0,0,0,1,0,0,1
435,0,1,1,1,0,1,0,53,146,38.2882998189169,0.999999999201511,1,6,0,0,0,0,0,0,1,0,6,0,0,0,0,0,0,1,0,0,0,7,0,0,0,0,0,0,0,1,0,0,0
436,0,1,1,0,0,0,0,15,152,29.715439341245762,0.999995779021405,1,6,0,0,0,0,0,0,1,0,6,0,0,0,0,0,0,1,0,0,0,7,0,0,0,0,0,0,0,1,0,0,0
437,0,1,1,0,1,0,0,21,126,2.5104769087433416,3.6276033531735577e-07,0,6,0,0,0,0,0,0,1,0,6,0,0,0,0,0,0,1,0,0,0,7,0,0,0,0,0,0,0,1,0,0,0
438,0,0,1,0,0,2,0,7,91,12.216835637889151,0.005921865088474131,0,4,0,0,0,0,1,0,0,0,9,0,0,0,0,0,0,0,0,0,1,7,0,0,0,0,0,0,0,1,0,0,0
440,1,1,1,1,1,0,0,12,125,39.676247099704526,0.9999999998007074,1,6,0,0,0,0,0,0,1,0,6,0,0,0,0,0,0,1,0,0,0,7,0,0,0,0,0,0,0,1,0,0,0
442,1,0,0,0,0,0,0,1,40,5.2743156528836135,5.753569571629803e-06,0,6,0,0,0,0,0,0,1,0,6,0,0,0,0,0,0,1,0,0,0,7,0,0,0,0,0,0,0,1,0,0,0
443,1,1,1,0,0,0,0,8,149,40.348575059907105,0.9999999998982574,1,6,0,0,0,0,0,0,1,0,6,0,0,0,0,0,0,1,0,0,0,7,0,0,0,0,0,0,0,1,0,0,0
444,0,0,0,0,0,0,0,6,155,36.730864114535244,0.9999999962098648,1,1,0,1,0,0,0,0,0,0,6,0,0,0,0,0,0,1,0,0,0,7,0,0,0,0,0,0,0,1,0,0,0
445,0,1,1,1,0,1,0,48,145,62.45740108817056,1.0,1,6,0,0,0,0,0,0,1,0,6,0,0,0,0,0,0,1,0,0,0,7,0,0,0,0,0,0,0,1,0,0,0
446,0,1,0,1,1,0,0,31,128,120.26412307035999,1.0,1,4,0,0,0,0,1,0,0,0,9,0,0,0,0,0,0,0,0,0,1,0,1,0,0,0,0,0,0,0,0,0,0
447,0,1,0,1,1,0,0,31,131,113.48916563758586,1.0,1,4,0,0,0,0,1,0,0,0,9,0,0,0,0,0,0,0,0,0,1,0,1,0,0,0,0,0,0,0,0,0,0
448,0,0,1,1,1,0,0,58,148,2.283120145209266,2.8898815270375125e-07,0,6,0,0,0,0,0,0,1,0,6,0,0,0,0,0,0,1,0,0,0,7,0,0,0,0,0,0,0,1,0,0,0
450,0,0,0,0,0,0,0,3,47,1.6673999394769308,1.561263507761179e-07,0,6,0,0,0,0,0,0,1,0,6,0,0,0,0,0,0,1,0,0,0,7,0,0,0,0,0,0,0,1,0,0,0
451,0,0,1,0,0,0,1,6,77,2.4496623473721657,3.4135665608184993e-07,0,6,0,0,0,0,0,0,1,0,6,0,0,0,0,0,0,1,0,0,0,7,0,0,0,0,0,0,0,1,0,0,0
452,0,0,0,0,0,0,0,6,105,18.01868565171684,0.663445285382683,1,4,0,0,0,0,1,0,0,0,9,0,0,0,0,0,0,0,0,0,1,7,0,0,0,0,0,0,0,1,0,0,0
453,0,1,1,0,0,0,0,13,128,3.3101194614014213,8.070490856767312e-07,0,6,0,0,0,0,0,0,1,0,6,0,0,0,0,0,0,1,0,0,0,7,0,0,0,0,0,0,0,1,0,0,0
454,0,0,0,1,0,0,0,8,103,9.451512738514882,0.0003748958785848764,0,6,0,0,0,0,0,0,1,0,6,0,0,0,0,0,0,1,0,0,0,7,0,0,0,0,0,0,0,1,0,0,0
455,0,1,0,1,1,0,0,19,145,0.9514044098441152,7.629978881717701e-08,0,6,0,0,0,0,0,0,1,0,6,0,0,0,0,0,0,1,0,0,0,7,0,0,0,0,0,0,0,1,0,0,0
456,0,0,1,0,0,0,4,2,113,22.077349218573517,0.9913142619022388,1,6,0,0,0,0,0,0,1,0,6,0,0,0,0,0,0,1,0,0,0,7,0,0,0,0,0,0,0,1,0,0,0
457,0,0,1,1,1,0,0,9,150,25.22668170107613,0.999624426867256,1,4,0,0,0,0,1,0,0,0,2,0,0,1,0,0,0,0,0,0,0,7,0,0,0,0,0,0,0,1,0,0,0
459,0,0,0,0,0,0,0,5,129,48.4338135830041,0.9999999999999688,1,2,0,0,1,0,0,0,0,0,3,0,0,0,1,0,0,0,0,0,0,7,0,0,0,0,0,0,0,1,0,0,0
461,0,1,1,0,0,1,0,63,140,216.1082193678764,1.0,1,6,0,0,0,0,0,0,1,0,6,0,0,0,0,0,0,1,0,0,0,7,0,0,0,0,0,0,0,1,0,0,0
462,1,1,0,1,1,0,0,30,135,113.48916563758586,1.0,1,4,0,0,0,0,1,0,0,0,9,0,0,0,0,0,0,0,0,0,1,0,1,0,0,0,0,0,0,0,0,0,0
463,0,1,0,1,1,0,0,23,145,0.9514044098441152,7.629978881717701e-08,0,6,0,0,0,0,0,0,1,0,6,0,0,0,0,0,0,1,0,0,0,7,0,0,0,0,0,0,0,1,0,0,1
465,0,1,0,1,1,0,0,30,133,120.26412307035999,1.0,1,4,0,0,0,0,1,0,0,0,9,0,0,0,0,0,0,0,0,0,1,0,1,0,0,0,0,0,0,0,0,0,0
466,0,1,1,0,1,0,0,9,128,33.81465353935506,0.9999999299918104,1,4,0,0,0,0,1,0,0,0,9,0,0,0,0,0,0,0,0,0,1,7,0,0,0,0,0,0,0,1,0,0,0
467,1,1,1,0,0,0,0,8,60,2.4273264203406155,3.338166611223655e-07,0,6,0,0,0,0,0,0,1,0,6,0,0,0,0,0,0,1,0,0,0,7,0,0,0,0,0,0,0,1,0,0,0
468,0,0,0,1,0,0,10,12,155,7.040431040470389,3.3646463413190725e-05,0,4,0,0,0,0,1,0,0,0,9,0,0,0,0,0,0,0,0,0,1,7,0,0,0,0,0,0,0,1,0,0,0
469,0,1,0,1,0,0,0,11,49,0.7102382984974202,5.994959198293025e-08,0,2,0,0,1,0,0,0,0,0,8,0,0,0,0,0,0,0,0,1,0,7,0,0,0,0,0,0,0,1,0,0,0
470,0,1,0,1,0,2,0,13,172,46.56034024187178,0.999999999999796,1,6,0,0,0,0,0,0,1,0,6,0,0,0,0,0,0,1,0,0,0,7,0,0,0,0,0,0,0,1,0,0,0
471,1,1,1,0,0,0,1,19,123,32.51891596721076,0.9999997442118368,1,4,0,0,0,0,1,0,0,0,9,0,0,0,0,0,0,0,0,0,1,2,0,0,1,0,0,0,0,0,0,0,1
472,0,1,1,0,0,0,0,13,156,17.40956418053619,0.5173840353333139,1,6,0,0,0,0,0,0,1,0,6,0,0,0,0,0,0,1,0,0,0,7,0,0,0,0,0,0,0,1,0,0,0
474,0,1,1,0,1,0,0,52,143,46.060984658014966,0.9999999999996638,1,6,0,0,0,0,0,0,1,0,6,0,0,0,0,0,0,1,0,0,0,7,0,0,0,0,0,0,0,1,0,0,0
475,0,1,1,0,0,0,0,8,139,10.741472971427132,0.0013605197614867009,0,6,0,0,0,0,0,0,1,0,6,0,0,0,0,0,0,1,0,0,0,7,0,0,0,0,0,0,0,1,0,0,0
476,0,0,0,1,0,0,0,5,129,34.89738782010459,0.9999999762904482,1,6,0,0,0,0,0,0,1,0,6,0,0,0,0,0,0,1,0,0,0,7,0,0,0,0,0,0,0,1,0,0,0
477,0,1,1,1,1,0,0,57,161,39.702036133900286,0.9999999998057814,1,4,0,0,0,0,1,0,0,0,9,0,0,0,0,0,0,0,0,0,1,0,1,0,0,0,0,0,0,0,0,0,0
478,1,0,0,1,1,1,3,8,114,33.991584486377285,0.9999999413445032,1,4,0,0,0,0,1,0,0,0,2,0,0,1,0,0,0,0,0,0,0,7,0,0,0,0,0,0,0,1,0,0,1
479,0,1,0,0,0,1,4,10,146,40.4536708573627,0.9999999999084076,1,6,0,0,0,0,0,0,1,0,6,0,0,0,0,0,0,1,0,0,0,7,0,0,0,0,0,0,0,1,0,0,0
480,0,1,1,0,0,0,0,13,119,6.628462607577454,2.2285826188650284e-05,0,2,0,0,1,0,0,0,0,0,6,0,0,0,0,0,0,1,0,0,0,7,0,0,0,0,0,0,0,1,0,0,0
481,0,0,0,0,1,0,0,8,67,5.788084007837398,9.61750569938423e-06,0,4,0,0,0,0,1,0,0,0,9,0,0,0,0,0,0,0,0,0,1,7,0,0,0,0,0,0,0,1,0,0,0
482,0,1,0,1,0,0,2,7,155,28.275073479713306,0.9999821782565071,1,2,0,0,1,0,0,0,0,0,6,0,0,0,0,0,0,1,0,0,0,7,0,0,0,0,0,0,0,1,0,0,0
483,0,0,0,0,0,0,0,15,66,6.317048880014537,1.6322477006346227e-05,0,2,0,0,1,0,0,0,0,0,8,0,0,0,0,0,0,0,0,1,0,7,0,0,0,0,0,0,0,1,0,0,0
484,0,1,1,0,1,0,0,19,148,6.288559133268111,1.5864022778598966e-05,0,6,0,0,0,0,0,0,1,0,6,0,0,0,0,0,0,1,0,0,0,7,0,0,0,0,0,0,0,1,0,0,1
485,0,0,1,1,1,0,0,58,169,2.283120145209266,2.8898815270375125e-07,0,6,0,0,0,0,0,0,1,0,6,0,0,0,0,0,0,1,0,0,0,7,0,0,0,0,0,0,0,1,0,0,0
486,0,0,0,0,1,0,4,1,96,9.153377541171656,0.0002782749866551326,0,6,0,0,0,0,0,0,1,0,6,0,0,0,0,0,0,1,0,0,0,7,0,0,0,0,0,0,0,1,0,0,0
487,0,0,0,1,1,0,0,13,118,8.348207643006237,0.000124411395752251,0,4,0,0,0,0,1,0,0,0,9,0,0,0,0,0,0,0,0,0,1,7,0,0,0,0,0,0,0,1,0,0,0
489,0,1,1,0,0,1,0,24,148,21.91845217260295,0.9898336351149596,1,6,0,0,0,0,0,0,1,0,6,0,0,0,0,0,0,1,0,0,0,7,0,0,0,0,0,0,0,1,0,0,0
490,1,1,1,0,1,0,0,23,148,77.8653785262613,1.0,1,6,0,0,0,0,0,0,1,0,6,0,0,0,0,0,0,1,0,0,0,7,0,0,0,0,0,0,0,1,0,0,1
492,0,0,0,1,0,3,2,13,170,32.805460139562214,0.9999998079404452,1,6,0,0,0,0,0,0,1,0,6,0,0,0,0,0,0,1,0,0,0,7,0,0,0,0,0,0,0,1,0,0,0
493,0,1,1,1,1,2,0,45,150,1.0709686970474388,8.599029559807626e-08,0,6,0,0,0,0,0,0,1,0,6,0,0,0,0,0,0,1,0,0,0,7,0,0,0,0,0,0,0,1,0,0,0
495,0,0,0,0,0,1,2,6,106,4.303202298815294,2.178661457973585e-06,0,6,0,0,0,0,0,0,1,0,6,0,0,0,0,0,0,1,0,0,0,7,0,0,0,0,0,0,0,1,0,0,0
496,0,1,1,0,1,0,0,9,95,6.258909726023678,1.5400575568418374e-05,0,6,0,0,0,0,0,0,1,0,6,0,0,0,0,0,0,1,0,0,0,7,0,0,0,0,0,0,0,1,0,0,0
498,0,1,1,0,1,0,0,13,109,8.342434108075969,0.000123695260368271,0,6,0,0,0,0,0,0,1,0,6,0,0,0,0,0,0,1,0,0,0,7,0,0,0,0,0,0,0,1,0,0,0
499,0,1,1,0,1,0,0,21,104,10.983233587131384,0.0017319629208240454,0,6,0,0,0,0,0,0,1,0,6,0,0,0,0,0,0,1,0,0,0,7,0,0,0,0,0,0,0,1,0,0,0
501,0,1,1,0,1,0,0,13,95,5.680205419827138,8.633995222167003e-06,0,6,0,0,0,0,0,0,1,0,6,0,0,0,0,0,0,1,0,0,0,7,0,0,0,0,0,0,0,1,0,0,0
502,0,1,1,0,1,0,0,13,95,5.680205419827138,8.633995222167003e-06,0,6,0,0,0,0,0,0,1,0,6,0,0,0,0,0,0,1,0,0,0,7,0,0,0,0,0,0,0,1,0,0,0
503,0,1,1,0,1,0,0,13,109,8.342434108075969,0.000123695260368271,0,6,0,0,0,0,0,0,1,0,6,0,0,0,0,0,0,1,0,0,0,7,0,0,0,0,0,0,0,1,0,0,0
504,0,0,0,0,0,0,0,3,133,33.173175765676106,0.9999998670344676,1,6,0,0,0,0,0,0,1,0,6,0,0,0,0,0,0,1,0,0,0,7,0,0,0,0,0,0,0,1,0,0,0
506,0,1,1,0,0,1,0,13,139,23.916678325213503,0.998609469324236,1,2,0,0,1,0,0,0,0,0,6,0,0,0,0,0,0,1,0,0,0,7,0,0,0,0,0,0,0,1,0,0,0
509,1,1,1,0,0,0,0,12,158,122.72471300063582,1.0,1,4,0,0,0,0,1,0,0,0,9,0,0,0,0,0,0,0,0,0,1,7,0,0,0,0,0,0,0,1,0,0,0
512,0,1,1,1,1,0,0,9,113,10.808503992727315,0.001454705547150666,0,6,0,0,0,0,0,0,1,0,6,0,0,0,0,0,0,1,0,0,0,7,0,0,0,0,0,0,0,1,0,0,0
513,1,1,0,0,0,0,0,2,108,63.647036141441276,1.0,1,6,0,0,0,0,0,0,1,0,6,0,0,0,0,0,0,1,0,0,0,7,0,0,0,0,0,0,0,1,0,0,0
514,0,1,1,0,0,0,0,18,92,6.843474797480301,2.7631535844951476e-05,0,4,0,0,0,0,1,0,0,0,9,0,0,0,0,0,0,0,0,0,1,7,0,0,0,0,0,0,0,1,0,0,0
516,1,1,1,0,1,0,0,13,109,8.342434108075969,0.000123695260368271,0,6,0,0,0,0,0,0,1,0,6,0,0,0,0,0,0,1,0,0,0,7,0,0,0,0,0,0,0,1,0,0,0
517,0,1,1,0,0,0,0,31,153,14.248709859924869,0.0434679612634078,0,4,0,0,0,0,1,0,0,0,9,0,0,0,0,0,0,0,0,0,1,5,0,0,0,0,0,1,0,0,0,0,0
518,0,1,1,0,1,0,0,13,109,8.342434108075969,0.000123695260368271,0,6,0,0,0,0,0,0,1,0,6,0,0,0,0,0,0,1,0,0,0,7,0,0,0,0,0,0,0,1,0,0,0
519,1,1,1,0,0,0,0,53,110,40.72178390784893,0.999999999929948,1,6,0,0,0,0,0,0,1,0,6,0,0,0,0,0,0,1,0,0,0,7,0,0,0,0,0,0,0,1,0,0,0
520,0,1,1,0,1,0,0,19,154,3.928752510996484,1.498195779924441e-06,0,1,0,1,0,0,0,0,0,0,6,0,0,0,0,0,0,1,0,0,0,7,0,0,0,0,0,0,0,1,0,0,0
521,0,1,1,0,1,1,0,22,120,10.983233587131384,0.0017319629208240454,0,1,0,1,0,0,0,0,0,0,6,0,0,0,0,0,0,1,0,0,0,7,0,0,0,0,0,0,0,1,0,0,0
522,0,1,1,0,1,0,0,9,95,6.258909726023678,1.5400575568418374e-05,0,6,0,0,0,0,0,0,1,0,6,0,0,0,0,0,0,1,0,0,0,7,0,0,0,0,0,0,0,1,0,0,0
523,0,1,1,0,1,0,0,13,109,8.342434108075969,0.000123695260368271,0,6,0,0,0,0,0,0,1,0,6,0,0,0,0,0,0,1,0,0,0,7,0,0,0,0,0,0,0,1,0,0,0
524,0,0,0,0,1,0,0,23,101,6.013782509833412,1.205260736197934e-05,0,7,0,0,0,0,0,0,0,1,6,0,0,0,0,0,0,1,0,0,0,7,0,0,0,0,0,0,0,1,0,0,0
526,0,1,1,0,1,0,0,15,103,8.342434108075969,0.000123695260368271,0,6,0,0,0,0,0,0,1,0,6,0,0,0,0,0,0,1,0,0,0,7,0,0,0,0,0,0,0,1,0,0,0
527,0,1,1,0,0,0,0,11,160,75.64478699247644,1.0,1,4,0,0,0,0,1,0,0,0,9,0,0,0,0,0,0,0,0,0,1,7,0,0,0,0,0,0,0,1,0,0,0
528,0,1,1,0,0,0,0,68,151,177.80853346844796,1.0,1,4,0,0,0,0,1,0,0,0,9,0,0,0,0,0,0,0,0,0,1,5,0,0,0,0,0,1,0,0,0,0,1
530,0,1,1,0,1,0,0,9,95,6.258909726023678,1.5400575568418374e-05,0,6,0,0,0,0,0,0,1,0,6,0,0,0,0,0,0,1,0,0,0,7,0,0,0,0,0,0,0,1,0,0,0
531,0,1,1,0,1,0,0,13,94,5.680205419827138,8.633995222167003e-06,0,6,0,0,0,0,0,0,1,0,6,0,0,0,0,0,0,1,0,0,0,7,0,0,0,0,0,0,0,1,0,0,0
533,0,1,1,0,1,0,0,9,95,6.258909726023678,1.5400575568418374e-05,0,6,0,0,0,0,0,0,1,0,6,0,0,0,0,0,0,1,0,0,0,7,0,0,0,0,0,0,0,1,0,0,0
535,0,1,1,0,1,0,0,13,94,5.680205419827138,8.633995222167003e-06,0,6,0,0,0,0,0,0,1,0,6,0,0,0,0,0,0,1,0,0,0,7,0,0,0,0,0,0,0,1,0,0,0
536,0,1,1,0,0,0,0,25,159,32.90442204476616,0.9999998260368288,1,4,0,0,0,0,1,0,0,0,9,0,0,0,0,0,0,0,0,0,1,9,0,0,0,0,0,0,0,0,0,1,0
538,1,0,0,1,0,0,0,5,134,93.08514675959849,1.0,1,4,0,0,0,0,1,0,0,0,9,0,0,0,0,0,0,0,0,0,1,7,0,0,0,0,0,0,0,1,0,0,1
540,0,1,1,0,0,0,0,72,151,177.80853346844796,1.0,1,4,0,0,0,0,1,0,0,0,9,0,0,0,0,0,0,0,0,0,1,5,0,0,0,0,0,1,0,0,0,0,1
542,0,1,1,0,0,0,0,67,143,150.45912478643152,1.0,1,6,0,0,0,0,0,0,1,0,6,0,0,0,0,0,0,1,0,0,0,7,0,0,0,0,0,0,0,1,0,0,1
543,0,1,1,0,1,0,0,13,109,8.342434108075969,0.000123695260368271,0,6,0,0,0,0,0,0,1,0,6,0,0,0,0,0,0,1,0,0,0,7,0,0,0,0,0,0,0,1,0,0,0
544,0,1,1,0,1,0,1,16,105,8.342434108075969,0.000123695260368271,0,6,0,0,0,0,0,0,1,0,6,0,0,0,0,0,0,1,0,0,0,7,0,0,0,0,0,0,0,1,0,0,0
546,0,1,1,0,0,0,0,20,124,23.99693555784909,0.9987165709160114,1,6,0,0,0,0,0,0,1,0,6,0,0,0,0,0,0,1,0,0,0,7,0,0,0,0,0,0,0,1,0,0,1
550,1,1,1,0,0,0,0,14,161,35.41666702597229,0.9999999858940204,1,4,0,0,0,0,1,0,0,0,9,0,0,0,0,0,0,0,0,0,1,9,0,0,0,0,0,0,0,0,0,1,1
551,1,1,1,0,0,0,0,9,133,101.54131595851364,1.0,1,6,0,0,0,0,0,0,1,0,6,0,0,0,0,0,0,1,0,0,0,7,0,0,0,0,0,0,0,1,0,0,1
552,0,0,0,0,0,0,0,5,51,11.245476046510902,0.00225010904873222,0,4,0,0,0,0,1,0,0,0,9,0,0,0,0,0,0,0,0,0,1,7,0,0,0,0,0,0,0,1,0,0,0
556,1,1,1,0,0,0,0,10,123,39.9170889948556,0.9999999998433629,1,6,0,0,0,0,0,0,1,0,6,0,0,0,0,0,0,1,0,0,0,7,0,0,0,0,0,0,0,1,0,0,0
558,1,1,1,0,1,0,0,16,143,27.715061587472235,0.9999688000101336,1,6,0,0,0,0,0,0,1,0,6,0,0,0,0,0,0,1,0,0,0,7,0,0,0,0,0,0,0,1,0,0,1
559,1,1,1,0,0,0,0,5,112,72.93366022849308,1.0,1,6,0,0,0,0,0,0,1,0,6,0,0,0,0,0,0,1,0,0,0,7,0,0,0,0,0,0,0,1,0,0,1
560,1,1,1,0,0,0,0,11,121,85.39090147374256,1.0,1,1,0,1,0,0,0,0,0,0,6,0,0,0,0,0,0,1,0,0,0,7,0,0,0,0,0,0,0,1,0,0,1
561,0,0,0,0,0,0,0,5,47,6.580736374774863,2.1247211968946964e-05,0,4,0,0,0,0,1,0,0,0,9,0,0,0,0,0,0,0,0,0,1,7,0,0,0,0,0,0,0,1,0,0,0
563,0,1,1,0,1,0,0,29,127,20.16176101215192,0.943840482968792,1,4,0,0,0,0,1,0,0,0,9,0,0,0,0,0,0,0,0,0,1,7,0,0,0,0,0,0,0,1,0,0,0
564,0,1,1,0,0,0,3,13,76,1.3337849742224144,1.1183792212665184e-07,0,6,0,0,0,0,0,0,1,0,6,0,0,0,0,0,0,1,0,0,0,7,0,0,0,0,0,0,0,1,0,0,0
565,1,1,1,0,0,0,0,13,109,37.36342276676893,0.9999999979865632,1,4,0,0,0,0,1,0,0,0,9,0,0,0,0,0,0,0,0,0,1,8,0,0,0,0,0,0,0,0,1,0,1
567,1,1,1,0,0,0,0,11,80,23.301838605697533,0.9974314415928108,1,6,0,0,0,0,0,0,1,0,6,0,0,0,0,0,0,1,0,0,0,7,0,0,0,0,0,0,0,1,0,0,1
568,1,0,0,0,0,0,0,4,92,40.17526218776965,0.999999999879004,1,6,0,0,0,0,0,0,1,0,6,0,0,0,0,0,0,1,0,0,0,7,0,0,0,0,0,0,0,1,0,0,1
569,1,0,1,0,0,0,0,14,91,20.780617651116746,0.968950103751771,1,6,0,0,0,0,0,0,1,0,6,0,0,0,0,0,0,1,0,0,0,7,0,0,0,0,0,0,0,1,0,0,1
570,1,1,1,0,1,0,0,12,157,104.4254124832554,1.0,1,0,1,0,0,0,0,0,0,0,6,0,0,0,0,0,0,1,0,0,0,7,0,0,0,0,0,0,0,1,0,0,1
571,1,0,0,0,0,0,0,7,64,14.202762928098807,0.041597129024345335,0,6,0,0,0,0,0,0,1,0,6,0,0,0,0,0,0,1,0,0,0,7,0,0,0,0,0,0,0,1,0,0,0
574,0,1,1,0,0,0,0,15,155,110.49832615192786,1.0,1,1,0,1,0,0,0,0,0,0,6,0,0,0,0,0,0,1,0,0,0,7,0,0,0,0,0,0,0,1,0,0,1
575,1,1,1,0,0,0,0,15,130,32.56016779124868,0.9999997545488858,1,4,0,0,0,0,1,0,0,0,9,0,0,0,0,0,0,0,0,0,1,7,0,0,0,0,0,0,0,1,0,0,1
576,1,1,1,1,0,0,0,10,142,85.71329215225201,1.0,1,6,0,0,0,0,0,0,1,0,6,0,0,0,0,0,0,1,0,0,0,7,0,0,0,0,0,0,0,1,0,0,1
577,0,1,1,1,1,0,0,21,123,22.87791148228573,0.9960806854395102,1,4,0,0,0,0,1,0,0,0,9,0,0,0,0,0,0,0,0,0,1,4,0,0,0,0,1,0,0,0,0,0,0
578,0,0,0,1,0,0,0,4,58,4.433635525865743,2.4821958743829374e-06,0,1,0,1,0,0,0,0,0,0,6,0,0,0,0,0,0,1,0,0,0,7,0,0,0,0,0,0,0,1,0,0,0
579,1,1,1,0,1,0,0,10,157,104.4254124832554,1.0,1,0,1,0,0,0,0,0,0,0,6,0,0,0,0,0,0,1,0,0,0,7,0,0,0,0,0,0,0,1,0,0,1
580,1,1,1,0,0,0,0,9,112,72.93366022849308,1.0,1,6,0,0,0,0,0,0,1,0,6,0,0,0,0,0,0,1,0,0,0,7,0,0,0,0,0,0,0,1,0,0,1
581,0,1,1,1,1,0,0,20,141,23.117048938350013,0.9969117231389998,1,4,0,0,0,0,1,0,0,0,9,0,0,0,0,0,0,0,0,0,1,1,0,1,0,0,0,0,0,0,0,0,0
583,0,1,1,0,1,0,0,26,120,20.16176101215192,0.943840482968792,1,6,0,0,0,0,0,0,1,0,6,0,0,0,0,0,0,1,0,0,0,7,0,0,0,0,0,0,0,1,0,0,0
584,1,0,1,0,0,0,0,9,129,88.37041241066656,1.0,1,1,0,1,0,0,0,0,0,0,6,0,0,0,0,0,0,1,0,0,0,7,0,0,0,0,0,0,0,1,0,0,1
585,1,1,1,0,1,0,0,19,88,12.25656489633699,0.00616039394649768,0,6,0,0,0,0,0,0,1,0,6,0,0,0,0,0,0,1,0,0,0,7,0,0,0,0,0,0,0,1,0,0,0
588,1,1,1,1,0,0,0,11,118,32.560167791248695,0.9999997545488858,1,4,0,0,0,0,1,0,0,0,9,0,0,0,0,0,0,0,0,0,1,7,0,0,0,0,0,0,0,1,0,0,1
589,1,1,1,0,1,0,0,9,117,26.263964791538488,0.9998668584808812,1,6,0,0,0,0,0,0,1,0,6,0,0,0,0,0,0,1,0,0,0,7,0,0,0,0,0,0,0,1,0,0,1
592,1,1,1,0,0,0,0,10,112,36.95972614402348,0.9999999969851814,1,6,0,0,0,0,0,0,1,0,6,0,0,0,0,0,0,1,0,0,0,7,0,0,0,0,0,0,0,1,0,0,1
594,1,1,1,0,0,0,0,7,92,26.40268244817993,0.9998841018017066,1,6,0,0,0,0,0,0,1,0,6,0,0,0,0,0,0,1,0,0,0,7,0,0,0,0,0,0,0,1,0,0,1
598,1,1,0,1,0,0,0,3,59,3.8229880202340847,1.34783180419035e-06,0,6,0,0,0,0,0,0,1,0,6,0,0,0,0,0,0,1,0,0,0,7,0,0,0,0,0,0,0,1,0,0,0
599,0,1,1,1,1,0,0,33,97,5.98095910583794,1.1663426437386115e-05,0,4,0,0,0,0,1,0,0,0,9,0,0,0,0,0,0,0,0,0,1,7,0,0,0,0,0,0,0,1,0,0,0
600,1,1,1,0,0,0,0,10,79,12.739752146311929,0.009949360119719293,0,6,0,0,0,0,0,0,1,0,6,0,0,0,0,0,0,1,0,0,0,7,0,0,0,0,0,0,0,1,0,0,1
603,0,0,0,1,0,0,0,1,109,25.2712492100984,0.999640791832152,1,6,0,0,0,0,0,0,1,0,6,0,0,0,0,0,0,1,0,0,0,7,0,0,0,0,0,0,0,1,0,0,0
604,1,0,1,0,0,0,0,9,86,9.846298915122162,0.0005562695888231814,0,6,0,0,0,0,0,0,1,0,6,0,0,0,0,0,0,1,0,0,0,7,0,0,0,0,0,0,0,1,0,0,1
606,1,1,1,0,0,0,0,9,106,36.57486296569201,0.9999999955699854,1,6,0,0,0,0,0,0,1,0,6,0,0,0,0,0,0,1,0,0,0,7,0,0,0,0,0,0,0,1,0,0,1
607,0,0,0,1,0,0,0,5,89,4.309756703032228,2.1929881546964216e-06,0,6,0,0,0,0,0,0,1,0,6,0,0,0,0,0,0,1,0,0,0,7,0,0,0,0,0,0,0,1,0,0,0
608,0,0,0,1,0,0,0,1,33,1.966569180734016,2.1057350974609228e-07,0,6,0,0,0,0,0,0,1,0,6,0,0,0,0,0,0,1,0,0,0,7,0,0,0,0,0,0,0,1,0,0,0
609,0,1,1,0,1,0,0,6,115,7.7018866361504825,6.519168957483184e-05,0,4,0,0,0,0,1,0,0,0,2,0,0,1,0,0,0,0,0,0,0,7,0,0,0,0,0,0,0,1,0,0,1
611,0,0,0,0,0,0,3,12,55,7.1640446591664375,3.8073448253638776e-05,0,6,0,0,0,0,0,0,1,0,6,0,0,0,0,0,0,1,0,0,0,7,0,0,0,0,0,0,0,1,0,0,0
612,0,0,0,0,0,0,0,2,81,14.104608515590158,0.037855386475473235,0,6,0,0,0,0,0,0,1,0,6,0,0,0,0,0,0,1,0,0,0,7,0,0,0,0,0,0,0,1,0,0,0
613,0,1,1,0,1,0,0,21,169,14.502601029260225,0.05533634744884508,0,6,0,0,0,0,0,0,1,0,6,0,0,0,0,0,0,1,0,0,0,7,0,0,0,0,0,0,0,1,0,0,1
614,1,1,1,1,1,0,0,20,162,32.32590610290024,0.9999996897558948,1,1,0,1,0,0,0,0,0,0,6,0,0,0,0,0,0,1,0,0,0,7,0,0,0,0,0,0,0,1,0,0,1
615,0,1,1,0,0,0,0,26,174,38.049518652621,0.999999998986158,1,4,0,0,0,0,1,0,0,0,9,0,0,0,0,0,0,0,0,0,1,0,1,0,0,0,0,0,0,0,0,0,1
617,0,1,0,1,0,0,0,0,58,5.040538009242552,4.554173261963908e-06,0,6,0,0,0,0,0,0,1,0,6,0,0,0,0,0,0,1,0,0,0,7,0,0,0,0,0,0,0,1,0,0,0
619,0,1,1,1,1,0,0,27,157,15.188646500044422,0.104204811383279,0,1,0,1,0,0,0,0,0,0,4,0,0,0,0,1,0,0,0,0,0,7,0,0,0,0,0,0,0,1,0,0,0
621,0,1,1,0,0,0,1,4,51,1.4804595436837056,1.2950574604050268e-07,0,6,0,0,0,0,0,0,1,0,6,0,0,0,0,0,0,1,0,0,0,7,0,0,0,0,0,0,0,1,0,0,0
622,0,0,0,0,0,0,0,1,71,14.976871910299153,0.08602792310673574,0,6,0,0,0,0,0,0,1,0,6,0,0,0,0,0,0,1,0,0,0,7,0,0,0,0,0,0,0,1,0,0,0
623,0,1,1,1,1,0,0,8,171,32.261981179466595,0.9999996692759552,1,5,0,0,0,0,0,1,0,0,1,0,1,0,0,0,0,0,0,0,0,7,0,0,0,0,0,0,0,1,0,0,1
624,0,0,0,0,0,0,0,0,36,4.270893602177722,2.109396844092213e-06,0,6,0,0,0,0,0,0,1,0,6,0,0,0,0,0,0,1,0,0,0,7,0,0,0,0,0,0,0,1,0,0,0
625,0,1,1,0,0,0,0,27,121,7.761934692188563,6.922596588472865e-05,0,4,0,0,0,0,1,0,0,0,9,0,0,0,0,0,0,0,0,0,1,9,0,0,0,0,0,0,0,0,0,1,0
628,0,0,0,1,0,0,0,5,31,1.0104289689153658,8.093891423564044e-08,0,6,0,0,0,0,0,0,1,0,6,0,0,0,0,0,0,1,0,0,0,7,0,0,0,0,0,0,0,1,0,0,0
630,1,1,1,0,1,0,0,9,100,13.369276848323992,0.018510682141422437,0,4,0,0,0,0,1,0,0,0,9,0,0,0,0,0,0,0,0,0,1,0,1,0,0,0,0,0,0,0,0,0,1
631,0,0,1,1,0,0,0,1,68,4.378451219574812,2.3489288802408007e-06,0,6,0,0,0,0,0,0,1,0,6,0,0,0,0,0,0,1,0,0,0,7,0,0,0,0,0,0,0,1,0,0,0
633,0,0,0,1,0,0,0,2,114,21.922536209298617,0.9898746507080574,1,4,0,0,0,0,1,0,0,0,9,0,0,0,0,0,0,0,0,0,1,7,0,0,0,0,0,0,0,1,0,0,0
635,1,1,1,0,1,0,0,15,107,14.895292218341885,0.07982642125940535,0,4,0,0,0,0,1,0,0,0,9,0,0,0,0,0,0,0,0,0,1,5,0,0,0,0,0,1,0,0,0,0,1
636,0,1,1,1,0,0,0,11,117,40.273063359960375,0.9999999998902772,1,6,0,0,0,0,0,0,1,0,6,0,0,0,0,0,0,1,0,0,0,7,0,0,0,0,0,0,0,1,0,0,0
637,0,0,0,1,0,0,0,4,58,2.2010970581777425,2.6623054099649193e-07,0,6,0,0,0,0,0,0,1,0,6,0,0,0,0,0,0,1,0,0,0,7,0,0,0,0,0,0,0,1,0,0,0
638,0,0,0,0,0,0,0,0,72,8.668131513154838,0.0001713093090041143,0,6,0,0,0,0,0,0,1,0,6,0,0,0,0,0,0,1,0,0,0,7,0,0,0,0,0,0,0,1,0,0,0
640,0,0,0,0,0,0,0,0,47,7.485606818167773,5.2513215489902334e-05,0,6,0,0,0,0,0,0,1,0,6,0,0,0,0,0,0,1,0,0,0,7,0,0,0,0,0,0,0,1,0,0,0
641,0,0,0,1,0,0,0,0,58,3.8616345740146762,1.400940407886874e-06,0,6,0,0,0,0,0,0,1,0,6,0,0,0,0,0,0,1,0,0,0,7,0,0,0,0,0,0,0,1,0,0,0
642,0,1,1,0,0,0,0,17,159,42.13369204356067,0.99999999998293,1,4,0,0,0,0,1,0,0,0,9,0,0,0,0,0,0,0,0,0,1,7,0,0,0,0,0,0,0,1,0,0,0
643,0,1,1,0,0,0,0,10,130,34.27674181151524,0.9999999558971688,1,6,0,0,0,0,0,0,1,0,6,0,0,0,0,0,0,1,0,0,0,7,0,0,0,0,0,0,0,1,0,0,1
644,1,1,1,0,0,0,0,17,101,20.020500747740513,0.935866185369562,1,6,0,0,0,0,0,0,1,0,6,0,0,0,0,0,0,1,0,0,0,7,0,0,0,0,0,0,0,1,0,0,1
646,1,1,1,0,1,0,0,8,125,13.950982764541994,0.032640471918896484,0,4,0,0,0,0,1,0,0,0,9,0,0,0,0,0,0,0,0,0,1,7,0,0,0,0,0,0,0,1,0,0,1
649,0,1,1,1,1,0,0,7,111,14.649187626747509,0.0635176786501477,0,6,0,0,0,0,0,0,1,0,6,0,0,0,0,0,0,1,0,0,0,7,0,0,0,0,0,0,0,1,0,0,0
651,1,0,1,0,0,0,1,18,109,24.947926700305967,0.9995037462043248,1,6,0,0,0,0,0,0,1,0,6,0,0,0,0,0,0,1,0,0,0,7,0,0,0,0,0,0,0,1,0,0,1
652,1,0,0,0,1,0,0,15,64,7.010956381536246,3.2669250039480896e-05,0,6,0,0,0,0,0,0,1,0,6,0,0,0,0,0,0,1,0,0,0,7,0,0,0,0,0,0,0,1,0,0,1
653,0,1,1,0,0,0,2,6,96,24.30603390087855,0.999057502077823,1,6,0,0,0,0,0,0,1,0,6,0,0,0,0,0,0,1,0,0,0,7,0,0,0,0,0,0,0,1,0,0,0
654,1,0,0,0,0,0,0,0,131,93.87450638950766,1.0,1,6,0,0,0,0,0,0,1,0,6,0,0,0,0,0,0,1,0,0,0,7,0,0,0,0,0,0,0,1,0,0,1
655,1,1,1,0,0,0,0,14,121,35.35764840928286,0.9999999850364474,1,6,0,0,0,0,0,0,1,0,6,0,0,0,0,0,0,1,0,0,0,7,0,0,0,0,0,0,0,1,0,0,1
656,0,1,0,1,0,0,0,4,105,30.44833813198888,0.9999979717559926,1,3,0,0,0,1,0,0,0,0,6,0,0,0,0,0,0,1,0,0,0,7,0,0,0,0,0,0,0,1,0,0,0
657,1,1,1,0,1,0,0,15,104,38.70509742300221,0.9999999994736726,1,4,0,0,0,0,1,0,0,0,6,0,0,0,0,0,0,1,0,0,0,7,0,0,0,0,0,0,0,1,0,0,1
658,1,1,1,0,1,0,0,8,102,37.941007687639924,0.9999999988699542,1,6,0,0,0,0,0,0,1,0,6,0,0,0,0,0,0,1,0,0,0,7,0,0,0,0,0,0,0,1,0,0,1
659,1,1,1,1,0,0,0,13,128,57.129136501120435,1.0,1,1,0,1,0,0,0,0,0,0,6,0,0,0,0,0,0,1,0,0,0,7,0,0,0,0,0,0,0,1,0,0,1
660,1,1,1,0,0,0,0,5,98,25.523046876124354,0.999720728515521,1,4,0,0,0,0,1,0,0,0,9,0,0,0,0,0,0,0,0,0,1,7,0,0,0,0,0,0,0,1,0,0,1
661,1,1,1,0,1,0,0,14,140,63.70884603637414,1.0,1,1,0,1,0,0,0,0,0,0,4,0,0,0,0,1,0,0,0,0,0,7,0,0,0,0,0,0,0,1,0,0,1
662,1,1,1,0,0,0,0,27,120,44.69304082657716,0.9999999999986796,1,0,1,0,0,0,0,0,0,0,6,0,0,0,0,0,0,1,0,0,0,7,0,0,0,0,0,0,0,1,0,0,1
664,1,1,1,0,0,0,0,15,117,45.677246031636535,0.9999999999995064,1,6,0,0,0,0,0,0,1,0,6,0,0,0,0,0,0,1,0,0,0,7,0,0,0,0,0,0,0,1,0,0,1
665,1,1,1,1,0,0,0,20,127,120.23640720431234,1.0,1,4,0,0,0,0,1,0,0,0,9,0,0,0,0,0,0,0,0,0,1,7,0,0,0,0,0,0,0,1,0,0,1
667,1,1,1,0,1,0,0,11,117,34.800518012075536,0.9999999738787856,1,1,0,1,0,0,0,0,0,0,6,0,0,0,0,0,0,1,0,0,0,7,0,0,0,0,0,0,0,1,0,0,1
669,0,0,0,0,0,0,6,8,112,32.41513833532468,0.9999997162404518,1,6,0,0,0,0,0,0,1,0,6,0,0,0,0,0,0,1,0,0,0,7,0,0,0,0,0,0,0,1,0,0,0
671,0,0,0,0,0,0,10,3,77,17.318821264449824,0.4947055140095266,0,6,0,0,0,0,0,0,1,0,6,0,0,0,0,0,0,1,0,0,0,7,0,0,0,0,0,0,0,1,0,0,0
672,0,0,0,0,0,0,1,5,169,79.93951287014383,1.0,1,2,0,0,1,0,0,0,0,0,6,0,0,0,0,0,0,1,0,0,0,7,0,0,0,0,0,0,0,1,0,0,0
674,1,1,1,0,1,0,0,16,123,18.54426599221017,0.7692828103090747,1,6,0,0,0,0,0,0,1,0,6,0,0,0,0,0,0,1,0,0,0,7,0,0,0,0,0,0,0,1,0,0,0
675,1,0,1,0,1,1,0,16,176,92.4955240684251,1.0,1,6,0,0,0,0,0,0,1,0,6,0,0,0,0,0,0,1,0,0,0,7,0,0,0,0,0,0,0,1,0,0,0
677,1,1,1,0,0,0,0,7,120,47.75599699099,0.9999999999999384,1,6,0,0,0,0,0,0,1,0,6,0,0,0,0,0,0,1,0,0,0,7,0,0,0,0,0,0,0,1,0,0,1
679,0,1,0,1,0,0,0,5,67,9.914244368419089,0.000595355909046221,0,4,0,0,0,0,1,0,0,0,9,0,0,0,0,0,0,0,0,0,1,7,0,0,0,0,0,0,0,1,0,0,0
680,1,1,1,0,0,0,0,14,129,30.682443069779392,0.999998395092884,1,4,0,0,0,0,1,0,0,0,9,0,0,0,0,0,0,0,0,0,1,7,0,0,0,0,0,0,0,1,0,0,1
681,1,1,1,0,0,0,0,9,158,65.36000737782653,1.0,1,1,0,1,0,0,0,0,0,0,4,0,0,0,0,1,0,0,0,0,0,7,0,0,0,0,0,0,0,1,0,0,1
682,1,1,1,0,0,0,0,21,165,69.92729779940393,1.0,1,4,0,0,0,0,1,0,0,0,9,0,0,0,0,0,0,0,0,0,1,7,0,0,0,0,0,0,0,1,0,0,1
683,1,0,0,0,0,1,0,16,146,201.9375784307594,1.0,1,6,0,0,0,0,0,0,1,0,6,0,0,0,0,0,0,1,0,0,0,7,0,0,0,0,0,0,0,1,0,0,1
684,1,1,1,0,0,0,1,18,109,24.947926700305967,0.9995037462043248,1,6,0,0,0,0,0,0,1,0,6,0,0,0,0,0,0,1,0,0,0,7,0,0,0,0,0,0,0,1,0,0,1
685,1,0,0,0,0,0,0,5,142,217.87562436962585,1.0,1,6,0,0,0,0,0,0,1,0,6,0,0,0,0,0,0,1,0,0,0,7,0,0,0,0,0,0,0,1,0,0,1
686,0,1,0,1,0,0,0,17,158,78.8794320218928,1.0,1,6,0,0,0,0,0,0,1,0,6,0,0,0,0,0,0,1,0,0,0,7,0,0,0,0,0,0,0,1,0,0,0
687,0,1,1,0,0,0,1,8,85,4.197002515516602,1.959150800545398e-06,0,6,0,0,0,0,0,0,1,0,6,0,0,0,0,0,0,1,0,0,0,7,0,0,0,0,0,0,0,1,0,0,0
688,1,1,1,0,0,0,0,10,99,18.874956637798572,0.8227303723453487,1,4,0,0,0,0,1,0,0,0,9,0,0,0,0,0,0,0,0,0,1,7,0,0,0,0,0,0,0,1,0,0,1
689,0,1,0,0,0,1,0,6,64,14.140012282986955,0.03916618502990797,0,6,0,0,0,0,0,0,1,0,6,0,0,0,0,0,0,1,0,0,0,7,0,0,0,0,0,0,0,1,0,0,0
690,1,1,1,0,1,0,1,17,131,39.27640957877724,0.9999999997027388,1,6,0,0,0,0,0,0,1,0,6,0,0,0,0,0,0,1,0,0,0,7,0,0,0,0,0,0,0,1,0,0,1
691,0,0,0,0,0,0,2,0,27,3.574426983708023,1.051204332760155e-06,0,6,0,0,0,0,0,0,1,0,6,0,0,0,0,0,0,1,0,0,0,7,0,0,0,0,0,0,0,1,0,0,0
697,0,0,0,0,1,0,0,5,65,12.531814495044054,0.008096567860495825,0,6,0,0,0,0,0,0,1,0,6,0,0,0,0,0,0,1,0,0,0,5,0,0,0,0,0,1,0,0,0,0,0
699,1,1,1,0,0,0,0,9,157,114.35061513725756,1.0,1,1,0,1,0,0,0,0,0,0,7,0,0,0,0,0,0,0,1,0,0,6,0,0,0,0,0,0,1,0,0,0,1
700,0,1,0,1,0,0,0,14,152,43.68713657501088,0.9999999999963892,1,4,0,0,0,0,1,0,0,0,9,0,0,0,0,0,0,0,0,0,1,4,0,0,0,0,1,0,0,0,0,0,0
702,0,0,0,1,0,0,0,5,48,5.695910603440717,8.770662899534438e-06,0,4,0,0,0,0,1,0,0,0,9,0,0,0,0,0,0,0,0,0,1,8,0,0,0,0,0,0,0,0,1,0,0
704,0,1,1,0,0,0,0,6,79,8.659967551863906,0.0001699166765095557,0,1,0,1,0,0,0,0,0,0,7,0,0,0,0,0,0,0,1,0,0,6,0,0,0,0,0,0,1,0,0,0,0
705,0,1,1,0,0,0,0,9,136,42.81457040821113,0.9999999999913596,1,6,0,0,0,0,0,0,1,0,6,0,0,0,0,0,0,1,0,0,0,7,0,0,0,0,0,0,0,1,0,0,0
706,0,0,0,0,0,0,0,1,146,72.35538030924452,1.0,1,6,0,0,0,0,0,0,1,0,6,0,0,0,0,0,0,1,0,0,0,7,0,0,0,0,0,0,0,1,0,0,0
709,1,0,0,0,0,0,0,12,106,52.70452937355092,0.9999999999999996,1,0,1,0,0,0,0,0,0,0,6,0,0,0,0,0,0,1,0,0,0,7,0,0,0,0,0,0,0,1,0,0,1
710,1,1,1,0,0,0,0,27,146,177.85932675176034,1.0,1,4,0,0,0,0,1,0,0,0,9,0,0,0,0,0,0,0,0,0,1,7,0,0,0,0,0,0,0,1,0,0,1
712,1,1,1,0,0,0,0,14,132,120.4653632468488,1.0,1,6,0,0,0,0,0,0,1,0,6,0,0,0,0,0,0,1,0,0,0,7,0,0,0,0,0,0,0,1,0,0,1
713,1,1,1,0,0,0,0,12,132,120.4653632468488,1.0,1,6,0,0,0,0,0,0,1,0,6,0,0,0,0,0,0,1,0,0,0,7,0,0,0,0,0,0,0,1,0,0,1
714,1,1,1,0,1,0,0,9,134,69.39632427089258,1.0,1,6,0,0,0,0,0,0,1,0,6,0,0,0,0,0,0,1,0,0,0,7,0,0,0,0,0,0,0,1,0,0,1
716,1,1,0,0,0,0,0,23,72,7.0706702086293225,3.4679408179465445e-05,0,6,0,0,0,0,0,0,1,0,6,0,0,0,0,0,0,1,0,0,0,7,0,0,0,0,0,0,0,1,0,0,1
717,1,1,1,0,0,0,0,17,138,128.88289163541072,1.0,1,4,0,0,0,0,1,0,0,0,2,0,0,1,0,0,0,0,0,0,0,3,0,0,0,1,0,0,0,0,0,0,1
719,0,1,0,0,1,0,1,6,101,20.511248153503924,0.9597378423072092,1,4,0,0,0,0,1,0,0,0,2,0,0,1,0,0,0,0,0,0,0,3,0,0,0,1,0,0,0,0,0,0,0
720,0,1,1,0,0,0,0,4,52,2.7540911200912896,4.6282846256131e-07,0,6,0,0,0,0,0,0,1,0,6,0,0,0,0,0,0,1,0,0,0,7,0,0,0,0,0,0,0,1,0,0,0
721,0,0,0,0,0,0,0,25,148,51.457354930970794,0.9999999999999984,1,1,0,1,0,0,0,0,0,0,6,0,0,0,0,0,0,1,0,0,0,7,0,0,0,0,0,0,0,1,0,0,0
724,1,1,1,0,0,0,0,16,132,120.4653632468488,1.0,1,6,0,0,0,0,0,0,1,0,6,0,0,0,0,0,0,1,0,0,0,7,0,0,0,0,0,0,0,1,0,0,1
725,1,1,1,0,0,0,0,31,148,135.957135375304,1.0,1,4,0,0,0,0,1,0,0,0,9,0,0,0,0,0,0,0,0,0,1,2,0,0,1,0,0,0,0,0,0,0,1
726,0,1,0,1,0,0,3,15,161,30.79297892742087,0.9999985630393928,1,4,0,0,0,0,1,0,0,0,9,0,0,0,0,0,0,0,0,0,1,4,0,0,0,0,1,0,0,0,0,0,0
727,1,1,1,0,0,0,0,16,130,88.07421893149473,1.0,1,7,0,0,0,0,0,0,0,1,0,1,0,0,0,0,0,0,0,0,0,7,0,0,0,0,0,0,0,1,0,0,0
728,0,0,0,1,0,0,0,8,110,14.522311975866534,0.05637579899573838,0,6,0,0,0,0,0,0,1,0,6,0,0,0,0,0,0,1,0,0,0,7,0,0,0,0,0,0,0,1,0,0,0
729,1,1,1,0,0,0,0,16,162,130.28859017487304,1.0,1,2,0,0,1,0,0,0,0,0,6,0,0,0,0,0,0,1,0,0,0,7,0,0,0,0,0,0,0,1,0,0,1
730,1,1,1,0,0,0,0,20,154,135.17065900900582,1.0,1,2,0,0,1,0,0,0,0,0,8,0,0,0,0,0,0,0,0,1,0,7,0,0,0,0,0,0,0,1,0,0,1
731,1,1,1,0,0,0,0,14,140,142.18218340023498,1.0,1,6,0,0,0,0,0,0,1,0,6,0,0,0,0,0,0,1,0,0,0,7,0,0,0,0,0,0,0,1,0,0,1
732,0,1,1,0,1,1,0,12,143,11.032969124260788,0.001820120348519545,0,6,0,0,0,0,0,0,1,0,6,0,0,0,0,0,0,1,0,0,0,7,0,0,0,0,0,0,0,1,0,0,0
734,1,1,1,0,0,0,0,18,139,129.36492321172622,1.0,1,6,0,0,0,0,0,0,1,0,6,0,0,0,0,0,0,1,0,0,0,7,0,0,0,0,0,0,0,1,0,0,1
735,0,1,0,1,0,0,0,6,104,22.928623911836,0.9962737656239314,1,2,0,0,1,0,0,0,0,0,6,0,0,0,0,0,0,1,0,0,0,7,0,0,0,0,0,0,0,1,0,0,0
736,1,1,1,0,0,0,0,15,135,135.17065900900582,1.0,1,6,0,0,0,0,0,0,1,0,6,0,0,0,0,0,0,1,0,0,0,7,0,0,0,0,0,0,0,1,0,0,1
737,1,1,1,0,0,0,0,15,138,130.53739162847012,1.0,1,1,0,1,0,0,0,0,0,0,6,0,0,0,0,0,0,1,0,0,0,7,0,0,0,0,0,0,0,1,0,0,1
738,1,1,1,0,0,0,0,21,152,153.07077564170638,1.0,1,6,0,0,0,0,0,0,1,0,6,0,0,0,0,0,0,1,0,0,0,2,0,0,1,0,0,0,0,0,0,0,1
739,1,0,0,0,0,0,18,6,159,150.14185121782836,1.0,1,6,0,0,0,0,0,0,1,0,6,0,0,0,0,0,0,1,0,0,0,7,0,0,0,0,0,0,0,1,0,0,1
740,1,1,1,0,0,0,0,19,154,150.58287781917562,1.0,1,7,0,0,0,0,0,0,0,1,6,0,0,0,0,0,0,1,0,0,0,7,0,0,0,0,0,0,0,1,0,0,1
744,0,0,0,1,0,0,1,4,80,6.561752477334464,2.0847669916834038e-05,0,6,0,0,0,0,0,0,1,0,6,0,0,0,0,0,0,1,0,0,0,7,0,0,0,0,0,0,0,1,0,0,0
745,1,1,1,0,0,0,0,15,144,131.05735893371738,1.0,1,2,0,0,1,0,0,0,0,0,6,0,0,0,0,0,0,1,0,0,0,7,0,0,0,0,0,0,0,1,0,0,1
746,0,1,1,0,1,0,0,26,134,5.6848034563564855,8.673785712207825e-06,0,4,0,0,0,0,1,0,0,0,9,0,0,0,0,0,0,0,0,0,1,4,0,0,0,0,1,0,0,0,0,0,0
748,0,1,1,1,0,0,0,17,122,7.994053255310947,8.731100360253084e-05,0,4,0,0,0,0,1,0,0,0,9,0,0,0,0,0,0,0,0,0,1,7,0,0,0,0,0,0,0,1,0,0,0
751,0,0,0,0,0,0,0,0,55,4.529124223872116,2.7309022549957032e-06,0,6,0,0,0,0,0,0,1,0,6,0,0,0,0,0,0,1,0,0,0,7,0,0,0,0,0,0,0,1,0,0,1
752,0,1,1,0,1,0,0,22,136,5.4803518417590045,7.069963588365128e-06,0,6,0,0,0,0,0,0,1,0,6,0,0,0,0,0,0,1,0,0,0,7,0,0,0,0,0,0,0,1,0,0,0
753,0,1,1,0,0,0,0,30,138,33.53602898160498,0.999999907497399,1,6,0,0,0,0,0,0,1,0,6,0,0,0,0,0,0,1,0,0,0,7,0,0,0,0,0,0,0,1,0,0,0
754,0,1,1,0,0,1,0,38,79,86.29026561950207,1.0,1,4,0,0,0,0,1,0,0,0,9,0,0,0,0,0,0,0,0,0,1,5,0,0,0,0,0,1,0,0,0,0,0
755,0,1,1,0,0,1,0,7,149,35.47889852670618,0.9999999867451,1,3,0,0,0,1,0,0,0,0,6,0,0,0,0,0,0,1,0,0,0,7,0,0,0,0,0,0,0,1,0,0,0
758,0,1,1,0,1,0,0,60,137,71.85889020434495,1.0,1,6,0,0,0,0,0,0,1,0,6,0,0,0,0,0,0,1,0,0,0,7,0,0,0,0,0,0,0,1,0,0,0
759,0,1,1,0,0,0,0,19,130,11.888828684096351,0.004272938949413717,0,6,0,0,0,0,0,0,1,0,6,0,0,0,0,0,0,1,0,0,0,7,0,0,0,0,0,0,0,1,0,0,0
761,0,0,1,0,1,0,0,19,168,10.046384635106305,0.0006794037385489032,0,4,0,0,0,0,1,0,0,0,9,0,0,0,0,0,0,0,0,0,1,7,0,0,0,0,0,0,0,1,0,0,0
762,0,1,1,0,0,0,0,19,135,21.920267257213244,0.98985188409939,1,6,0,0,0,0,0,0,1,0,6,0,0,0,0,0,0,1,0,0,0,7,0,0,0,0,0,0,0,1,0,0,0
763,0,0,0,0,0,0,0,1,125,13.61485522582543,0.023542020791857615,0,6,0,0,0,0,0,0,1,0,6,0,0,0,0,0,0,1,0,0,0,7,0,0,0,0,0,0,0,1,0,0,0
767,0,0,0,0,0,0,0,5,119,56.0067130317056,1.0,1,4,0,0,0,0,1,0,0,0,9,0,0,0,0,0,0,0,0,0,1,5,0,0,0,0,0,1,0,0,0,0,0
770,0,0,1,1,0,2,0,21,161,30.97381155940765,0.9999988007482756,1,4,0,0,0,0,1,0,0,0,9,0,0,0,0,0,0,0,0,0,1,7,0,0,0,0,0,0,0,1,0,0,0
773,0,1,1,0,0,0,0,66,128,13.8034338930615,0.02828953030920736,0,6,0,0,0,0,0,0,1,0,6,0,0,0,0,0,0,1,0,0,0,7,0,0,0,0,0,0,0,1,0,0,0
774,0,1,1,0,0,0,0,21,155,15.593016216761539,0.14842803510976452,0,4,0,0,0,0,1,0,0,0,9,0,0,0,0,0,0,0,0,0,1,7,0,0,0,0,0,0,0,1,0,0,0
775,1,0,0,0,0,0,0,0,86,29.663365946945763,0.9999955533981983,1,6,0,0,0,0,0,0,1,0,6,0,0,0,0,0,0,1,0,0,0,7,0,0,0,0,0,0,0,1,0,0,0
777,0,1,1,0,0,0,2,19,127,10.156624239421088,0.0007585251716947393,0,6,0,0,0,0,0,0,1,0,6,0,0,0,0,0,0,1,0,0,0,7,0,0,0,0,0,0,0,1,0,0,0
779,1,1,1,0,1,0,0,14,129,14.04132057173898,0.035616520443479856,0,4,0,0,0,0,1,0,0,0,9,0,0,0,0,0,0,0,0,0,1,7,0,0,0,0,0,0,0,1,0,0,0
781,0,1,1,0,1,0,0,18,155,15.667734303979351,0.15812233647859128,0,7,0,0,0,0,0,0,0,1,6,0,0,0,0,0,0,1,0,0,0,7,0,0,0,0,0,0,0,1,0,0,0
782,0,1,1,0,0,0,0,15,138,24.14746559223975,0.9988957296432558,1,2,0,0,1,0,0,0,0,0,6,0,0,0,0,0,0,1,0,0,0,7,0,0,0,0,0,0,0,1,0,0,0
783,0,1,1,1,1,0,0,13,162,12.30362695558027,0.0064553289267629595,0,6,0,0,0,0,0,0,1,0,6,0,0,0,0,0,0,1,0,0,0,7,0,0,0,0,0,0,0,1,0,0,0
784,0,1,1,0,0,1,0,50,105,90.26789096969335,1.0,1,2,0,0,1,0,0,0,0,0,6,0,0,0,0,0,0,1,0,0,0,7,0,0,0,0,0,0,0,1,0,0,0
786,0,1,1,1,0,0,0,11,81,5.689161053986955,8.711664721802843e-06,0,2,0,0,1,0,0,0,0,0,6,0,0,0,0,0,0,1,0,0,0,7,0,0,0,0,0,0,0,1,0,0,0
787,0,0,0,0,0,0,0,6,101,12.34754078239349,0.0067431694153943286,0,1,0,1,0,0,0,0,0,0,6,0,0,0,0,0,0,1,0,0,0,7,0,0,0,0,0,0,0,1,0,0,0
788,0,1,1,0,0,0,4,6,104,10.824379475774407,0.0014779495853935517,0,4,0,0,0,0,1,0,0,0,6,0,0,0,0,0,0,1,0,0,0,7,0,0,0,0,0,0,0,1,0,0,0
790,0,1,1,1,1,1,4,9,131,12.913163914124668,0.011811076897865334,0,4,0,0,0,0,1,0,0,0,2,0,0,1,0,0,0,0,0,0,0,7,0,0,0,0,0,0,0,1,0,0,0
791,1,1,1,0,1,0,0,7,86,3.4568760033612813,9.346208188395086e-07,0,6,0,0,0,0,0,0,1,0,6,0,0,0,0,0,0,1,0,0,0,7,0,0,0,0,0,0,0,1,0,0,0
794,1,1,1,0,0,0,0,15,150,48.535950959979154,0.9999999999999718,1,6,0,0,0,0,0,0,1,0,6,0,0,0,0,0,0,1,0,0,0,7,0,0,0,0,0,0,0,1,0,0,0
795,0,0,0,0,0,0,0,4,75,6.982897273814294,3.176534977287701e-05,0,4,0,0,0,0,1,0,0,0,9,0,0,0,0,0,0,0,0,0,1,7,0,0,0,0,0,0,0,1,0,0,1
796,1,1,1,0,0,0,0,59,142,137.8138106120077,1.0,1,4,0,0,0,0,1,0,0,0,9,0,0,0,0,0,0,0,0,0,1,5,0,0,0,0,0,1,0,0,0,0,0
797,1,1,1,0,0,1,0,73,134,113.22620976921628,1.0,1,6,0,0,0,0,0,0,1,0,6,0,0,0,0,0,0,1,0,0,0,7,0,0,0,0,0,0,0,1,0,0,1
798,0,1,1,1,0,0,0,15,105,4.939915756441171,4.118224797734656e-06,0,6,0,0,0,0,0,0,1,0,6,0,0,0,0,0,0,1,0,0,0,7,0,0,0,0,0,0,0,1,0,0,0
799,0,1,1,1,0,0,0,18,145,66.41966741044764,1.0,1,6,0,0,0,0,0,0,1,0,6,0,0,0,0,0,0,1,0,0,0,7,0,0,0,0,0,0,0,1,0,0,0
800,0,1,1,1,0,0,0,44,144,38.78959228347649,0.9999999995163174,1,6,0,0,0,0,0,0,1,0,6,0,0,0,0,0,0,1,0,0,0,7,0,0,0,0,0,0,0,1,0,0,0
801,1,1,1,0,0,6,0,9,114,22.57294825602123,0.994690575476708,1,1,0,1,0,0,0,0,0,0,6,0,0,0,0,0,0,1,0,0,0,7,0,0,0,0,0,0,0,1,0,0,0
802,0,1,1,0,0,1,0,9,146,23.346242533129374,0.9975427263863952,1,6,0,0,0,0,0,0,1,0,6,0,0,0,0,0,0,1,0,0,0,7,0,0,0,0,0,0,0,1,0,0,0
803,0,1,1,0,1,1,7,10,92,5.503838655426892,7.2379786497031415e-06,0,6,0,0,0,0,0,0,1,0,6,0,0,0,0,0,0,1,0,0,0,7,0,0,0,0,0,0,0,1,0,0,0
804,0,1,0,0,1,0,0,12,156,49.45756620133625,0.9999999999999888,1,1,0,1,0,0,0,0,0,0,6,0,0,0,0,0,0,1,0,0,0,7,0,0,0,0,0,0,0,1,0,0,0
805,1,1,0,0,0,0,0,8,118,37.85709668271646,0.9999999987710388,1,6,0,0,0,0,0,0,1,0,6,0,0,0,0,0,0,1,0,0,0,7,0,0,0,0,0,0,0,1,0,0,1
806,0,1,1,1,0,0,0,16,159,43.14471416248863,0.9999999999937892,1,7,0,0,0,0,0,0,0,1,0,1,0,0,0,0,0,0,0,0,0,7,0,0,0,0,0,0,0,1,0,0,1
807,0,0,0,0,0,0,0,42,57,40.12929276461154,0.9999999998733118,1,6,0,0,0,0,0,0,1,0,6,0,0,0,0,0,0,1,0,0,0,7,0,0,0,0,0,0,0,1,0,0,0
808,0,0,0,1,0,2,5,13,93,15.646850572266553,0.15536210861201288,0,4,0,0,0,0,1,0,0,0,9,0,0,0,0,0,0,0,0,0,1,7,0,0,0,0,0,0,0,1,0,0,0
809,0,1,0,0,1,0,0,6,67,11.616534683886973,0.003257717924306571,0,4,0,0,0,0,1,0,0,0,9,0,0,0,0,0,0,0,0,0,1,7,0,0,0,0,0,0,0,1,0,0,0
810,0,1,1,0,0,0,0,19,122,14.3651583258061,0.0485754709960738,0,6,0,0,0,0,0,0,1,0,6,0,0,0,0,0,0,1,0,0,0,7,0,0,0,0,0,0,0,1,0,0,0
812,0,1,1,0,1,1,0,11,101,5.286353633388711,5.823249085503018e-06,0,6,0,0,0,0,0,0,1,0,6,0,0,0,0,0,0,1,0,0,0,7,0,0,0,0,0,0,0,1,0,0,0
814,1,1,1,0,0,0,0,8,113,76.76972936157327,1.0,1,6,0,0,0,0,0,0,1,0,6,0,0,0,0,0,0,1,0,0,0,7,0,0,0,0,0,0,0,1,0,0,1
815,0,1,1,1,0,1,0,13,87,11.710570203231866,0.003577775687519249,0,6,0,0,0,0,0,0,1,0,6,0,0,0,0,0,0,1,0,0,0,7,0,0,0,0,0,0,0,1,0,0,0
817,0,0,0,1,0,0,0,3,42,0.9246767062398102,7.428748278060211e-08,0,4,0,0,0,0,1,0,0,0,9,0,0,0,0,0,0,0,0,0,1,7,0,0,0,0,0,0,0,1,0,0,0
818,0,0,0,1,0,0,0,7,154,39.75105010876923,0.9999999998150711,1,4,0,0,0,0,1,0,0,0,9,0,0,0,0,0,0,0,0,0,1,7,0,0,0,0,0,0,0,1,0,0,0
819,0,0,0,1,0,0,0,6,79,10.809374348819675,0.0014559703659064172,0,0,1,0,0,0,0,0,0,0,6,0,0,0,0,0,0,1,0,0,0,7,0,0,0,0,0,0,0,1,0,0,0
820,0,1,1,0,0,0,0,16,65,5.590865955421137,7.896097240832205e-06,0,4,0,0,0,0,1,0,0,0,9,0,0,0,0,0,0,0,0,0,1,1,0,1,0,0,0,0,0,0,0,0,0
822,0,1,1,0,0,0,0,61,142,137.8138106120077,1.0,1,4,0,0,0,0,1,0,0,0,9,0,0,0,0,0,0,0,0,0,1,5,0,0,0,0,0,1,0,0,0,0,0
823,0,1,0,0,0,0,0,8,117,37.85709668271646,0.9999999987710388,1,6,0,0,0,0,0,0,1,0,6,0,0,0,0,0,0,1,0,0,0,7,0,0,0,0,0,0,0,1,0,0,1
826,0,1,1,1,1,0,0,17,155,6.532300695759648,2.0242634740725973e-05,0,5,0,0,0,0,0,1,0,0,1,0,1,0,0,0,0,0,0,0,0,7,0,0,0,0,0,0,0,1,0,0,0
828,0,0,0,0,0,0,0,9,141,38.447533124375994,0.9999999993190508,1,4,0,0,0,0,1,0,0,0,9,0,0,0,0,0,0,0,0,0,1,0,1,0,0,0,0,0,0,0,0,0,0
829,1,1,1,0,0,0,0,9,130,72.34441802994645,1.0,1,4,0,0,0,0,1,0,0,0,9,0,0,0,0,0,0,0,0,0,1,9,0,0,0,0,0,0,0,0,0,1,1
832,0,1,1,1,0,0,0,14,96,30.87954567450689,0.99999868220015,1,6,0,0,0,0,0,0,1,0,6,0,0,0,0,0,0,1,0,0,0,7,0,0,0,0,0,0,0,1,0,0,0
833,0,1,1,1,1,0,0,17,149,20.813536875493647,0.9699253613746376,1,6,0,0,0,0,0,0,1,0,6,0,0,0,0,0,0,1,0,0,0,7,0,0,0,0,0,0,0,1,0,0,1
834,1,1,1,1,0,0,0,13,141,104.7519495352738,1.0,1,4,0,0,0,0,1,0,0,0,9,0,0,0,0,0,0,0,0,0,1,7,0,0,0,0,0,0,0,1,0,0,1
835,1,0,1,0,0,0,0,8,105,29.60005185309962,0.9999952627634108,1,6,0,0,0,0,0,0,1,0,6,0,0,0,0,0,0,1,0,0,0,7,0,0,0,0,0,0,0,1,0,0,1
836,0,1,1,0,0,0,0,6,136,87.51800131170906,1.0,1,4,0,0,0,0,1,0,0,0,9,0,0,0,0,0,0,0,0,0,1,8,0,0,0,0,0,0,0,0,1,0,1
837,1,1,1,1,0,0,0,12,143,81.53445928835265,1.0,1,4,0,0,0,0,1,0,0,0,9,0,0,0,0,0,0,0,0,0,1,7,0,0,0,0,0,0,0,1,0,0,1
838,1,1,1,0,1,0,1,18,151,93.22719479651116,1.0,1,6,0,0,0,0,0,0,1,0,6,0,0,0,0,0,0,1,0,0,0,7,0,0,0,0,0,0,0,1,0,0,1
840,1,1,1,0,0,0,0,10,158,70.1480925495044,1.0,1,4,0,0,0,0,1,0,0,0,9,0,0,0,0,0,0,0,0,0,1,7,0,0,0,0,0,0,0,1,0,0,1
841,0,1,1,1,0,0,0,15,117,29.60384493055041,0.9999952806979964,1,4,0,0,0,0,1,0,0,0,9,0,0,0,0,0,0,0,0,0,1,7,0,0,0,0,0,0,0,1,0,0,1
842,0,1,1,1,1,0,0,23,163,23.76803270500336,0.9983869799141016,1,4,0,0,0,0,1,0,0,0,9,0,0,0,0,0,0,0,0,0,1,7,0,0,0,0,0,0,0,1,0,0,1
843,0,1,1,1,0,0,0,10,137,96.39983799458956,1.0,1,4,0,0,0,0,1,0,0,0,9,0,0,0,0,0,0,0,0,0,1,7,0,0,0,0,0,0,0,1,0,0,1
845,1,1,1,0,0,0,0,8,140,81.12850625459596,1.0,1,6,0,0,0,0,0,0,1,0,6,0,0,0,0,0,0,1,0,0,0,7,0,0,0,0,0,0,0,1,0,0,1
846,1,1,1,0,0,0,0,8,155,97.5226300750998,1.0,1,4,0,0,0,0,1,0,0,0,9,0,0,0,0,0,0,0,0,0,1,7,0,0,0,0,0,0,0,1,0,0,1
848,1,1,1,0,1,0,0,8,123,73.18542134501307,1.0,1,6,0,0,0,0,0,0,1,0,6,0,0,0,0,0,0,1,0,0,0,7,0,0,0,0,0,0,0,1,0,0,1
849,1,1,1,0,1,0,0,6,137,66.0476633111398,1.0,1,6,0,0,0,0,0,0,1,0,6,0,0,0,0,0,0,1,0,0,0,7,0,0,0,0,0,0,0,1,0,0,1
851,0,0,0,0,0,0,0,16,159,115.68749830878453,1.0,1,4,0,0,0,0,1,0,0,0,9,0,0,0,0,0,0,0,0,0,1,7,0,0,0,0,0,0,0,1,0,0,1
852,1,1,1,1,0,0,0,9,150,54.96025947154463,1.0,1,2,0,0,1,0,0,0,0,0,8,0,0,0,0,0,0,0,0,1,0,7,0,0,0,0,0,0,0,1,0,0,1
853,0,1,1,0,1,0,0,5,117,66.0476633111398,1.0,1,6,0,0,0,0,0,0,1,0,6,0,0,0,0,0,0,1,0,0,0,7,0,0,0,0,0,0,0,1,0,0,1
856,1,1,1,0,0,0,0,9,111,75.59074877206174,1.0,1,6,0,0,0,0,0,0,1,0,6,0,0,0,0,0,0,1,0,0,0,7,0,0,0,0,0,0,0,1,0,0,1
857,1,1,1,0,0,0,0,17,162,86.50837018137364,1.0,1,4,0,0,0,0,1,0,0,0,9,0,0,0,0,0,0,0,0,0,1,7,0,0,0,0,0,0,0,1,0,0,1
859,0,0,1,0,0,0,0,12,118,30.02503658369846,0.9999969028854828,1,6,0,0,0,0,0,0,1,0,6,0,0,0,0,0,0,1,0,0,0,7,0,0,0,0,0,0,0,1,0,0,1
860,0,1,1,1,0,0,0,14,128,26.479492382694445,0.9998926697167844,1,4,0,0,0,0,1,0,0,0,9,0,0,0,0,0,0,0,0,0,1,7,0,0,0,0,0,0,0,1,0,0,0
863,1,1,1,1,1,0,0,12,157,32.03990890861205,0.9999995870376132,1,4,0,0,0,0,1,0,0,0,9,0,0,0,0,0,0,0,0,0,1,5,0,0,0,0,0,1,0,0,0,0,1
864,0,1,1,1,0,0,0,8,105,31.63630986331368,0.9999993817113898,1,4,0,0,0,0,1,0,0,0,9,0,0,0,0,0,0,0,0,0,1,7,0,0,0,0,0,0,0,1,0,0,1
866,1,1,1,0,0,0,0,13,118,48.03494982988901,0.9999999999999534,1,4,0,0,0,0,1,0,0,0,9,0,0,0,0,0,0,0,0,0,1,7,0,0,0,0,0,0,0,1,0,0,1
867,1,1,1,0,1,0,0,22,170,22.371716388910894,0.9935147361345816,1,4,0,0,0,0,1,0,0,0,9,0,0,0,0,0,0,0,0,0,1,7,0,0,0,0,0,0,0,1,0,0,1
868,0,1,1,0,1,0,0,15,168,34.911657524849765,0.9999999766263742,1,6,0,0,0,0,0,0,1,0,6,0,0,0,0,0,0,1,0,0,0,7,0,0,0,0,0,0,0,1,0,0,0
870,1,1,1,1,0,0,0,7,141,91.30477497638658,1.0,1,4,0,0,0,0,1,0,0,0,9,0,0,0,0,0,0,0,0,0,1,2,0,0,1,0,0,0,0,0,0,0,1
871,1,0,1,0,1,0,0,8,103,17.52714937710957,0.5466512607588434,1,6,0,0,0,0,0,0,1,0,6,0,0,0,0,0,0,1,0,0,0,7,0,0,0,0,0,0,0,1,0,0,1
872,1,1,1,0,0,0,0,6,109,66.0476633111398,1.0,1,6,0,0,0,0,0,0,1,0,6,0,0,0,0,0,0,1,0,0,0,7,0,0,0,0,0,0,0,1,0,0,1
873,1,1,1,0,1,0,0,11,126,65.50332600448631,1.0,1,6,0,0,0,0,0,0,1,0,6,0,0,0,0,0,0,1,0,0,0,7,0,0,0,0,0,0,0,1,0,0,1
874,0,0,1,1,0,0,0,15,119,25.795721819393826,0.9997873652125489,1,6,0,0,0,0,0,0,1,0,6,0,0,0,0,0,0,1,0,0,0,7,0,0,0,0,0,0,0,1,0,0,1
875,0,0,1,0,0,0,0,6,109,66.0476633111398,1.0,1,6,0,0,0,0,0,0,1,0,6,0,0,0,0,0,0,1,0,0,0,7,0,0,0,0,0,0,0,1,0,0,1
876,1,1,1,0,1,0,0,22,165,20.122246319074012,0.9417088746750281,1,2,0,0,1,0,0,0,0,0,6,0,0,0,0,0,0,1,0,0,0,7,0,0,0,0,0,0,0,1,0,0,1
877,1,1,1,1,0,0,0,14,123,83.34581307149156,1.0,1,6,0,0,0,0,0,0,1,0,6,0,0,0,0,0,0,1,0,0,0,7,0,0,0,0,0,0,0,1,0,0,1
878,0,1,1,0,0,0,0,14,173,22.650182751063053,0.9950832700213053,1,4,0,0,0,0,1,0,0,0,9,0,0,0,0,0,0,0,0,0,1,9,0,0,0,0,0,0,0,0,0,1,1
881,1,0,0,0,0,0,0,1,40,4.595763809765461,2.9190886127416903e-06,0,6,0,0,0,0,0,0,1,0,6,0,0,0,0,0,0,1,0,0,0,7,0,0,0,0,0,0,0,1,0,0,1
882,1,1,1,1,0,3,0,81,174,322.8135058582025,1.0,1,6,0,0,0,0,0,0,1,0,6,0,0,0,0,0,0,1,0,0,0,7,0,0,0,0,0,0,0,1,0,0,1
883,1,0,1,0,1,0,0,24,163,47.64010517091457,0.9999999999999308,1,5,0,0,0,0,0,1,0,0,1,0,1,0,0,0,0,0,0,0,0,7,0,0,0,0,0,0,0,1,0,0,1
884,0,0,1,0,0,0,0,5,155,28.33436937186665,0.9999832042749918,1,6,0,0,0,0,0,0,1,0,6,0,0,0,0,0,0,1,0,0,0,7,0,0,0,0,0,0,0,1,0,0,1
885,1,1,1,1,0,0,1,31,165,131.25068135275023,1.0,1,6,0,0,0,0,0,0,1,0,6,0,0,0,0,0,0,1,0,0,0,7,0,0,0,0,0,0,0,1,0,0,1
886,1,0,0,1,0,0,1,6,131,77.50016659072195,1.0,1,6,0,0,0,0,0,0,1,0,6,0,0,0,0,0,0,1,0,0,0,7,0,0,0,0,0,0,0,1,0,0,1
888,1,1,1,0,1,0,0,16,127,24.26117392112023,0.9990143015735444,1,7,0,0,0,0,0,0,0,1,0,1,0,0,0,0,0,0,0,0,0,7,0,0,0,0,0,0,0,1,0,0,1
890,1,0,1,0,0,0,0,9,146,91.31903379740636,1.0,1,6,0,0,0,0,0,0,1,0,6,0,0,0,0,0,0,1,0,0,0,7,0,0,0,0,0,0,0,1,0,0,1
891,0,0,0,0,0,0,0,9,150,11.277065073579813,0.002322154683371793,0,6,0,0,0,0,0,0,1,0,6,0,0,0,0,0,0,1,0,0,0,7,0,0,0,0,0,0,0,1,0,0,1
892,0,1,1,0,1,0,0,22,168,19.82487513007592,0.9230746849610124,1,2,0,0,1,0,0,0,0,0,6,0,0,0,0,0,0,1,0,0,0,7,0,0,0,0,0,0,0,1,0,0,1
893,1,1,0,1,0,0,0,2,151,111.10643336739862,1.0,1,6,0,0,0,0,0,0,1,0,6,0,0,0,0,0,0,1,0,0,0,7,0,0,0,0,0,0,0,1,0,0,1
894,1,1,0,1,0,0,0,9,161,76.53039628770938,1.0,1,4,0,0,0,0,1,0,0,0,9,0,0,0,0,0,0,0,0,0,1,7,0,0,0,0,0,0,0,1,0,0,0
895,1,1,1,1,0,0,0,15,169,94.07930280551236,1.0,1,4,0,0,0,0,1,0,0,0,9,0,0,0,0,0,0,0,0,0,1,7,0,0,0,0,0,0,0,1,0,0,1
896,1,1,1,1,0,0,0,9,170,164.77458863750903,1.0,1,4,0,0,0,0,1,0,0,0,9,0,0,0,0,0,0,0,0,0,1,7,0,0,0,0,0,0,0,1,0,0,1
898,0,0,0,0,0,0,0,1,40,4.595763809765461,2.9190886127416903e-06,0,6,0,0,0,0,0,0,1,0,6,0,0,0,0,0,0,1,0,0,0,7,0,0,0,0,0,0,0,1,0,0,1
899,1,1,0,0,0,0,0,3,70,19.900048800603273,0.928245708198294,1,6,0,0,0,0,0,0,1,0,6,0,0,0,0,0,0,1,0,0,0,7,0,0,0,0,0,0,0,1,0,0,1
902,1,1,1,0,0,0,0,15,163,51.74764903919717,0.9999999999999988,1,6,0,0,0,0,0,0,1,0,6,0,0,0,0,0,0,1,0,0,0,7,0,0,0,0,0,0,0,1,0,0,1
903,0,1,1,0,1,0,1,19,150,11.12947125819829,0.0020041506909733962,0,6,0,0,0,0,0,0,1,0,6,0,0,0,0,0,0,1,0,0,0,7,0,0,0,0,0,0,0,1,0,0,1
905,1,1,0,1,0,0,1,35,157,129.81407739313536,1.0,1,6,0,0,0,0,0,0,1,0,6,0,0,0,0,0,0,1,0,0,0,7,0,0,0,0,0,0,0,1,0,0,1
906,0,1,0,0,0,0,0,13,154,32.722604526130176,0.999999791349396,1,6,0,0,0,0,0,0,1,0,6,0,0,0,0,0,0,1,0,0,0,7,0,0,0,0,0,0,0,1,0,0,0
907,1,0,0,0,0,0,0,1,40,4.595763809765461,2.9190886127416903e-06,0,6,0,0,0,0,0,0,1,0,6,0,0,0,0,0,0,1,0,0,0,7,0,0,0,0,0,0,0,1,0,0,1
911,0,0,0,0,1,0,1,3,160,20.198574462137397,0.9457602189751172,1,2,0,0,1,0,0,0,0,0,6,0,0,0,0,0,0,1,0,0,0,7,0,0,0,0,0,0,0,1,0,0,0
912,1,1,1,1,0,0,0,33,152,67.70146978637527,1.0,1,6,0,0,0,0,0,0,1,0,6,0,0,0,0,0,0,1,0,0,0,7,0,0,0,0,0,0,0,1,0,0,1
915,1,1,1,1,0,0,1,29,164,131.34833458908037,1.0,1,6,0,0,0,0,0,0,1,0,6,0,0,0,0,0,0,1,0,0,0,7,0,0,0,0,0,0,0,1,0,0,1
916,0,0,0,0,0,0,0,1,40,4.595763809765461,2.9190886127416903e-06,0,6,0,0,0,0,0,0,1,0,6,0,0,0,0,0,0,1,0,0,0,7,0,0,0,0,0,0,0,1,0,0,1
919,1,1,1,1,0,0,1,27,164,131.34833458908037,1.0,1,6,0,0,0,0,0,0,1,0,6,0,0,0,0,0,0,1,0,0,0,7,0,0,0,0,0,0,0,1,0,0,1
921,0,1,1,1,0,0,0,18,153,13.757766159095516,0.027060841228858646,0,6,0,0,0,0,0,0,1,0,6,0,0,0,0,0,0,1,0,0,0,7,0,0,0,0,0,0,0,1,0,0,1
923,1,1,0,0,1,0,1,6,143,25.848607723314448,0.9997983161987744,1,6,0,0,0,0,0,0,1,0,6,0,0,0,0,0,0,1,0,0,0,7,0,0,0,0,0,0,0,1,0,0,1
926,1,1,1,1,0,0,0,13,93,34.90829694930306,0.9999999765476932,1,6,0,0,0,0,0,0,1,0,6,0,0,0,0,0,0,1,0,0,0,7,0,0,0,0,0,0,0,1,0,0,1
928,1,1,1,1,1,0,0,15,167,66.36224172364372,1.0,1,5,0,0,0,0,0,1,0,0,1,0,1,0,0,0,0,0,0,0,0,7,0,0,0,0,0,0,0,1,0,0,1
929,0,0,0,1,0,0,0,3,40,1.9115783923364824,1.9930653769681368e-07,0,4,0,0,0,0,1,0,0,0,9,0,0,0,0,0,0,0,0,0,1,0,1,0,0,0,0,0,0,0,0,0,0
930,0,0,0,0,1,0,0,1,51,5.595696065901276,7.934328215849117e-06,0,6,0,0,0,0,0,0,1,0,6,0,0,0,0,0,0,1,0,0,0,7,0,0,0,0,0,0,0,1,0,0,0
931,0,1,1,0,0,1,1,6,99,10.104965171673506,0.0007203628959279941,0,6,0,0,0,0,0,0,1,0,6,0,0,0,0,0,0,1,0,0,0,7,0,0,0,0,0,0,0,1,0,0,0
932,0,0,0,0,0,0,0,1,138,44.87399657993903,0.9999999999988982,1,6,0,0,0,0,0,0,1,0,6,0,0,0,0,0,0,1,0,0,0,7,0,0,0,0,0,0,0,1,0,0,0
934,0,1,1,0,0,0,0,9,67,5.853894055260493,1.0271718494622157e-05,0,4,0,0,0,0,1,0,0,0,9,0,0,0,0,0,0,0,0,0,1,8,0,0,0,0,0,0,0,0,1,0,0
935,0,0,0,1,0,0,0,3,37,3.6171173503615712,1.0970522513323043e-06,0,4,0,0,0,0,1,0,0,0,9,0,0,0,0,0,0,0,0,0,1,7,0,0,0,0,0,0,0,1,0,0,0
936,0,1,1,0,0,0,0,14,127,32.774249864959685,0.9999998018516932,1,6,0,0,0,0,0,0,1,0,6,0,0,0,0,0,0,1,0,0,0,7,0,0,0,0,0,0,0,1,0,0,0
938,1,0,0,0,0,0,0,5,94,48.49009190194678,0.9999999999999704,1,4,0,0,0,0,1,0,0,0,9,0,0,0,0,0,0,0,0,0,1,7,0,0,0,0,0,0,0,1,0,0,1
939,0,1,1,1,1,0,0,27,154,1.5483977463487582,1.386098905619049e-07,0,4,0,0,0,0,1,0,0,0,9,0,0,0,0,0,0,0,0,0,1,7,0,0,0,0,0,0,0,1,0,0,0
940,1,0,0,0,0,0,0,5,83,58.97001528406235,1.0,1,7,0,0,0,0,0,0,0,1,6,0,0,0,0,0,0,1,0,0,0,7,0,0,0,0,0,0,0,1,0,0,0
941,0,0,0,1,0,2,0,1,54,3.145704652791101,6.846924812942856e-07,0,6,0,0,0,0,0,0,1,0,6,0,0,0,0,0,0,1,0,0,0,7,0,0,0,0,0,0,0,1,0,0,0
942,0,0,0,0,0,0,0,0,47,5.53312018887882,7.453049621241533e-06,0,6,0,0,0,0,0,0,1,0,6,0,0,0,0,0,0,1,0,0,0,7,0,0,0,0,0,0,0,1,0,0,0
944,0,0,0,0,0,0,0,1,87,27.344011447305107,0.9999547838694612,1,6,0,0,0,0,0,0,1,0,6,0,0,0,0,0,0,1,0,0,0,7,0,0,0,0,0,0,0,1,0,0,0
945,1,1,1,0,0,0,0,6,117,28.587519006231137,0.9999869605612856,1,5,0,0,0,0,0,1,0,0,1,0,1,0,0,0,0,0,0,0,0,7,0,0,0,0,0,0,0,1,0,0,1
946,1,1,1,0,1,0,0,9,113,34.32610185894162,0.9999999580212332,1,2,0,0,1,0,0,0,0,0,8,0,0,0,0,0,0,0,0,1,0,7,0,0,0,0,0,0,0,1,0,0,1
947,0,0,0,0,0,0,0,0,43,1.5441728723293962,1.3802551663960777e-07,0,6,0,0,0,0,0,0,1,0,6,0,0,0,0,0,0,1,0,0,0,7,0,0,0,0,0,0,0,1,0,0,0
948,0,1,0,1,0,1,0,4,99,13.879333657577009,0.030452353342879095,0,6,0,0,0,0,0,0,1,0,6,0,0,0,0,0,0,1,0,0,0,7,0,0,0,0,0,0,0,1,0,0,0
951,0,1,1,1,0,1,0,46,146,105.0979293511306,1.0,1,7,0,0,0,0,0,0,0,1,6,0,0,0,0,0,0,1,0,0,0,7,0,0,0,0,0,0,0,1,0,0,0
952,0,0,1,0,0,0,0,11,147,18.713736440937282,0.7979831610849312,1,6,0,0,0,0,0,0,1,0,6,0,0,0,0,0,0,1,0,0,0,7,0,0,0,0,0,0,0,1,0,0,1
953,0,0,0,0,0,0,0,3,49,9.464111435379367,0.0003796471520465136,0,6,0,0,0,0,0,0,1,0,6,0,0,0,0,0,0,1,0,0,0,7,0,0,0,0,0,0,0,1,0,0,0
955,0,0,0,0,1,0,1,48,96,149.42083837695785,1.0,1,4,0,0,0,0,1,0,0,0,9,0,0,0,0,0,0,0,0,0,1,7,0,0,0,0,0,0,0,1,0,0,0
956,0,1,1,0,0,0,6,7,134,57.69001458826828,1.0,1,6,0,0,0,0,0,0,1,0,6,0,0,0,0,0,0,1,0,0,0,7,0,0,0,0,0,0,0,1,0,0,0
957,0,1,1,0,0,0,0,5,82,8.547696278091461,0.0001518745650096343,0,6,0,0,0,0,0,0,1,0,6,0,0,0,0,0,0,1,0,0,0,7,0,0,0,0,0,0,0,1,0,0,0
958,0,1,0,1,0,0,0,4,52,1.92111360545774,2.0121605699674227e-07,0,6,0,0,0,0,0,0,1,0,6,0,0,0,0,0,0,1,0,0,0,7,0,0,0,0,0,0,0,1,0,0,0
959,0,1,0,1,0,0,0,4,82,4.881178907357366,3.883301065567035e-06,0,6,0,0,0,0,0,0,1,0,6,0,0,0,0,0,0,1,0,0,0,7,0,0,0,0,0,0,0,1,0,0,0
960,0,1,1,1,0,0,0,15,136,39.24623066057506,0.9999999996936308,1,2,0,0,1,0,0,0,0,0,8,0,0,0,0,0,0,0,0,1,0,7,0,0,0,0,0,0,0,1,0,0,0
961,0,0,1,0,1,0,0,12,130,11.974276284545315,0.004652330964968399,0,1,0,1,0,0,0,0,0,0,4,0,0,0,0,1,0,0,0,0,0,7,0,0,0,0,0,0,0,1,0,0,0
962,0,0,0,1,0,0,0,19,73,13.744022597697134,0.026701335554853902,0,4,0,0,0,0,1,0,0,0,9,0,0,0,0,0,0,0,0,0,1,7,0,0,0,0,0,0,0,1,0,0,0
963,0,1,1,1,0,1,0,15,114,11.487408574639186,0.002864218463758458,0,4,0,0,0,0,1,0,0,0,9,0,0,0,0,0,0,0,0,0,1,7,0,0,0,0,0,0,0,1,0,0,0
964,1,1,1,0,1,0,0,7,130,18.93343581971572,0.8310989498644153,1,1,0,1,0,0,0,0,0,0,6,0,0,0,0,0,0,1,0,0,0,7,0,0,0,0,0,0,0,1,0,0,1
965,0,1,1,1,0,0,1,12,117,24.509230461725828,0.9992306773306846,1,0,1,0,0,0,0,0,0,0,6,0,0,0,0,0,0,1,0,0,0,7,0,0,0,0,0,0,0,1,0,0,0
968,0,0,0,1,0,2,0,9,100,10.351365710979856,0.0009214554111885172,0,6,0,0,0,0,0,0,1,0,6,0,0,0,0,0,0,1,0,0,0,7,0,0,0,0,0,0,0,1,0,0,0
971,0,0,1,0,0,0,0,9,90,8.472914239331207,0.00014093289491023391,0,6,0,0,0,0,0,0,1,0,6,0,0,0,0,0,0,1,0,0,0,7,0,0,0,0,0,0,0,1,0,0,0
972,0,1,0,1,0,0,4,1,132,30.827244375465106,0.9999986114433952,1,6,0,0,0,0,0,0,1,0,6,0,0,0,0,0,0,1,0,0,0,7,0,0,0,0,0,0,0,1,0,0,0
974,0,1,1,0,0,0,0,43,143,14.37622602132602,0.04908953759290816,0,4,0,0,0,0,1,0,0,0,9,0,0,0,0,0,0,0,0,0,1,0,1,0,0,0,0,0,0,0,0,0,0
976,0,1,0,0,0,0,6,4,47,5.449470774366128,6.8549737064566555e-06,0,6,0,0,0,0,0,0,1,0,6,0,0,0,0,0,0,1,0,0,0,7,0,0,0,0,0,0,0,1,0,0,0
977,0,0,0,1,0,0,1,17,40,7.908568138823181,8.015790771746834e-05,0,6,0,0,0,0,0,0,1,0,6,0,0,0,0,0,0,1,0,0,0,7,0,0,0,0,0,0,0,1,0,0,0
978,0,1,1,1,1,0,0,22,177,6.4122950466818445,1.7953546121513347e-05,0,6,0,0,0,0,0,0,1,0,6,0,0,0,0,0,0,1,0,0,0,7,0,0,0,0,0,0,0,1,0,0,0
979,0,1,1,0,1,0,0,19,95,4.156166461841833,1.8807584739031017e-06,0,4,0,0,0,0,1,0,0,0,9,0,0,0,0,0,0,0,0,0,1,7,0,0,0,0,0,0,0,1,0,0,0
981,0,1,1,0,1,3,0,35,100,15.219146204734912,0.1070864041257105,0,6,0,0,0,0,0,0,1,0,6,0,0,0,0,0,0,1,0,0,0,7,0,0,0,0,0,0,0,1,0,0,0
982,1,0,0,0,0,0,0,8,126,36.21906299927453,0.9999999936769428,1,4,0,0,0,0,1,0,0,0,9,0,0,0,0,0,0,0,0,0,1,7,0,0,0,0,0,0,0,1,0,0,0
983,0,1,1,0,0,1,0,15,162,16.633109821656255,0.33028636087177354,0,1,0,1,0,0,0,0,0,0,6,0,0,0,0,0,0,1,0,0,0,7,0,0,0,0,0,0,0,1,0,0,0
984,0,1,1,0,0,1,0,30,148,30.731547326003607,0.9999984719969236,1,6,0,0,0,0,0,0,1,0,6,0,0,0,0,0,0,1,0,0,0,7,0,0,0,0,0,0,0,1,0,0,0
985,0,1,1,0,0,1,0,28,156,39.558749429927786,0.9999999997758596,1,4,0,0,0,0,1,0,0,0,9,0,0,0,0,0,0,0,0,0,1,5,0,0,0,0,0,1,0,0,0,0,0
986,0,0,0,0,0,0,0,3,77,10.495819095156842,0.0010645043617324022,0,6,0,0,0,0,0,0,1,0,6,0,0,0,0,0,0,1,0,0,0,7,0,0,0,0,0,0,0,1,0,0,0
987,0,1,0,1,0,0,0,5,129,12.870590836351562,0.011324371071915506,0,6,0,0,0,0,0,0,1,0,6,0,0,0,0,0,0,1,0,0,0,7,0,0,0,0,0,0,0,1,0,0,0
990,0,1,1,0,0,0,0,11,95,3.9675828775063366,1.5575154290989515e-06,0,6,0,0,0,0,0,0,1,0,6,0,0,0,0,0,0,1,0,0,0,7,0,0,0,0,0,0,0,1,0,0,0
991,0,1,1,1,1,0,0,22,174,31.202811181792704,0.9999990462002905,1,6,0,0,0,0,0,0,1,0,6,0,0,0,0,0,0,1,0,0,0,7,0,0,0,0,0,0,0,1,0,0,0
992,0,1,0,1,0,0,0,3,50,2.5917068127044383,3.9345718493969775e-07,0,6,0,0,0,0,0,0,1,0,6,0,0,0,0,0,0,1,0,0,0,7,0,0,0,0,0,0,0,1,0,0,0
993,0,0,0,0,1,2,0,4,98,12.5619464608191,0.008342179966754341,0,6,0,0,0,0,0,0,1,0,6,0,0,0,0,0,0,1,0,0,0,7,0,0,0,0,0,0,0,1,0,0,0
994,0,1,0,1,0,0,0,12,130,21.53682081217984,0.9851796213559318,1,4,0,0,0,0,1,0,0,0,9,0,0,0,0,0,0,0,0,0,1,7,0,0,0,0,0,0,0,1,0,0,0
996,0,1,0,1,0,0,0,56,88,160.43714593960118,1.0,1,6,0,0,0,0,0,0,1,0,6,0,0,0,0,0,0,1,0,0,0,7,0,0,0,0,0,0,0,1,0,0,0
997,0,1,1,1,0,3,0,17,147,19.34954876710444,0.8817959974686104,1,6,0,0,0,0,0,0,1,0,6,0,0,0,0,0,0,1,0,0,0,7,0,0,0,0,0,0,0,1,0,0,0
998,0,0,0,0,1,0,0,11,113,18.909354634185185,0.827691586803803,1,7,0,0,0,0,0,0,0,1,6,0,0,0,0,0,0,1,0,0,0,7,0,0,0,0,0,0,0,1,0,0,0
999,0,0,0,1,0,0,2,2,52,0.5983234100478764,5.3602150760053934e-08,0,6,0,0,0,0,0,0,1,0,6,0,0,0,0,0,0,1,0,0,0,7,0,0,0,0,0,0,0,1,0,0,0
1001,0,1,0,1,0,3,0,3,138,9.799048747627394,0.0005306106717428434,0,6,0,0,0,0,0,0,1,0,6,0,0,0,0,0,0,1,0,0,0,7,0,0,0,0,0,0,0,1,0,0,0
1002,0,1,1,0,0,0,0,25,139,57.48056466927123,1.0,1,6,0,0,0,0,0,0,1,0,6,0,0,0,0,0,0,1,0,0,0,7,0,0,0,0,0,0,0,1,0,0,0
1004,0,1,1,0,0,0,0,11,132,36.95482841429639,0.9999999969703792,1,6,0,0,0,0,0,0,1,0,6,0,0,0,0,0,0,1,0,0,0,7,0,0,0,0,0,0,0,1,0,0,0
1005,0,0,0,0,0,0,0,1,65,8.335382192515661,0.0001228261470354132,0,6,0,0,0,0,0,0,1,0,6,0,0,0,0,0,0,1,0,0,0,7,0,0,0,0,0,0,0,1,0,0,0
1006,0,0,0,0,0,0,4,4,57,3.371725136425942,8.58331265276927e-07,0,7,0,0,0,0,0,0,0,1,6,0,0,0,0,0,0,1,0,0,0,7,0,0,0,0,0,0,0,1,0,0,0
1008,0,0,0,1,0,1,0,2,104,28.58109415794966,0.9999868765162704,1,6,0,0,0,0,0,0,1,0,6,0,0,0,0,0,0,1,0,0,0,7,0,0,0,0,0,0,0,1,0,0,0
1009,0,0,0,1,0,0,0,15,46,4.121897479226506,1.8173987487410141e-06,0,6,0,0,0,0,0,0,1,0,6,0,0,0,0,0,0,1,0,0,0,7,0,0,0,0,0,0,0,1,0,0,0
1010,0,0,0,1,0,2,0,10,156,23.700893785703983,0.9982751584994444,1,4,0,0,0,0,1,0,0,0,9,0,0,0,0,0,0,0,0,0,1,7,0,0,0,0,0,0,0,1,0,0,0
1015,0,1,1,0,1,0,0,18,115,2.6774530840111748,4.2868333189796907e-07,0,6,0,0,0,0,0,0,1,0,6,0,0,0,0,0,0,1,0,0,0,7,0,0,0,0,0,0,0,1,0,0,0
1017,0,0,0,1,0,1,6,2,119,14.42534258276865,0.05143373268315587,0,6,0,0,0,0,0,0,1,0,6,0,0,0,0,0,0,1,0,0,0,7,0,0,0,0,0,0,0,1,0,0,0
1018,0,0,0,1,0,0,0,2,55,2.270616448568355,2.853972302277764e-07,0,6,0,0,0,0,0,0,1,0,6,0,0,0,0,0,0,1,0,0,0,7,0,0,0,0,0,0,0,1,0,0,0
1020,0,1,1,1,0,0,0,20,120,6.746745510110069,2.5084019842934718e-05,0,6,0,0,0,0,0,0,1,0,6,0,0,0,0,0,0,1,0,0,0,7,0,0,0,0,0,0,0,1,0,0,0
1021,0,1,1,0,0,1,0,28,156,38.899699315810146,0.9999999995667471,1,4,0,0,0,0,1,0,0,0,9,0,0,0,0,0,0,0,0,0,1,5,0,0,0,0,0,1,0,0,0,0,0
1022,0,1,1,0,0,1,0,27,152,29.10754570018158,0.9999922479516962,1,0,1,0,0,0,0,0,0,0,5,0,0,0,0,0,1,0,0,0,0,7,0,0,0,0,0,0,0,1,0,0,0
1023,0,1,0,1,0,2,4,12,162,29.46032939094329,0.9999945523968692,1,5,0,0,0,0,0,1,0,0,1,0,1,0,0,0,0,0,0,0,0,7,0,0,0,0,0,0,0,1,0,0,0
1024,0,0,0,1,0,3,0,15,88,7.582685283051382,5.786646177976158e-05,0,6,0,0,0,0,0,0,1,0,6,0,0,0,0,0,0,1,0,0,0,7,0,0,0,0,0,0,0,1,0,0,0
1026,0,1,0,0,0,0,0,4,110,34.710035566294735,0.9999999714050468,1,4,0,0,0,0,1,0,0,0,9,0,0,0,0,0,0,0,0,0,1,7,0,0,0,0,0,0,0,1,0,0,0
1029,0,1,1,0,0,0,0,7,91,3.3417268586852784,8.329651984029204e-07,0,6,0,0,0,0,0,0,1,0,6,0,0,0,0,0,0,1,0,0,0,7,0,0,0,0,0,0,0,1,0,0,0
1031,0,0,0,0,0,0,2,4,86,12.687124586854674,0.009444106358004174,0,4,0,0,0,0,1,0,0,0,9,0,0,0,0,0,0,0,0,0,1,7,0,0,0,0,0,0,0,1,0,0,0
1032,0,0,0,0,0,0,0,1,72,13.798525837998517,0.028154923550280923,0,6,0,0,0,0,0,0,1,0,6,0,0,0,0,0,0,1,0,0,0,7,0,0,0,0,0,0,0,1,0,0,0
1035,0,1,1,0,1,0,0,12,139,8.837853992917484,0.0002029909789323315,0,6,0,0,0,0,0,0,1,0,6,0,0,0,0,0,0,1,0,0,0,7,0,0,0,0,0,0,0,1,0,0,0
1036,0,1,0,0,0,0,0,0,69,11.716611706623091,0.0035993782205711758,0,6,0,0,0,0,0,0,1,0,6,0,0,0,0,0,0,1,0,0,0,7,0,0,0,0,0,0,0,1,0,0,0
1037,0,0,0,0,0,0,0,2,107,32.96437343043047,0.9999998361596888,1,6,0,0,0,0,0,0,1,0,6,0,0,0,0,0,0,1,0,0,0,7,0,0,0,0,0,0,0,1,0,0,0
1038,0,0,0,1,0,0,0,13,157,55.60335418610319,1.0,1,4,0,0,0,0,1,0,0,0,9,0,0,0,0,0,0,0,0,0,1,7,0,0,0,0,0,0,0,1,0,0,0
1040,1,0,0,0,0,0,0,3,80,34.54969432614389,0.9999999664320588,1,6,0,0,0,0,0,0,1,0,6,0,0,0,0,0,0,1,0,0,0,7,0,0,0,0,0,0,0,1,0,0,0
1041,0,0,0,0,0,0,0,1,96,18.14491345046514,0.6910245335622919,1,6,0,0,0,0,0,0,1,0,6,0,0,0,0,0,0,1,0,0,0,7,0,0,0,0,0,0,0,1,0,0,0
1042,0,0,0,0,0,0,0,2,113,36.54513518584236,0.999999995436314,1,1,0,1,0,0,0,0,0,0,7,0,0,0,0,0,0,0,1,0,0,6,0,0,0,0,0,0,1,0,0,0,0
1043,0,1,0,1,0,0,6,6,119,11.919065145385131,0.004403532973626067,0,4,0,0,0,0,1,0,0,0,9,0,0,0,0,0,0,0,0,0,1,7,0,0,0,0,0,0,0,1,0,0,0
1044,0,0,0,1,0,0,1,7,66,5.051156514986632,4.602789211896058e-06,0,4,0,0,0,0,1,0,0,0,9,0,0,0,0,0,0,0,0,0,1,2,0,0,1,0,0,0,0,0,0,0,0
1045,0,0,0,0,0,0,4,3,78,16.557059439545874,0.3136864742604483,0,6,0,0,0,0,0,0,1,0,6,0,0,0,0,0,0,1,0,0,0,7,0,0,0,0,0,0,0,1,0,0,0
1048,0,0,0,1,0,0,2,7,80,10.002124654925908,0.0006500082098402719,0,2,0,0,1,0,0,0,0,0,6,0,0,0,0,0,0,1,0,0,0,7,0,0,0,0,0,0,0,1,0,0,0
1049,0,0,0,0,0,0,0,4,131,58.073206995524224,1.0,1,6,0,0,0,0,0,0,1,0,6,0,0,0,0,0,0,1,0,0,0,7,0,0,0,0,0,0,0,1,0,0,0
1050,0,1,1,0,0,0,0,7,67,4.153422434594162,1.8756047053586553e-06,0,6,0,0,0,0,0,0,1,0,6,0,0,0,0,0,0,1,0,0,0,7,0,0,0,0,0,0,0,1,0,0,0
1051,1,1,0,0,0,0,0,1,62,28.511599405800123,0.9999859320792092,1,6,0,0,0,0,0,0,1,0,6,0,0,0,0,0,0,1,0,0,0,7,0,0,0,0,0,0,0,1,0,0,0
1052,0,0,0,0,0,0,0,2,67,9.122763777202485,0.00026988728569669895,0,6,0,0,0,0,0,0,1,0,6,0,0,0,0,0,0,1,0,0,0,7,0,0,0,0,0,0,0,1,0,0,0
1054,0,0,0,1,0,0,0,2,53,3.1697977783814544,7.013891818528058e-07,0,6,0,0,0,0,0,0,1,0,6,0,0,0,0,0,0,1,0,0,0,7,0,0,0,0,0,0,0,1,0,0,0
1057,0,0,0,0,0,0,0,2,77,14.558002682862675,0.058304795358967924,0,6,0,0,0,0,0,0,1,0,6,0,0,0,0,0,0,1,0,0,0,7,0,0,0,0,0,0,0,1,0,0,0
1058,0,1,1,1,0,0,0,7,115,41.88685265588045,0.9999999999781508,1,6,0,0,0,0,0,0,1,0,6,0,0,0,0,0,0,1,0,0,0,7,0,0,0,0,0,0,0,1,0,0,0
1061,1,0,0,1,0,0,0,8,68,16.111327455661435,0.2264138459647872,0,4,0,0,0,0,1,0,0,0,9,0,0,0,0,0,0,0,0,0,1,7,0,0,0,0,0,0,0,1,0,0,0
1062,0,0,0,0,0,0,0,2,149,67.41132061983038,1.0,1,6,0,0,0,0,0,0,1,0,6,0,0,0,0,0,0,1,0,0,0,7,0,0,0,0,0,0,0,1,0,0,0
1065,1,0,0,1,0,1,0,5,72,38.80036127152451,0.9999999995214984,1,6,0,0,0,0,0,0,1,0,6,0,0,0,0,0,0,1,0,0,0,7,0,0,0,0,0,0,0,1,0,0,0
1066,0,0,0,1,0,0,0,3,86,12.868628415018359,0.011302420605426135,0,6,0,0,0,0,0,0,1,0,6,0,0,0,0,0,0,1,0,0,0,7,0,0,0,0,0,0,0,1,0,0,0
1067,0,1,0,1,0,2,0,4,84,9.277268425300473,0.0003149657705126957,0,4,0,0,0,0,1,0,0,0,9,0,0,0,0,0,0,0,0,0,1,7,0,0,0,0,0,0,0,1,0,0,0
1069,0,0,0,1,0,0,0,5,86,16.619800220545134,0.32734899165136233,0,6,0,0,0,0,0,0,1,0,6,0,0,0,0,0,0,1,0,0,0,7,0,0,0,0,0,0,0,1,0,0,0
1070,0,0,0,0,0,0,0,3,81,16.355166337781302,0.27193373299941115,0,6,0,0,0,0,0,0,1,0,6,0,0,0,0,0,0,1,0,0,0,7,0,0,0,0,0,0,0,1,0,0,0
1071,0,1,0,1,0,0,8,2,125,25.958874106864425,0.9998193690853371,1,6,0,0,0,0,0,0,1,0,6,0,0,0,0,0,0,1,0,0,0,7,0,0,0,0,0,0,0,1,0,0,0
1072,0,0,0,1,0,0,0,6,132,21.586112710324105,0.9858823704731234,1,6,0,0,0,0,0,0,1,0,6,0,0,0,0,0,0,1,0,0,0,7,0,0,0,0,0,0,0,1,0,0,0
1073,0,0,0,0,0,0,0,0,55,4.801504343539504,3.585906551520192e-06,0,6,0,0,0,0,0,0,1,0,6,0,0,0,0,0,0,1,0,0,0,7,0,0,0,0,0,0,0,1,0,0,0
1074,0,0,0,0,0,1,0,2,67,10.370916037106026,0.0009396303216017082,0,6,0,0,0,0,0,0,1,0,6,0,0,0,0,0,0,1,0,0,0,7,0,0,0,0,0,0,0,1,0,0,0
1075,1,1,0,1,0,0,0,11,110,48.95900676593896,0.9999999999999816,1,4,0,0,0,0,1,0,0,0,9,0,0,0,0,0,0,0,0,0,1,8,0,0,0,0,0,0,0,0,1,0,0
1077,0,0,0,0,0,0,1,3,65,10.81590355315366,0.0014654938189175787,0,6,0,0,0,0,0,0,1,0,6,0,0,0,0,0,0,1,0,0,0,7,0,0,0,0,0,0,0,1,0,0,0
1078,0,0,0,0,0,0,0,2,108,14.655199894666984,0.0638762473773353,0,2,0,0,1,0,0,0,0,0,6,0,0,0,0,0,0,1,0,0,0,7,0,0,0,0,0,0,0,1,0,0,0
1079,0,0,0,1,0,0,0,2,57,4.969069742837731,4.240054236285311e-06,0,6,0,0,0,0,0,0,1,0,6,0,0,0,0,0,0,1,0,0,0,7,0,0,0,0,0,0,0,1,0,0,0
1080,0,1,0,1,0,0,0,2,68,6.582900027775099,2.129323235210319e-05,0,4,0,0,0,0,1,0,0,0,9,0,0,0,0,0,0,0,0,0,1,7,0,0,0,0,0,0,0,1,0,0,1
1081,0,0,0,0,1,0,0,1,83,7.6265585678753745,6.046161267397649e-05,0,6,0,0,0,0,0,0,1,0,6,0,0,0,0,0,0,1,0,0,0,7,0,0,0,0,0,0,0,1,0,0,0
1082,0,1,0,1,0,1,0,5,76,7.4604145944601115,5.120688236642112e-05,0,4,0,0,0,0,1,0,0,0,9,0,0,0,0,0,0,0,0,0,1,7,0,0,0,0,0,0,0,1,0,0,0
1083,0,0,0,0,0,0,0,6,118,36.97600217163782,0.9999999970338532,1,4,0,0,0,0,1,0,0,0,9,0,0,0,0,0,0,0,0,0,1,7,0,0,0,0,0,0,0,1,0,0,0
1084,0,0,0,0,0,0,0,0,116,40.452486499265746,0.9999999999082988,1,6,0,0,0,0,0,0,1,0,6,0,0,0,0,0,0,1,0,0,0,7,0,0,0,0,0,0,0,1,0,0,0
1085,1,1,0,1,0,0,1,4,147,83.61303027556613,1.0,1,6,0,0,0,0,0,0,1,0,6,0,0,0,0,0,0,1,0,0,0,7,0,0,0,0,0,0,0,1,0,0,0
1088,0,0,0,0,0,0,0,4,145,26.13450037112516,0.999848458633484,1,6,0,0,0,0,0,0,1,0,6,0,0,0,0,0,0,1,0,0,0,7,0,0,0,0,0,0,0,1,0,0,0
1090,0,0,0,1,0,0,6,6,123,22.76755719719911,0.9956254052345468,1,6,0,0,0,0,0,0,1,0,6,0,0,0,0,0,0,1,0,0,0,7,0,0,0,0,0,0,0,1,0,0,0
1091,0,1,0,0,1,0,0,6,156,37.878163828159686,0.9999999987966588,1,4,0,0,0,0,1,0,0,0,9,0,0,0,0,0,0,0,0,0,1,7,0,0,0,0,0,0,0,1,0,0,0
1093,0,1,1,0,1,0,0,30,149,23.454048130861764,0.9977933003900252,1,2,0,0,1,0,0,0,0,0,3,0,0,0,1,0,0,0,0,0,0,7,0,0,0,0,0,0,0,1,0,0,1
1094,0,0,0,0,1,1,13,5,72,3.4477533492671246,9.26133377156088e-07,0,6,0,0,0,0,0,0,1,0,6,0,0,0,0,0,0,1,0,0,0,7,0,0,0,0,0,0,0,1,0,0,0
1098,0,1,1,0,0,0,0,14,77,3.4585543500054348,9.361907521634813e-07,0,3,0,0,0,1,0,0,0,0,6,0,0,0,0,0,0,1,0,0,0,7,0,0,0,0,0,0,0,1,0,0,0
1099,0,1,0,1,0,0,0,6,93,21.86296496551604,0.9892598179526424,1,4,0,0,0,0,1,0,0,0,9,0,0,0,0,0,0,0,0,0,1,7,0,0,0,0,0,0,0,1,0,0,0
1102,0,0,0,1,0,0,2,11,138,35.62049974990847,0.99999998849518,1,6,0,0,0,0,0,0,1,0,6,0,0,0,0,0,0,1,0,0,0,7,0,0,0,0,0,0,0,1,0,0,0
1103,0,0,0,0,0,0,0,1,37,2.082020805151501,2.363435355649511e-07,0,6,0,0,0,0,0,0,1,0,6,0,0,0,0,0,0,1,0,0,0,7,0,0,0,0,0,0,0,1,0,0,0
1104,0,0,0,0,0,0,2,1,46,4.3991481343346015,2.398050928400919e-06,0,6,0,0,0,0,0,0,1,0,6,0,0,0,0,0,0,1,0,0,0,7,0,0,0,0,0,0,0,1,0,0,0
1105,0,1,0,0,1,2,0,9,127,21.61153753897768,0.986231904636156,1,6,0,0,0,0,0,0,1,0,6,0,0,0,0,0,0,1,0,0,0,7,0,0,0,0,0,0,0,1,0,0,0
1106,0,1,1,1,0,0,0,11,161,28.606239987096,0.9999872023984664,1,4,0,0,0,0,1,0,0,0,9,0,0,0,0,0,0,0,0,0,1,2,0,0,1,0,0,0,0,0,0,0,0
1109,0,0,0,0,0,0,6,1,70,1.4537059452593981,1.2608693837447932e-07,0,6,0,0,0,0,0,0,1,0,6,0,0,0,0,0,0,1,0,0,0,7,0,0,0,0,0,0,0,1,0,0,0
1110,0,0,0,0,0,0,3,1,149,70.01052941950175,1.0,1,4,0,0,0,0,1,0,0,0,9,0,0,0,0,0,0,0,0,0,1,0,1,0,0,0,0,0,0,0,0,0,0
1112,0,0,0,0,0,0,1,6,47,6.0720332722471495,1.2775522744753455e-05,0,4,0,0,0,0,1,0,0,0,9,0,0,0,0,0,0,0,0,0,1,5,0,0,0,0,0,1,0,0,0,0,0
1113,0,1,0,0,1,0,0,25,132,29.31929165071143,0.9999937272639284,1,4,0,0,0,0,1,0,0,0,9,0,0,0,0,0,0,0,0,0,1,7,0,0,0,0,0,0,0,1,0,0,0
1114,0,1,0,1,0,0,0,2,48,1.3492428668524077,1.1358013127236366e-07,0,6,0,0,0,0,0,0,1,0,6,0,0,0,0,0,0,1,0,0,0,7,0,0,0,0,0,0,0,1,0,0,0
1117,0,0,0,0,0,0,0,28,59,18.823647102230442,0.8151228220599925,1,6,0,0,0,0,0,0,1,0,6,0,0,0,0,0,0,1,0,0,0,7,0,0,0,0,0,0,0,1,0,0,0
1118,0,0,0,1,0,0,0,7,98,11.254303747352658,0.0022700149808483087,0,4,0,0,0,0,1,0,0,0,9,0,0,0,0,0,0,0,0,0,1,7,0,0,0,0,0,0,0,1,0,0,0
1119,0,0,0,0,0,0,0,5,108,28.099366506944776,0.999978754973822,1,4,0,0,0,0,1,0,0,0,9,0,0,0,0,0,0,0,0,0,1,7,0,0,0,0,0,0,0,1,0,0,0
1120,0,1,0,0,1,0,0,18,165,10.49539141362521,0.0010640496745428136,0,4,0,0,0,0,1,0,0,0,2,0,0,1,0,0,0,0,0,0,0,7,0,0,0,0,0,0,0,1,0,0,0
1122,1,0,0,0,0,0,1,2,89,23.942538577999233,0.9986449197173716,1,6,0,0,0,0,0,0,1,0,6,0,0,0,0,0,0,1,0,0,0,7,0,0,0,0,0,0,0,1,0,0,1
1123,0,0,0,0,0,0,0,3,65,13.60955829981176,0.02342056296228142,0,6,0,0,0,0,0,0,1,0,6,0,0,0,0,0,0,1,0,0,0,7,0,0,0,0,0,0,0,1,0,0,0
1124,0,0,0,0,0,0,0,3,51,2.7170731770837198,4.4600874882235143e-07,0,4,0,0,0,0,1,0,0,0,2,0,0,1,0,0,0,0,0,0,0,7,0,0,0,0,0,0,0,1,0,0,0
1126,0,0,0,0,0,0,0,1,56,5.884645166607559,1.0592488650232416e-05,0,6,0,0,0,0,0,0,1,0,6,0,0,0,0,0,0,1,0,0,0,7,0,0,0,0,0,0,0,1,0,0,0
1128,0,0,0,1,0,0,0,13,151,50.19600929976938,0.9999999999999948,1,6,0,0,0,0,0,0,1,0,6,0,0,0,0,0,0,1,0,0,0,7,0,0,0,0,0,0,0,1,0,0,0
1129,0,0,0,1,0,0,0,9,110,17.006810398789387,0.417464747040662,0,4,0,0,0,0,1,0,0,0,2,0,0,1,0,0,0,0,0,0,0,7,0,0,0,0,0,0,0,1,0,0,0
1130,0,0,0,1,0,0,0,4,163,88.28898215280798,1.0,1,2,0,0,1,0,0,0,0,0,6,0,0,0,0,0,0,1,0,0,0,7,0,0,0,0,0,0,0,1,0,0,0
1132,0,0,0,0,1,0,0,4,153,77.11124262862124,1.0,1,5,0,0,0,0,0,1,0,0,1,0,1,0,0,0,0,0,0,0,0,7,0,0,0,0,0,0,0,1,0,0,0
1134,0,0,0,1,0,0,0,0,27,0.10380171295952163,3.26899443119744e-08,0,6,0,0,0,0,0,0,1,0,6,0,0,0,0,0,0,1,0,0,0,7,0,0,0,0,0,0,0,1,0,0,0
1136,0,0,0,0,0,0,2,3,26,2.030330934083258,2.2443733719444442e-07,0,4,0,0,0,0,1,0,0,0,2,0,0,1,0,0,0,0,0,0,0,3,0,0,0,1,0,0,0,0,0,0,0
1138,0,0,0,1,0,0,0,8,161,76.84359280855551,1.0,1,4,0,0,0,0,1,0,0,0,9,0,0,0,0,0,0,0,0,0,1,7,0,0,0,0,0,0,0,1,0,0,0
1139,0,1,1,0,0,0,0,11,121,12.638995284952948,0.009004328904215701,0,5,0,0,0,0,0,1,0,0,1,0,1,0,0,0,0,0,0,0,0,7,0,0,0,0,0,0,0,1,0,0,0
1141,0,1,1,0,0,0,0,13,117,10.586069788799113,0.0011649282073396435,0,2,0,0,1,0,0,0,0,0,6,0,0,0,0,0,0,1,0,0,0,7,0,0,0,0,0,0,0,1,0,0,0
1142,0,1,1,0,0,0,0,15,121,9.929069173055591,0.0006042423179106585,0,4,0,0,0,0,1,0,0,0,9,0,0,0,0,0,0,0,0,0,1,7,0,0,0,0,0,0,0,1,0,0,0
1143,1,0,0,1,0,0,0,2,93,28.94944125563385,0.9999909201268484,1,4,0,0,0,0,1,0,0,0,9,0,0,0,0,0,0,0,0,0,1,7,0,0,0,0,0,0,0,1,0,0,0
1145,0,0,0,0,0,0,0,14,134,26.063947295651694,0.9998373825302108,1,4,0,0,0,0,1,0,0,0,9,0,0,0,0,0,0,0,0,0,1,7,0,0,0,0,0,0,0,1,0,0,0
1146,0,1,1,0,0,0,0,23,103,5.608045231938789,8.03291725861319e-06,0,6,0,0,0,0,0,0,1,0,6,0,0,0,0,0,0,1,0,0,0,7,0,0,0,0,0,0,0,1,0,0,0
1149,0,1,1,0,1,0,0,20,150,16.32987842296003,0.26695605861273364,0,6,0,0,0,0,0,0,1,0,6,0,0,0,0,0,0,1,0,0,0,7,0,0,0,0,0,0,0,1,0,0,0
1151,0,1,0,1,0,0,0,5,70,7.9060888448777025,7.995943473102457e-05,0,6,0,0,0,0,0,0,1,0,6,0,0,0,0,0,0,1,0,0,0,7,0,0,0,0,0,0,0,1,0,0,0
1152,0,1,1,0,0,0,0,17,164,6.4860992995744935,1.9328690155466612e-05,0,7,0,0,0,0,0,0,0,1,6,0,0,0,0,0,0,1,0,0,0,7,0,0,0,0,0,0,0,1,0,0,0
1153,0,1,1,0,0,0,0,14,122,6.854680538478563,2.7942900303615345e-05,0,6,0,0,0,0,0,0,1,0,6,0,0,0,0,0,0,1,0,0,0,7,0,0,0,0,0,0,0,1,0,0,0
1154,0,0,0,0,0,0,0,4,154,40.00902271032899,0.999999999857121,1,0,1,0,0,0,0,0,0,0,6,0,0,0,0,0,0,1,0,0,0,7,0,0,0,0,0,0,0,1,0,0,0
1155,0,1,0,1,0,0,2,2,83,13.070069422258234,0.013789932601044259,0,6,0,0,0,0,0,0,1,0,6,0,0,0,0,0,0,1,0,0,0,7,0,0,0,0,0,0,0,1,0,0,0
1156,0,0,0,0,0,2,0,6,59,5.60141755614244,7.979854148949772e-06,0,2,0,0,1,0,0,0,0,0,6,0,0,0,0,0,0,1,0,0,0,7,0,0,0,0,0,0,0,1,0,0,0
1157,0,0,1,0,0,0,0,9,70,0.1278525236006839,3.3485694810892475e-08,0,6,0,0,0,0,0,0,1,0,6,0,0,0,0,0,0,1,0,0,0,7,0,0,0,0,0,0,0,1,0,0,0
1160,0,0,0,0,0,0,0,3,95,9.693626978836972,0.0004775457071084632,0,6,0,0,0,0,0,0,1,0,6,0,0,0,0,0,0,1,0,0,0,7,0,0,0,0,0,0,0,1,0,0,0
1162,0,1,1,1,0,1,0,18,127,8.821536711722079,0.00019970625132078457,0,6,0,0,0,0,0,0,1,0,6,0,0,0,0,0,0,1,0,0,0,7,0,0,0,0,0,0,0,1,0,0,0
1164,0,0,0,0,0,0,0,85,122,526.4420066802152,1.0,1,2,0,0,1,0,0,0,0,0,6,0,0,0,0,0,0,1,0,0,0,7,0,0,0,0,0,0,0,1,0,0,0
1166,0,0,0,1,0,0,1,4,65,9.119962447603417,0.00026913250362095223,0,4,0,0,0,0,1,0,0,0,2,0,0,1,0,0,0,0,0,0,0,3,0,0,0,1,0,0,0,0,0,0,0
1167,0,0,0,1,1,0,0,5,160,77.48284547697483,1.0,1,4,0,0,0,0,1,0,0,0,2,0,0,1,0,0,0,0,0,0,0,7,0,0,0,0,0,0,0,1,0,0,0
1168,0,1,1,0,1,1,0,15,151,28.67081110158185,0.999988002630002,1,4,0,0,0,0,1,0,0,0,9,0,0,0,0,0,0,0,0,0,1,7,0,0,0,0,0,0,0,1,0,0,0
1170,0,0,0,1,0,0,0,2,157,127.51466767984495,1.0,1,2,0,0,1,0,0,0,0,0,6,0,0,0,0,0,0,1,0,0,0,7,0,0,0,0,0,0,0,1,0,0,0
1173,0,0,0,1,0,0,0,2,153,106.23319922595566,1.0,1,2,0,0,1,0,0,0,0,0,6,0,0,0,0,0,0,1,0,0,0,7,0,0,0,0,0,0,0,1,0,0,0
1174,1,1,1,0,1,0,0,9,145,25.365234727827243,0.9996730037246756,1,6,0,0,0,0,0,0,1,0,6,0,0,0,0,0,0,1,0,0,0,7,0,0,0,0,0,0,0,1,0,0,1
1175,0,1,1,0,0,0,0,12,172,29.334056838376853,0.9999938192010764,1,4,0,0,0,0,1,0,0,0,9,0,0,0,0,0,0,0,0,0,1,7,0,0,0,0,0,0,0,1,0,0,0
1177,0,0,0,0,0,0,0,3,72,1.0357087647385672,8.301111534702921e-08,0,6,0,0,0,0,0,0,1,0,6,0,0,0,0,0,0,1,0,0,0,7,0,0,0,0,0,0,0,1,0,0,0
1178,0,0,0,1,0,0,0,5,42,0.3379754545691842,4.1315645347273854e-08,0,6,0,0,0,0,0,0,1,0,6,0,0,0,0,0,0,1,0,0,0,7,0,0,0,0,0,0,0,1,0,0,0
1179,0,1,1,0,0,0,0,5,135,21.91305236829371,0.9897791528571791,1,6,0,0,0,0,0,0,1,0,6,0,0,0,0,0,0,1,0,0,0,7,0,0,0,0,0,0,0,1,0,0,0
1181,0,1,1,0,0,0,1,8,59,2.0847150773610386,2.369811678255444e-07,0,6,0,0,0,0,0,0,1,0,6,0,0,0,0,0,0,1,0,0,0,7,0,0,0,0,0,0,0,1,0,0,0
1182,0,1,1,0,0,1,0,14,142,11.284811471013947,0.0023401706098581288,0,4,0,0,0,0,1,0,0,0,2,0,0,1,0,0,0,0,0,0,0,7,0,0,0,0,0,0,0,1,0,0,0
1183,0,0,0,1,0,0,0,20,58,19.11546847652043,0.8551364121627332,1,6,0,0,0,0,0,0,1,0,6,0,0,0,0,0,0,1,0,0,0,7,0,0,0,0,0,0,0,1,0,0,0
1185,0,0,0,1,0,0,0,6,160,31.74721538142913,0.9999994466172466,1,4,0,0,0,0,1,0,0,0,9,0,0,0,0,0,0,0,0,0,1,7,0,0,0,0,0,0,0,1,0,0,0
1188,0,1,1,1,0,1,0,18,155,23.542347263750266,0.9979794184025432,1,4,0,0,0,0,1,0,0,0,2,0,0,1,0,0,0,0,0,0,0,7,0,0,0,0,0,0,0,1,0,0,0
1189,0,0,0,0,0,0,0,7,93,42.186308763982304,0.9999999999838048,1,4,0,0,0,0,1,0,0,0,9,0,0,0,0,0,0,0,0,0,1,7,0,0,0,0,0,0,0,1,0,0,0
1190,1,0,0,1,0,1,0,12,150,133.41451790023368,1.0,1,5,0,0,0,0,0,1,0,0,1,0,1,0,0,0,0,0,0,0,0,7,0,0,0,0,0,0,0,1,0,0,0
1191,0,1,1,0,0,0,0,3,38,0.18242872807017546,3.536400622791997e-08,0,6,0,0,0,0,0,0,1,0,6,0,0,0,0,0,0,1,0,0,0,7,0,0,0,0,0,0,0,1,0,0,0
1195,1,1,0,0,1,2,0,5,126,60.022778691714116,1.0,1,6,0,0,0,0,0,0,1,0,6,0,0,0,0,0,0,1,0,0,0,7,0,0,0,0,0,0,0,1,0,0,0
1196,0,0,0,1,1,4,0,3,127,17.679037920425166,0.5839568033914192,1,6,0,0,0,0,0,0,1,0,6,0,0,0,0,0,0,1,0,0,0,7,0,0,0,0,0,0,0,1,0,0,0
1198,0,0,0,1,0,0,0,5,48,0.18242872807017546,3.536400622791997e-08,0,4,0,0,0,0,1,0,0,0,9,0,0,0,0,0,0,0,0,0,1,7,0,0,0,0,0,0,0,1,0,0,0
1199,0,0,0,0,0,0,22,0,71,1.5551034863745716,1.3954249573252954e-07,0,6,0,0,0,0,0,0,1,0,6,0,0,0,0,0,0,1,0,0,0,7,0,0,0,0,0,0,0,1,0,0,0
1201,0,0,0,0,0,0,0,3,72,9.148541643707086,0.00027693289774157343,0,4,0,0,0,0,1,0,0,0,2,0,0,1,0,0,0,0,0,0,0,7,0,0,0,0,0,0,0,1,0,0,0
1202,0,1,1,0,0,0,0,9,61,3.1329948646125114,6.760452593570663e-07,0,6,0,0,0,0,0,0,1,0,6,0,0,0,0,0,0,1,0,0,0,7,0,0,0,0,0,0,0,1,0,0,0
1203,0,1,1,0,0,0,0,9,75,7.756019533707146,6.881772011470734e-05,0,6,0,0,0,0,0,0,1,0,6,0,0,0,0,0,0,1,0,0,0,7,0,0,0,0,0,0,0,1,0,0,0
1204,0,1,1,0,0,0,0,11,82,5.670526141333878,8.550828240007332e-06,0,6,0,0,0,0,0,0,1,0,6,0,0,0,0,0,0,1,0,0,0,7,0,0,0,0,0,0,0,1,0,0,0
1206,0,0,0,1,0,0,0,8,165,32.41089748811487,0.999999715034516,1,4,0,0,0,0,1,0,0,0,9,0,0,0,0,0,0,0,0,0,1,0,1,0,0,0,0,0,0,0,0,0,0
1207,0,0,0,0,0,0,50,2,110,10.958469006088912,0.0016896699027935894,0,6,0,0,0,0,0,0,1,0,6,0,0,0,0,0,0,1,0,0,0,7,0,0,0,0,0,0,0,1,0,0,0
1208,0,1,1,0,1,0,0,8,65,2.546549613788786,3.7608495975103347e-07,0,6,0,0,0,0,0,0,1,0,6,0,0,0,0,0,0,1,0,0,0,7,0,0,0,0,0,0,0,1,0,0,0
1209,0,0,0,1,0,0,0,7,63,2.640479643693433,4.131228752667933e-07,0,4,0,0,0,0,1,0,0,0,9,0,0,0,0,0,0,0,0,0,1,7,0,0,0,0,0,0,0,1,0,0,0
1211,0,1,0,1,0,0,0,9,92,4.402404879353993,2.405873481144504e-06,0,4,0,0,0,0,1,0,0,0,9,0,0,0,0,0,0,0,0,0,1,7,0,0,0,0,0,0,0,1,0,0,0
1212,0,0,0,0,0,0,2,6,50,5.041306014010202,4.557672216235565e-06,0,6,0,0,0,0,0,0,1,0,6,0,0,0,0,0,0,1,0,0,0,7,0,0,0,0,0,0,0,1,0,0,0
1213,0,0,0,1,0,0,0,8,98,13.722736430056827,0.026153680807954955,0,4,0,0,0,0,1,0,0,0,9,0,0,0,0,0,0,0,0,0,1,9,0,0,0,0,0,0,0,0,0,1,0
1214,1,0,0,1,0,0,15,5,115,57.14838276956934,1.0,1,6,0,0,0,0,0,0,1,0,6,0,0,0,0,0,0,1,0,0,0,7,0,0,0,0,0,0,0,1,0,0,0
1215,0,0,0,1,0,0,0,4,57,3.4801339158471203,9.566128806425787e-07,0,4,0,0,0,0,1,0,0,0,9,0,0,0,0,0,0,0,0,0,1,7,0,0,0,0,0,0,0,1,0,0,0
1217,0,1,1,0,0,0,0,11,78,5.809106998246382,9.821832700476658e-06,0,6,0,0,0,0,0,0,1,0,6,0,0,0,0,0,0,1,0,0,0,7,0,0,0,0,0,0,0,1,0,0,0
1218,0,0,0,0,0,0,2,1,44,2.1478229850351243,2.524185366579748e-07,0,6,0,0,0,0,0,0,1,0,6,0,0,0,0,0,0,1,0,0,0,7,0,0,0,0,0,0,0,1,0,0,0
1219,0,0,0,1,0,0,0,7,56,3.798807247215716,1.3156311198536267e-06,0,4,0,0,0,0,1,0,0,0,2,0,0,1,0,0,0,0,0,0,0,7,0,0,0,0,0,0,0,1,0,0,0
1221,0,0,0,0,0,0,2,1,51,2.6917897531923707,4.3487348741740224e-07,0,6,0,0,0,0,0,0,1,0,6,0,0,0,0,0,0,1,0,0,0,7,0,0,0,0,0,0,0,1,0,0,0
1222,1,0,0,0,0,0,1,1,50,8.292700784596464,0.00011769465968471706,0,6,0,0,0,0,0,0,1,0,6,0,0,0,0,0,0,1,0,0,0,7,0,0,0,0,0,0,0,1,0,0,0
1223,0,1,1,0,0,0,0,12,98,3.6885546180425517,1.1782897205311938e-06,0,6,0,0,0,0,0,0,1,0,6,0,0,0,0,0,0,1,0,0,0,7,0,0,0,0,0,0,0,1,0,0,0
1224,0,1,1,0,0,0,0,24,76,14.137097178897502,0.039056630515191516,0,6,0,0,0,0,0,0,1,0,6,0,0,0,0,0,0,1,0,0,0,7,0,0,0,0,0,0,0,1,0,0,0
1225,0,1,1,0,0,0,1,3,84,6.1852944896115325,1.4307598215231275e-05,0,6,0,0,0,0,0,0,1,0,6,0,0,0,0,0,0,1,0,0,0,7,0,0,0,0,0,0,0,1,0,0,0
1226,0,0,0,0,0,0,4,6,78,8.336632912172481,0.00012297984531628057,0,6,0,0,0,0,0,0,1,0,6,0,0,0,0,0,0,1,0,0,0,7,0,0,0,0,0,0,0,1,0,0,0
1227,0,0,0,0,0,0,2,2,166,143.4354966162991,1.0,1,6,0,0,0,0,0,0,1,0,6,0,0,0,0,0,0,1,0,0,0,7,0,0,0,0,0,0,0,1,0,0,0
1228,0,0,0,1,0,0,0,8,47,3.116479447212116,6.649717903212413e-07,0,4,0,0,0,0,1,0,0,0,9,0,0,0,0,0,0,0,0,0,1,7,0,0,0,0,0,0,0,1,0,0,0
1229,0,0,0,0,0,1,2,2,21,0.8703308857414974,7.035801112403397e-08,0,6,0,0,0,0,0,0,1,0,6,0,0,0,0,0,0,1,0,0,0,7,0,0,0,0,0,0,0,1,0,0,0
1230,0,0,0,1,0,0,0,4,69,10.29791245351922,0.0008735357831114642,0,6,0,0,0,0,0,0,1,0,6,0,0,0,0,0,0,1,0,0,0,7,0,0,0,0,0,0,0,1,0,0,0
1232,0,1,1,0,0,0,0,21,120,25.647331388588967,0.9997533593304438,1,6,0,0,0,0,0,0,1,0,6,0,0,0,0,0,0,1,0,0,0,7,0,0,0,0,0,0,0,1,0,0,0
1234,0,0,0,0,0,0,2,2,129,29.476907651514715,0.9999946419636871,1,6,0,0,0,0,0,0,1,0,6,0,0,0,0,0,0,1,0,0,0,7,0,0,0,0,0,0,0,1,0,0,0
1235,0,1,1,0,1,0,0,9,141,7.9895903437486195,8.692224432965729e-05,0,6,0,0,0,0,0,0,1,0,6,0,0,0,0,0,0,1,0,0,0,7,0,0,0,0,0,0,0,1,0,0,0
1236,0,0,0,0,0,0,15,6,133,21.147203323374274,0.9782723682505118,1,6,0,0,0,0,0,0,1,0,6,0,0,0,0,0,0,1,0,0,0,7,0,0,0,0,0,0,0,1,0,0,0
1237,0,0,0,0,0,0,0,2,99,33.004364649221806,0.9999998425825756,1,6,0,0,0,0,0,0,1,0,6,0,0,0,0,0,0,1,0,0,0,7,0,0,0,0,0,0,0,1,0,0,0
1238,0,0,0,0,0,0,0,3,51,9.65586344276325,0.00045985629507569855,0,6,0,0,0,0,0,0,1,0,6,0,0,0,0,0,0,1,0,0,0,7,0,0,0,0,0,0,0,1,0,0,0
1239,1,0,0,0,1,0,1,3,116,54.80333092685378,1.0,1,0,1,0,0,0,0,0,0,0,6,0,0,0,0,0,0,1,0,0,0,7,0,0,0,0,0,0,0,1,0,0,0
1240,0,0,0,0,0,0,0,1,80,14.061156659948796,0.03630416177887274,0,6,0,0,0,0,0,0,1,0,6,0,0,0,0,0,0,1,0,0,0,7,0,0,0,0,0,0,0,1,0,0,0
1241,0,1,0,1,0,0,0,5,127,42.50000912252117,0.9999999999881656,1,6,0,0,0,0,0,0,1,0,6,0,0,0,0,0,0,1,0,0,0,7,0,0,0,0,0,0,0,1,0,0,0
1242,0,1,1,0,0,0,0,41,128,36.74757117341724,0.9999999962726608,1,6,0,0,0,0,0,0,1,0,6,0,0,0,0,0,0,1,0,0,0,7,0,0,0,0,0,0,0,1,0,0,0
1243,0,0,0,0,0,4,0,2,81,21.225100856455235,0.9798678732881796,1,6,0,0,0,0,0,0,1,0,6,0,0,0,0,0,0,1,0,0,0,7,0,0,0,0,0,0,0,1,0,0,0
1244,0,0,0,1,1,1,0,9,72,1.8110323034212312,1.8024156160649915e-07,0,0,1,0,0,0,0,0,0,0,6,0,0,0,0,0,0,1,0,0,0,7,0,0,0,0,0,0,0,1,0,0,0
1245,1,1,0,0,1,0,0,5,123,17.595827885523878,0.5636104184941833,1,6,0,0,0,0,0,0,1,0,6,0,0,0,0,0,0,1,0,0,0,7,0,0,0,0,0,0,0,1,0,0,0
1249,0,0,0,0,0,0,0,11,82,20.18654138952085,0.9451396272133038,1,6,0,0,0,0,0,0,1,0,6,0,0,0,0,0,0,1,0,0,0,7,0,0,0,0,0,0,0,1,0,0,0
1250,0,0,0,0,0,0,0,1,101,21.503274298113688,0.9846817610655962,1,6,0,0,0,0,0,0,1,0,6,0,0,0,0,0,0,1,0,0,0,7,0,0,0,0,0,0,0,1,0,0,0
1251,0,0,0,1,0,0,0,0,129,14.230878487089631,0.04273256561262937,0,5,0,0,0,0,0,1,0,0,1,0,1,0,0,0,0,0,0,0,0,7,0,0,0,0,0,0,0,1,0,0,0
1252,0,1,0,1,0,0,0,0,44,2.3186502754427614,2.994405238265501e-07,0,6,0,0,0,0,0,0,1,0,6,0,0,0,0,0,0,1,0,0,0,7,0,0,0,0,0,0,0,1,0,0,0
1253,0,0,0,0,0,1,4,3,52,4.65109609812429,3.0851601575091616e-06,0,6,0,0,0,0,0,0,1,0,6,0,0,0,0,0,0,1,0,0,0,7,0,0,0,0,0,0,0,1,0,0,0
1254,0,0,0,0,0,0,0,2,60,7.303195716693161,4.3757477663531824e-05,0,6,0,0,0,0,0,0,1,0,6,0,0,0,0,0,0,1,0,0,0,7,0,0,0,0,0,0,0,1,0,0,0
1259,1,0,0,0,0,0,0,3,40,10.666679412981377,0.0012625977393479,0,6,0,0,0,0,0,0,1,0,6,0,0,0,0,0,0,1,0,0,0,7,0,0,0,0,0,0,0,1,0,0,0
1262,0,0,0,0,0,0,2,2,109,33.50098698402698,0.9999999041984604,1,6,0,0,0,0,0,0,1,0,6,0,0,0,0,0,0,1,0,0,0,7,0,0,0,0,0,0,0,1,0,0,0
1263,0,0,0,0,0,0,0,2,65,6.2427598460141684,1.5153859469956355e-05,0,6,0,0,0,0,0,0,1,0,6,0,0,0,0,0,0,1,0,0,0,7,0,0,0,0,0,0,0,1,0,0,0
1264,0,1,1,0,0,0,1,5,81,8.36436229487966,0.0001264372841255985,0,6,0,0,0,0,0,0,1,0,6,0,0,0,0,0,0,1,0,0,0,7,0,0,0,0,0,0,0,1,0,0,0
1267,0,0,0,1,0,0,0,6,43,1.5385846765372322,1.3725635425080257e-07,0,6,0,0,0,0,0,0,1,0,6,0,0,0,0,0,0,1,0,0,0,7,0,0,0,0,0,0,0,1,0,0,0
1269,1,0,0,0,1,0,7,18,58,9.075997313586207,0.0002575593757604724,0,6,0,0,0,0,0,0,1,0,6,0,0,0,0,0,0,1,0,0,0,7,0,0,0,0,0,0,0,1,0,0,0
1270,0,1,1,0,1,1,0,17,125,10.439516000504774,0.0010062841516387383,0,6,0,0,0,0,0,0,1,0,6,0,0,0,0,0,0,1,0,0,0,7,0,0,0,0,0,0,0,1,0,0,0
1271,0,1,1,1,0,0,0,11,137,18.152820517409946,0.6927102135734026,1,2,0,0,1,0,0,0,0,0,6,0,0,0,0,0,0,1,0,0,0,7,0,0,0,0,0,0,0,1,0,0,0
1272,0,0,0,1,0,0,0,5,46,6.730664827986865,2.4683887473310434e-05,0,6,0,0,0,0,0,0,1,0,6,0,0,0,0,0,0,1,0,0,0,7,0,0,0,0,0,0,0,1,0,0,0
1273,0,1,0,1,0,0,0,2,114,11.914164878089828,0.004382101596763863,0,4,0,0,0,0,1,0,0,0,9,0,0,0,0,0,0,0,0,0,1,7,0,0,0,0,0,0,0,1,0,0,0
1275,0,1,0,0,0,0,0,3,126,54.05134997179186,0.9999999999999998,1,6,0,0,0,0,0,0,1,0,6,0,0,0,0,0,0,1,0,0,0,7,0,0,0,0,0,0,0,1,0,0,0
1276,0,0,0,0,0,0,0,2,54,2.951638856182665,5.639153373865855e-07,0,7,0,0,0,0,0,0,0,1,0,1,0,0,0,0,0,0,0,0,0,7,0,0,0,0,0,0,0,1,0,0,0
1277,1,0,0,0,0,0,0,1,93,112.22119543697588,1.0,1,1,0,1,0,0,0,0,0,0,6,0,0,0,0,0,0,1,0,0,0,7,0,0,0,0,0,0,0,1,0,0,1
1278,0,0,1,0,0,0,0,10,150,33.86637394937891,0.9999999335206202,1,6,0,0,0,0,0,0,1,0,6,0,0,0,0,0,0,1,0,0,0,7,0,0,0,0,0,0,0,1,0,0,0
1279,0,1,1,0,0,0,2,21,97,6.460640058000437,1.8842816862569065e-05,0,4,0,0,0,0,1,0,0,0,2,0,0,1,0,0,0,0,0,0,0,3,0,0,0,1,0,0,0,0,0,0,0
1280,0,0,0,0,0,0,2,0,54,2.459236603681517,3.4464058658441684e-07,0,6,0,0,0,0,0,0,1,0,6,0,0,0,0,0,0,1,0,0,0,7,0,0,0,0,0,0,0,1,0,0,0
1282,0,0,0,0,0,0,0,1,49,3.442923341473903,9.21670935339432e-07,0,1,0,1,0,0,0,0,0,0,6,0,0,0,0,0,0,1,0,0,0,7,0,0,0,0,0,0,0,1,0,0,0
1283,0,1,1,1,1,1,0,22,144,16.083861744208885,0.22163938624141172,0,6,0,0,0,0,0,0,1,0,6,0,0,0,0,0,0,1,0,0,0,7,0,0,0,0,0,0,0,1,0,0,0
1284,0,0,0,1,0,1,1,17,124,9.838069862432512,0.0005517133151937964,0,6,0,0,0,0,0,0,1,0,6,0,0,0,0,0,0,1,0,0,0,7,0,0,0,0,0,0,0,1,0,0,0
1287,0,1,1,0,0,0,4,9,89,4.164095030963724,1.8957294399403716e-06,0,6,0,0,0,0,0,0,1,0,6,0,0,0,0,0,0,1,0,0,0,7,0,0,0,0,0,0,0,1,0,0,0
1288,0,1,0,1,0,0,0,9,120,14.49273806722391,0.0548230240866061,0,2,0,0,1,0,0,0,0,0,3,0,0,0,1,0,0,0,0,0,0,7,0,0,0,0,0,0,0,1,0,0,0
1289,0,0,1,0,0,0,0,15,87,4.842812388987679,3.737134756059349e-06,0,6,0,0,0,0,0,0,1,0,6,0,0,0,0,0,0,1,0,0,0,7,0,0,0,0,0,0,0,1,0,0,0
1290,0,1,1,1,1,2,0,22,159,16.10257804030298,0.2248850497334649,0,4,0,0,0,0,1,0,0,0,9,0,0,0,0,0,0,0,0,0,1,1,0,1,0,0,0,0,0,0,0,0,0
1293,0,0,0,0,0,0,0,2,57,8.460667136387924,0.00013921764041913959,0,6,0,0,0,0,0,0,1,0,6,0,0,0,0,0,0,1,0,0,0,7,0,0,0,0,0,0,0,1,0,0,0
1294,1,1,0,1,0,0,0,10,154,179.89931204948132,1.0,1,4,0,0,0,0,1,0,0,0,9,0,0,0,0,0,0,0,0,0,1,7,0,0,0,0,0,0,0,1,0,0,1
1296,1,0,0,0,1,3,0,4,57,6.162288523090992,1.3982200093186514e-05,0,2,0,0,1,0,0,0,0,0,8,0,0,0,0,0,0,0,0,1,0,7,0,0,0,0,0,0,0,1,0,0,0
1297,0,1,0,1,0,0,8,0,107,17.83384697791294,0.6210122623765175,1,6,0,0,0,0,0,0,1,0,6,0,0,0,0,0,0,1,0,0,0,7,0,0,0,0,0,0,0,1,0,0,0
1298,0,0,0,1,0,0,0,3,114,27.223443731549818,0.9999489902997604,1,4,0,0,0,0,1,0,0,0,9,0,0,0,0,0,0,0,0,0,1,7,0,0,0,0,0,0,0,1,0,0,0
1300,0,1,1,0,0,0,0,13,142,22.380297852612166,0.9935697947508191,1,6,0,0,0,0,0,0,1,0,6,0,0,0,0,0,0,1,0,0,0,7,0,0,0,0,0,0,0,1,0,0,0
1301,0,0,1,0,0,0,0,10,174,42.271237911434504,0.9999999999851236,1,6,0,0,0,0,0,0,1,0,6,0,0,0,0,0,0,1,0,0,0,7,0,0,0,0,0,0,0,1,0,0,0
1302,0,0,0,0,0,0,0,2,32,2.1514312395509316,2.5333097191137106e-07,0,1,0,1,0,0,0,0,0,0,6,0,0,0,0,0,0,1,0,0,0,7,0,0,0,0,0,0,0,1,0,0,0
1303,0,0,0,1,0,0,0,6,70,3.117707717928852,6.657890569645512e-07,0,5,0,0,0,0,0,1,0,0,1,0,1,0,0,0,0,0,0,0,0,7,0,0,0,0,0,0,0,1,0,0,0
1304,0,1,0,0,0,0,2,3,152,65.10109133858458,1.0,1,6,0,0,0,0,0,0,1,0,6,0,0,0,0,0,0,1,0,0,0,7,0,0,0,0,0,0,0,1,0,0,0
1305,0,1,1,0,1,0,0,11,140,13.805458325023208,0.02834523356522181,0,4,0,0,0,0,1,0,0,0,9,0,0,0,0,0,0,0,0,0,1,7,0,0,0,0,0,0,0,1,0,0,0
1307,0,1,0,0,0,0,2,4,108,33.04706128523581,0.9999998491623036,1,2,0,0,1,0,0,0,0,0,8,0,0,0,0,0,0,0,0,1,0,7,0,0,0,0,0,0,0,1,0,0,0
1308,0,0,0,0,0,0,0,5,126,44.10382418413649,0.9999999999976196,1,6,0,0,0,0,0,0,1,0,6,0,0,0,0,0,0,1,0,0,0,7,0,0,0,0,0,0,0,1,0,0,0
1309,0,0,0,1,0,0,0,4,93,14.77587748784484,0.07148343264671682,0,3,0,0,0,1,0,0,0,0,6,0,0,0,0,0,0,1,0,0,0,6,0,0,0,0,0,0,1,0,0,0,0
1312,0,1,1,0,0,1,0,12,155,28.793861594000862,0.9999893916825812,1,1,0,1,0,0,0,0,0,0,6,0,0,0,0,0,0,1,0,0,0,7,0,0,0,0,0,0,0,1,0,0,0
1315,0,1,0,1,0,0,0,9,85,3.3590546561403136,8.475244136971094e-07,0,5,0,0,0,0,0,1,0,0,6,0,0,0,0,0,0,1,0,0,0,7,0,0,0,0,0,0,0,1,0,0,0
1316,0,1,1,0,0,0,0,7,93,3.487216645008341,9.634123550539795e-07,0,4,0,0,0,0,1,0,0,0,9,0,0,0,0,0,0,0,0,0,1,5,0,0,0,0,0,1,0,0,0,0,0
1317,0,1,1,1,0,0,0,4,142,20.24170045834039,0.9479304326594682,1,6,0,0,0,0,0,0,1,0,6,0,0,0,0,0,0,1,0,0,0,7,0,0,0,0,0,0,0,1,0,0,0
1318,0,1,1,0,0,0,0,7,50,1.5923106841673924,1.4483227898586936e-07,0,6,0,0,0,0,0,0,1,0,6,0,0,0,0,0,0,1,0,0,0,7,0,0,0,0,0,0,0,1,0,0,0
1319,0,0,0,0,0,0,0,3,77,27.460393279277678,0.9999597513272082,1,6,0,0,0,0,0,0,1,0,6,0,0,0,0,0,0,1,0,0,0,7,0,0,0,0,0,0,0,1,0,0,0
1320,0,0,0,1,0,0,0,2,125,15.489834163016026,0.1358534270236206,0,6,0,0,0,0,0,0,1,0,6,0,0,0,0,0,0,1,0,0,0,7,0,0,0,0,0,0,0,1,0,0,0
1321,0,0,0,0,0,0,0,1,105,29.23181085305556,0.9999931538061282,1,6,0,0,0,0,0,0,1,0,6,0,0,0,0,0,0,1,0,0,0,7,0,0,0,0,0,0,0,1,0,0,0
1324,1,0,1,0,0,0,0,18,165,81.68664991757309,1.0,1,5,0,0,0,0,0,1,0,0,1,0,1,0,0,0,0,0,0,0,0,7,0,0,0,0,0,0,0,1,0,0,1
1326,0,1,1,0,1,1,0,13,137,4.523118228486746,2.7145496691112617e-06,0,7,0,0,0,0,0,0,0,1,6,0,0,0,0,0,0,1,0,0,0,7,0,0,0,0,0,0,0,1,0,0,0
1327,0,0,0,0,0,0,0,12,123,7.63127576829646,6.074747860633917e-05,0,6,0,0,0,0,0,0,1,0,6,0,0,0,0,0,0,1,0,0,0,7,0,0,0,0,0,0,0,1,0,0,0
1328,0,1,1,0,1,0,0,10,107,7.211694970113402,3.993150437914463e-05,0,7,0,0,0,0,0,0,0,1,6,0,0,0,0,0,0,1,0,0,0,7,0,0,0,0,0,0,0,1,0,0,0
1331,0,0,0,1,0,3,0,7,161,33.76206627502823,0.9999999262117512,1,2,0,0,1,0,0,0,0,0,8,0,0,0,0,0,0,0,0,1,0,7,0,0,0,0,0,0,0,1,0,0,0
1332,0,1,0,1,0,0,0,33,156,66.648972138649,1.0,1,6,0,0,0,0,0,0,1,0,6,0,0,0,0,0,0,1,0,0,0,7,0,0,0,0,0,0,0,1,0,0,0
1334,0,0,0,1,0,2,0,7,159,29.31095822621469,0.9999936747724736,1,4,0,0,0,0,1,0,0,0,9,0,0,0,0,0,0,0,0,0,1,7,0,0,0,0,0,0,0,1,0,0,0
1335,0,0,0,0,0,0,0,5,67,5.474430925850413,7.028226904317121e-06,0,6,0,0,0,0,0,0,1,0,6,0,0,0,0,0,0,1,0,0,0,7,0,0,0,0,0,0,0,1,0,0,0
1337,0,0,0,0,0,0,0,1,32,1.7369472635701375,1.6737100466152186e-07,0,6,0,0,0,0,0,0,1,0,6,0,0,0,0,0,0,1,0,0,0,7,0,0,0,0,0,0,0,1,0,0,0
1338,0,0,0,0,0,0,0,0,56,3.667178407799794,1.153369677736981e-06,0,6,0,0,0,0,0,0,1,0,6,0,0,0,0,0,0,1,0,0,0,7,0,0,0,0,0,0,0,1,0,0,0
1340,0,0,0,1,0,0,0,86,137,687.9983701483377,1.0,1,6,0,0,0,0,0,0,1,0,6,0,0,0,0,0,0,1,0,0,0,7,0,0,0,0,0,0,0,1,0,0,0
1341,1,0,0,0,0,12,0,20,166,41.80053120375339,0.9999999999761808,1,6,0,0,0,0,0,0,1,0,6,0,0,0,0,0,0,1,0,0,0,7,0,0,0,0,0,0,0,1,0,0,1
1343,0,0,0,1,0,0,1,3,84,4.126289167543588,1.825397734694283e-06,0,4,0,0,0,0,1,0,0,0,9,0,0,0,0,0,0,0,0,0,1,7,0,0,0,0,0,0,0,1,0,0,0
1345,0,0,0,0,0,0,4,2,76,6.557756421792947,2.0764529427437965e-05,0,6,0,0,0,0,0,0,1,0,6,0,0,0,0,0,0,1,0,0,0,7,0,0,0,0,0,0,0,1,0,0,0
1346,1,1,1,1,1,0,0,19,134,37.63732686763749,0.9999999984689728,1,6,0,0,0,0,0,0,1,0,6,0,0,0,0,0,0,1,0,0,0,7,0,0,0,0,0,0,0,1,0,0,1
1347,0,0,0,0,0,3,2,2,141,46.26516713414573,0.9999999999997258,1,6,0,0,0,0,0,0,1,0,6,0,0,0,0,0,0,1,0,0,0,7,0,0,0,0,0,0,0,1,0,0,0
1348,0,1,1,1,1,0,0,12,157,22.7044988119384,0.9953419934475392,1,6,0,0,0,0,0,0,1,0,6,0,0,0,0,0,0,1,0,0,0,7,0,0,0,0,0,0,0,1,0,0,0
1349,1,0,1,0,0,0,0,6,161,97.83121681346717,1.0,1,6,0,0,0,0,0,0,1,0,6,0,0,0,0,0,0,1,0,0,0,7,0,0,0,0,0,0,0,1,0,0,1
1350,0,1,1,0,0,5,0,21,166,10.600441548883591,0.0011817712328105231,0,6,0,0,0,0,0,0,1,0,6,0,0,0,0,0,0,1,0,0,0,7,0,0,0,0,0,0,0,1,0,0,0
1351,0,1,1,1,0,0,0,13,130,27.26378879700708,0.9999510072284921,1,2,0,0,1,0,0,0,0,0,6,0,0,0,0,0,0,1,0,0,0,7,0,0,0,0,0,0,0,1,0,0,0
1352,0,1,1,0,0,0,0,8,123,26.839698377795877,0.9999251311954908,1,6,0,0,0,0,0,0,1,0,6,0,0,0,0,0,0,1,0,0,0,7,0,0,0,0,0,0,0,1,0,0,0
1353,0,1,1,0,0,0,0,14,167,18.200306374569237,0.7027246607980234,1,2,0,0,1,0,0,0,0,0,8,0,0,0,0,0,0,0,0,1,0,7,0,0,0,0,0,0,0,1,0,0,0
1354,0,0,0,1,0,0,1,10,160,26.41061656634998,0.9998850176081132,1,6,0,0,0,0,0,0,1,0,6,0,0,0,0,0,0,1,0,0,0,7,0,0,0,0,0,0,0,1,0,0,0
1356,0,1,1,0,0,0,0,21,155,16.359607142240687,0.2728138390476258,0,0,1,0,0,0,0,0,0,0,6,0,0,0,0,0,0,1,0,0,0,7,0,0,0,0,0,0,0,1,0,0,1
1360,1,0,0,0,0,0,0,8,157,167.0538784935456,1.0,1,4,0,0,0,0,1,0,0,0,9,0,0,0,0,0,0,0,0,0,1,4,0,0,0,0,1,0,0,0,0,0,0
1361,0,1,0,0,1,0,0,26,143,31.25495966872896,0.9999990946647992,1,6,0,0,0,0,0,0,1,0,6,0,0,0,0,0,0,1,0,0,0,7,0,0,0,0,0,0,0,1,0,0,0
1362,0,0,0,0,0,0,0,2,94,6.1058367788629875,1.3214756501691196e-05,0,6,0,0,0,0,0,0,1,0,6,0,0,0,0,0,0,1,0,0,0,7,0,0,0,0,0,0,0,1,0,0,0
1363,0,0,0,0,0,0,0,4,132,11.804727994588935,0.0039296324597621855,0,6,0,0,0,0,0,0,1,0,6,0,0,0,0,0,0,1,0,0,0,7,0,0,0,0,0,0,0,1,0,0,0
1365,0,0,0,1,1,0,0,6,125,14.324379140732855,0.046725143061871866,0,6,0,0,0,0,0,0,1,0,6,0,0,0,0,0,0,1,0,0,0,7,0,0,0,0,0,0,0,1,0,0,0
1368,0,0,0,1,0,0,0,8,146,19.884570394727284,0.927207901032158,1,6,0,0,0,0,0,0,1,0,6,0,0,0,0,0,0,1,0,0,0,7,0,0,0,0,0,0,0,1,0,0,0
1369,0,1,0,1,0,0,0,8,161,51.893064202941844,0.9999999999999992,1,6,0,0,0,0,0,0,1,0,6,0,0,0,0,0,0,1,0,0,0,7,0,0,0,0,0,0,0,1,0,0,0
1371,0,0,0,1,0,0,0,10,69,6.2548676304945525,1.533845156575637e-05,0,4,0,0,0,0,1,0,0,0,2,0,0,1,0,0,0,0,0,0,0,3,0,0,0,1,0,0,0,0,0,0,0
1372,0,0,0,0,0,0,0,9,94,8.500492926266308,0.0001448731599420821,0,2,0,0,1,0,0,0,0,0,3,0,0,0,1,0,0,0,0,0,0,7,0,0,0,0,0,0,0,1,0,0,0
1374,0,1,0,0,0,0,0,5,42,3.4276556738505173,9.07706059424108e-07,0,6,0,0,0,0,0,0,1,0,6,0,0,0,0,0,0,1,0,0,0,7,0,0,0,0,0,0,0,1,0,0,0
1375,1,0,0,1,0,0,0,10,155,216.56247193691024,1.0,1,6,0,0,0,0,0,0,1,0,6,0,0,0,0,0,0,1,0,0,0,7,0,0,0,0,0,0,0,1,0,0,0
1376,0,0,0,1,1,0,0,4,104,3.1825168123662557,7.103671428185713e-07,0,6,0,0,0,0,0,0,1,0,6,0,0,0,0,0,0,1,0,0,0,7,0,0,0,0,0,0,0,1,0,0,0
1378,0,1,0,1,0,0,0,10,178,21.9982022243247,0.9906055955155142,1,2,0,0,1,0,0,0,0,0,3,0,0,0,1,0,0,0,0,0,0,7,0,0,0,0,0,0,0,1,0,0,0
1379,0,1,1,0,0,0,0,26,159,13.4869602030163,0.02077441624915129,0,4,0,0,0,0,1,0,0,0,9,0,0,0,0,0,0,0,0,0,1,5,0,0,0,0,0,1,0,0,0,0,0
1380,0,1,1,0,0,0,0,32,159,13.4869602030163,0.02077441624915129,0,4,0,0,0,0,1,0,0,0,9,0,0,0,0,0,0,0,0,0,1,5,0,0,0,0,0,1,0,0,0,0,0
1381,0,0,0,0,1,0,1,4,150,105.85076486329154,1.0,1,6,0,0,0,0,0,0,1,0,6,0,0,0,0,0,0,1,0,0,0,7,0,0,0,0,0,0,0,1,0,0,0
1382,0,0,0,1,0,0,0,2,155,40.58814930557535,0.9999999999199324,1,6,0,0,0,0,0,0,1,0,6,0,0,0,0,0,0,1,0,0,0,7,0,0,0,0,0,0,0,1,0,0,0
1383,0,1,1,0,1,0,0,21,149,9.425459594273805,0.000365258319235096,0,6,0,0,0,0,0,0,1,0,6,0,0,0,0,0,0,1,0,0,0,7,0,0,0,0,0,0,0,1,0,0,0
1384,0,1,1,0,0,0,0,19,153,10.687322115422775,0.00128889809698664,0,4,0,0,0,0,1,0,0,0,9,0,0,0,0,0,0,0,0,0,1,5,0,0,0,0,0,1,0,0,0,0,0
1385,0,1,1,0,0,0,0,21,153,10.687322115422775,0.00128889809698664,0,4,0,0,0,0,1,0,0,0,9,0,0,0,0,0,0,0,0,0,1,5,0,0,0,0,0,1,0,0,0,0,0
1388,0,1,1,0,0,0,0,24,123,3.296740511808929,7.963235335354944e-07,0,6,0,0,0,0,0,0,1,0,6,0,0,0,0,0,0,1,0,0,0,7,0,0,0,0,0,0,0,1,0,0,0
1389,0,1,1,1,0,0,0,21,140,9.765994632510377,0.0005133673605333513,0,4,0,0,0,0,1,0,0,0,9,0,0,0,0,0,0,0,0,0,1,7,0,0,0,0,0,0,0,1,0,0,0
1390,0,1,1,0,0,0,0,11,151,19.964156768926376,0.9324001793090692,1,6,0,0,0,0,0,0,1,0,6,0,0,0,0,0,0,1,0,0,0,7,0,0,0,0,0,0,0,1,0,0,0
1391,0,1,1,0,0,0,0,22,151,8.249950251469514,0.00011276973917360235,0,6,0,0,0,0,0,0,1,0,6,0,0,0,0,0,0,1,0,0,0,7,0,0,0,0,0,0,0,1,0,0,0
1393,0,1,1,0,0,0,0,8,109,6.883372065514037,2.875621353507563e-05,0,6,0,0,0,0,0,0,1,0,6,0,0,0,0,0,0,1,0,0,0,7,0,0,0,0,0,0,0,1,0,0,0
1394,0,1,1,0,1,0,0,27,166,16.777330219791025,0.36292994941822,0,4,0,0,0,0,1,0,0,0,9,0,0,0,0,0,0,0,0,0,1,0,1,0,0,0,0,0,0,0,0,0,0
1395,0,0,0,1,0,0,0,7,161,74.202700396113,1.0,1,0,1,0,0,0,0,0,0,0,6,0,0,0,0,0,0,1,0,0,0,7,0,0,0,0,0,0,0,1,0,0,0
1396,0,1,1,0,0,0,0,25,159,13.36865671693677,0.018499418934969862,0,4,0,0,0,0,1,0,0,0,9,0,0,0,0,0,0,0,0,0,1,5,0,0,0,0,0,1,0,0,0,0,0
1399,0,1,1,0,0,0,0,67,159,89.5829106852563,1.0,1,4,0,0,0,0,1,0,0,0,9,0,0,0,0,0,0,0,0,0,1,5,0,0,0,0,0,1,0,0,0,0,0
1401,0,1,1,1,0,0,0,18,128,3.5627261561478143,1.0389760648518086e-06,0,6,0,0,0,0,0,0,1,0,6,0,0,0,0,0,0,1,0,0,0,7,0,0,0,0,0,0,0,1,0,0,0
1402,0,1,1,0,1,0,2,19,149,7.5275227191907,5.4761013848151236e-05,0,2,0,0,1,0,0,0,0,0,8,0,0,0,0,0,0,0,0,1,0,7,0,0,0,0,0,0,0,1,0,0,0
1405,0,1,1,0,0,0,0,13,109,6.883372065514037,2.875621353507563e-05,0,6,0,0,0,0,0,0,1,0,6,0,0,0,0,0,0,1,0,0,0,7,0,0,0,0,0,0,0,1,0,0,0
1406,0,1,1,0,1,0,1,28,166,12.409084259846775,0.0071681355701468,0,4,0,0,0,0,1,0,0,0,9,0,0,0,0,0,0,0,0,0,1,0,1,0,0,0,0,0,0,0,0,0,0
1407,0,1,1,0,0,0,0,22,153,10.687322115422775,0.00128889809698664,0,4,0,0,0,0,1,0,0,0,9,0,0,0,0,0,0,0,0,0,1,5,0,0,0,0,0,1,0,0,0,0,0
1408,0,1,1,0,0,0,0,23,151,9.307431603995976,0.00032460774064756604,0,6,0,0,0,0,0,0,1,0,6,0,0,0,0,0,0,1,0,0,0,7,0,0,0,0,0,0,0,1,0,0,0
1409,1,1,1,0,1,0,2,17,149,7.5275227191907,5.4761013848151236e-05,0,2,0,0,1,0,0,0,0,0,8,0,0,0,0,0,0,0,0,1,0,7,0,0,0,0,0,0,0,1,0,0,0
1411,0,0,0,0,0,0,0,1,67,9.90396018637219,0.0005892681260256782,0,6,0,0,0,0,0,0,1,0,6,0,0,0,0,0,0,1,0,0,0,7,0,0,0,0,0,0,0,1,0,0,0
1412,0,1,1,0,1,0,0,17,151,1.0828315235976782,8.70164580304642e-08,0,6,0,0,0,0,0,0,1,0,6,0,0,0,0,0,0,1,0,0,0,7,0,0,0,0,0,0,0,1,0,0,0
1414,0,1,1,0,1,0,1,20,150,7.5275227191907,5.4761013848151236e-05,0,2,0,0,1,0,0,0,0,0,8,0,0,0,0,0,0,0,0,1,0,7,0,0,0,0,0,0,0,1,0,0,0
1415,0,1,1,0,1,0,0,17,151,1.4027594619461723,1.1982414133985133e-07,0,6,0,0,0,0,0,0,1,0,6,0,0,0,0,0,0,1,0,0,0,7,0,0,0,0,0,0,0,1,0,0,0
1418,0,1,1,0,0,0,0,15,159,15.226934693953993,0.10783341316899273,0,4,0,0,0,0,1,0,0,0,9,0,0,0,0,0,0,0,0,0,1,5,0,0,0,0,0,1,0,0,0,0,0
1419,0,1,1,0,0,0,0,23,153,10.687322115422775,0.00128889809698664,0,4,0,0,0,0,1,0,0,0,9,0,0,0,0,0,0,0,0,0,1,5,0,0,0,0,0,1,0,0,0,0,0
1420,0,1,1,0,1,0,2,17,149,7.5275227191907,5.4761013848151236e-05,0,2,0,0,1,0,0,0,0,0,8,0,0,0,0,0,0,0,0,1,0,7,0,0,0,0,0,0,0,1,0,0,0
1421,0,0,0,0,0,0,4,9,60,4.8865362654448345,3.904161046013784e-06,0,6,0,0,0,0,0,0,1,0,6,0,0,0,0,0,0,1,0,0,0,7,0,0,0,0,0,0,0,1,0,0,0
1422,0,1,1,0,0,0,0,22,159,13.36865671693677,0.018499418934969862,0,4,0,0,0,0,1,0,0,0,9,0,0,0,0,0,0,0,0,0,1,5,0,0,0,0,0,1,0,0,0,0,0
1425,0,1,0,1,0,0,0,4,135,33.2501731216125,0.9999998768882362,1,6,0,0,0,0,0,0,1,0,6,0,0,0,0,0,0,1,0,0,0,7,0,0,0,0,0,0,0,1,0,0,0
1429,0,0,0,1,0,1,0,3,138,32.26177569215808,0.9999996692079884,1,6,0,0,0,0,0,0,1,0,6,0,0,0,0,0,0,1,0,0,0,7,0,0,0,0,0,0,0,1,0,0,0
1431,0,0,0,1,0,0,3,7,107,10.084954173107347,0.0007061010662656701,0,5,0,0,0,0,0,1,0,0,1,0,1,0,0,0,0,0,0,0,0,7,0,0,0,0,0,0,0,1,0,0,0
1432,0,0,0,0,0,0,1,7,59,7.054899015505656,3.4136781389498746e-05,0,6,0,0,0,0,0,0,1,0,6,0,0,0,0,0,0,1,0,0,0,7,0,0,0,0,0,0,0,1,0,0,0
1433,1,0,0,1,0,0,0,5,137,52.361206261714074,0.9999999999999992,1,6,0,0,0,0,0,0,1,0,6,0,0,0,0,0,0,1,0,0,0,7,0,0,0,0,0,0,0,1,0,0,1
1436,0,0,0,1,1,0,0,5,138,16.224737601789858,0.24689111709274625,0,6,0,0,0,0,0,0,1,0,6,0,0,0,0,0,0,1,0,0,0,7,0,0,0,0,0,0,0,1,0,0,0
1439,0,0,0,0,0,0,0,12,173,82.4354578673575,1.0,1,4,0,0,0,0,1,0,0,0,9,0,0,0,0,0,0,0,0,0,1,1,0,1,0,0,0,0,0,0,0,0,0
1440,1,0,0,1,0,0,4,1,52,6.334257463017794,1.6605789756328498e-05,0,6,0,0,0,0,0,0,1,0,6,0,0,0,0,0,0,1,0,0,0,7,0,0,0,0,0,0,0,1,0,0,0
1441,0,0,0,1,0,0,0,5,110,8.338537568341442,0.00012321427395841793,0,6,0,0,0,0,0,0,1,0,6,0,0,0,0,0,0,1,0,0,0,7,0,0,0,0,0,0,0,1,0,0,0
1443,0,1,1,0,0,1,0,14,106,1.4492062307200242,1.2552085777156484e-07,0,4,0,0,0,0,1,0,0,0,9,0,0,0,0,0,0,0,0,0,1,8,0,0,0,0,0,0,0,0,1,0,0
1444,0,0,0,1,0,0,0,6,79,1.9629481613885165,2.0981239798546387e-07,0,4,0,0,0,0,1,0,0,0,9,0,0,0,0,0,0,0,0,0,1,5,0,0,0,0,0,1,0,0,0,0,0
1445,0,0,1,0,0,0,4,8,64,0.4175606653606557,4.473814339594391e-08,0,6,0,0,0,0,0,0,1,0,6,0,0,0,0,0,0,1,0,0,0,7,0,0,0,0,0,0,0,1,0,0,0
1447,0,1,0,0,0,0,0,18,170,50.411392788426866,0.9999999999999956,1,6,0,0,0,0,0,0,1,0,6,0,0,0,0,0,0,1,0,0,0,7,0,0,0,0,0,0,0,1,0,0,0
1448,0,0,0,0,1,0,0,6,109,13.468292194313388,0.020398034053431262,0,6,0,0,0,0,0,0,1,0,6,0,0,0,0,0,0,1,0,0,0,7,0,0,0,0,0,0,0,1,0,0,0
1449,0,1,1,0,0,0,4,6,98,9.743082325295113,0.0005017444934110909,0,6,0,0,0,0,0,0,1,0,6,0,0,0,0,0,0,1,0,0,0,7,0,0,0,0,0,0,0,1,0,0,0
1450,0,0,0,1,0,2,4,5,157,35.84707278174964,0.9999999908276545,1,1,0,1,0,0,0,0,0,0,7,0,0,0,0,0,0,0,1,0,0,6,0,0,0,0,0,0,1,0,0,0,0
1452,0,0,0,0,1,1,0,17,87,4.788554062234099,3.5397676182346083e-06,0,6,0,0,0,0,0,0,1,0,6,0,0,0,0,0,0,1,0,0,0,7,0,0,0,0,0,0,0,1,0,0,0
1453,0,0,0,0,0,0,0,4,100,8.206709945545112,0.00010799797745709349,0,6,0,0,0,0,0,0,1,0,6,0,0,0,0,0,0,1,0,0,0,7,0,0,0,0,0,0,0,1,0,0,0
1454,0,1,0,1,0,1,0,2,129,26.482815439182247,0.9998930257513352,1,6,0,0,0,0,0,0,1,0,6,0,0,0,0,0,0,1,0,0,0,7,0,0,0,0,0,0,0,1,0,0,0
1455,0,0,0,0,0,0,20,5,118,9.479440619761403,0.0003855094066955415,0,6,0,0,0,0,0,0,1,0,6,0,0,0,0,0,0,1,0,0,0,7,0,0,0,0,0,0,0,1,0,0,0
1456,0,1,1,1,0,0,0,13,101,3.3285543251147813,8.22064895302042e-07,0,6,0,0,0,0,0,0,1,0,6,0,0,0,0,0,0,1,0,0,0,7,0,0,0,0,0,0,0,1,0,0,0
1458,1,0,0,0,0,0,0,5,129,34.126759673907344,0.999999948760736,1,6,0,0,0,0,0,0,1,0,6,0,0,0,0,0,0,1,0,0,0,7,0,0,0,0,0,0,0,1,0,0,0
1459,0,1,1,0,0,0,0,11,160,25.827860290112877,0.999794088938435,1,6,0,0,0,0,0,0,1,0,6,0,0,0,0,0,0,1,0,0,0,7,0,0,0,0,0,0,0,1,0,0,0
1460,0,0,0,0,0,1,0,9,162,29.86612320262451,0.9999963694515508,1,6,0,0,0,0,0,0,1,0,6,0,0,0,0,0,0,1,0,0,0,7,0,0,0,0,0,0,0,1,0,0,0
1463,0,1,0,1,0,0,0,6,172,37.18095006623507,0.9999999975835108,1,4,0,0,0,0,1,0,0,0,9,0,0,0,0,0,0,0,0,0,1,7,0,0,0,0,0,0,0,1,0,0,0
1464,0,0,0,1,0,0,0,6,139,25.6830992031222,0.999762023161982,1,6,0,0,0,0,0,0,1,0,6,0,0,0,0,0,0,1,0,0,0,7,0,0,0,0,0,0,0,1,0,0,0
1466,0,0,0,1,0,0,2,5,80,7.18299005014283,3.880161252707416e-05,0,4,0,0,0,0,1,0,0,0,9,0,0,0,0,0,0,0,0,0,1,7,0,0,0,0,0,0,0,1,0,0,0
1467,0,0,0,0,0,0,2,3,128,31.580718347255058,0.9999993463664744,1,4,0,0,0,0,1,0,0,0,9,0,0,0,0,0,0,0,0,0,1,7,0,0,0,0,0,0,0,1,0,0,0
1470,0,1,1,0,0,2,0,14,166,20.0986288514844,0.9403988290876244,1,6,0,0,0,0,0,0,1,0,6,0,0,0,0,0,0,1,0,0,0,7,0,0,0,0,0,0,0,1,0,0,0
1472,0,1,0,1,0,0,0,4,84,15.398199889397825,0.12545022874356765,0,4,0,0,0,0,1,0,0,0,9,0,0,0,0,0,0,0,0,0,1,7,0,0,0,0,0,0,0,1,0,0,0
1473,1,1,1,1,0,1,12,11,141,10.28821967590356,0.000865116986634697,0,6,0,0,0,0,0,0,1,0,6,0,0,0,0,0,0,1,0,0,0,7,0,0,0,0,0,0,0,1,0,0,0
1474,1,0,0,0,0,0,0,2,67,6.119815355708242,1.3400774620795191e-05,0,6,0,0,0,0,0,0,1,0,6,0,0,0,0,0,0,1,0,0,0,7,0,0,0,0,0,0,0,1,0,0,0
1475,0,1,0,0,0,0,0,2,63,4.636066402089941,3.039137994935883e-06,0,6,0,0,0,0,0,0,1,0,6,0,0,0,0,0,0,1,0,0,0,7,0,0,0,0,0,0,0,1,0,0,0
1477,0,0,0,1,0,0,2,9,92,11.119978661873322,0.001985253698792907,0,6,0,0,0,0,0,0,1,0,6,0,0,0,0,0,0,1,0,0,0,7,0,0,0,0,0,0,0,1,0,0,0
1479,1,0,0,1,0,0,0,10,130,46.5063701880829,0.9999999999997846,1,4,0,0,0,0,1,0,0,0,9,0,0,0,0,0,0,0,0,0,1,8,0,0,0,0,0,0,0,0,1,0,0
1480,0,1,1,0,0,0,0,25,158,15.519321557151587,0.13935248511372972,0,4,0,0,0,0,1,0,0,0,9,0,0,0,0,0,0,0,0,0,1,7,0,0,0,0,0,0,0,1,0,0,0
1482,0,1,1,0,1,0,0,14,98,3.3686137516581165,8.556648190586994e-07,0,6,0,0,0,0,0,0,1,0,6,0,0,0,0,0,0,1,0,0,0,0,1,0,0,0,0,0,0,0,0,0,0
1483,0,1,1,0,0,0,0,21,134,7.568202983426088,5.703450897496553e-05,0,6,0,0,0,0,0,0,1,0,6,0,0,0,0,0,0,1,0,0,0,7,0,0,0,0,0,0,0,1,0,0,0
1484,0,1,1,0,0,0,0,15,126,5.553395119280415,7.6057008011246355e-06,0,2,0,0,1,0,0,0,0,0,8,0,0,0,0,0,0,0,0,1,0,7,0,0,0,0,0,0,0,1,0,0,0
1485,0,0,0,0,0,0,3,22,80,21.693652517194558,0.9873035174553036,1,1,0,1,0,0,0,0,0,0,7,0,0,0,0,0,0,0,1,0,0,6,0,0,0,0,0,0,1,0,0,0,0
1486,0,1,1,0,0,1,0,27,96,3.9901298069477473,1.5930314476459722e-06,0,6,0,0,0,0,0,0,1,0,6,0,0,0,0,0,0,1,0,0,0,0,1,0,0,0,0,0,0,0,0,0,0
1487,0,1,0,1,0,0,0,8,122,12.061491109680865,0.005074151505605391,0,4,0,0,0,0,1,0,0,0,9,0,0,0,0,0,0,0,0,0,1,7,0,0,0,0,0,0,0,1,0,0,0
1488,0,1,1,1,1,0,0,16,144,54.81956306326372,1.0,1,4,0,0,0,0,1,0,0,0,9,0,0,0,0,0,0,0,0,0,1,7,0,0,0,0,0,0,0,1,0,0,0
1491,0,1,1,0,0,1,0,25,62,3.9080461126994894,1.4674925604542528e-06,0,6,0,0,0,0,0,0,1,0,6,0,0,0,0,0,0,1,0,0,0,5,0,0,0,0,0,1,0,0,0,0,0
1493,0,1,0,0,0,0,0,0,129,61.530645693677776,1.0,1,6,0,0,0,0,0,0,1,0,6,0,0,0,0,0,0,1,0,0,0,7,0,0,0,0,0,0,0,1,0,0,0
1494,0,0,0,0,0,0,0,11,165,31.7102079074202,0.999999425754299,1,4,0,0,0,0,1,0,0,0,9,0,0,0,0,0,0,0,0,0,1,9,0,0,0,0,0,0,0,0,0,1,1
1495,0,0,1,0,0,0,0,19,126,4.920121736785913,4.037510371070487e-06,0,2,0,0,1,0,0,0,0,0,8,0,0,0,0,0,0,0,0,1,0,7,0,0,0,0,0,0,0,1,0,0,0
1497,0,0,0,0,0,0,0,5,145,39.2026154387175,0.9999999996799728,1,6,0,0,0,0,0,0,1,0,6,0,0,0,0,0,0,1,0,0,0,7,0,0,0,0,0,0,0,1,0,0,0
1498,0,1,1,0,0,0,0,17,139,4.782095404441943,3.516979221375554e-06,0,6,0,0,0,0,0,0,1,0,6,0,0,0,0,0,0,1,0,0,0,7,0,0,0,0,0,0,0,1,0,0,0
1499,0,0,1,0,0,0,0,25,134,5.049838997149412,4.596728975995253e-06,0,6,0,0,0,0,0,0,1,0,6,0,0,0,0,0,0,1,0,0,0,7,0,0,0,0,0,0,0,1,0,0,0
1500,0,0,0,1,0,0,0,12,62,3.717309659787188,1.2126632877692698e-06,0,6,0,0,0,0,0,0,1,0,6,0,0,0,0,0,0,1,0,0,0,8,0,0,0,0,0,0,0,0,1,0,0
1501,0,1,1,0,0,0,0,15,110,12.85808344536052,0.011185189202220495,0,6,0,0,0,0,0,0,1,0,6,0,0,0,0,0,0,1,0,0,0,7,0,0,0,0,0,0,0,1,0,0,0
1502,0,1,1,0,0,0,0,16,180,26.60550565055075,0.9999053760818168,1,4,0,0,0,0,1,0,0,0,9,0,0,0,0,0,0,0,0,0,1,7,0,0,0,0,0,0,0,1,0,0,1
1503,0,0,0,1,0,0,0,7,127,39.56123430592321,0.9999999997764162,1,6,0,0,0,0,0,0,1,0,6,0,0,0,0,0,0,1,0,0,0,7,0,0,0,0,0,0,0,1,0,0,0
1504,0,0,0,1,0,0,2,0,41,0.18551174926440492,3.547320244539965e-08,0,6,0,0,0,0,0,0,1,0,6,0,0,0,0,0,0,1,0,0,0,7,0,0,0,0,0,0,0,1,0,0,0
1505,0,1,0,0,1,0,0,2,127,12.58050944086638,0.008497153792068392,0,6,0,0,0,0,0,0,1,0,6,0,0,0,0,0,0,1,0,0,0,7,0,0,0,0,0,0,0,1,0,0,0
1506,0,1,1,0,1,0,2,9,157,1.8420687555868402,1.8592333412328137e-07,0,6,0,0,0,0,0,0,1,0,6,0,0,0,0,0,0,1,0,0,0,7,0,0,0,0,0,0,0,1,0,0,0
1507,0,1,1,0,0,0,0,22,133,3.9543688033090163,1.5370697193570068e-06,0,6,0,0,0,0,0,0,1,0,6,0,0,0,0,0,0,1,0,0,0,7,0,0,0,0,0,0,0,1,0,0,0
1508,0,1,1,0,0,0,0,17,138,4.548660724841934,2.7847789484070564e-06,0,6,0,0,0,0,0,0,1,0,6,0,0,0,0,0,0,1,0,0,0,7,0,0,0,0,0,0,0,1,0,0,0
1509,0,0,0,0,0,0,2,4,60,5.785441678319504,9.592126868330563e-06,0,0,1,0,0,0,0,0,0,0,6,0,0,0,0,0,0,1,0,0,0,7,0,0,0,0,0,0,0,1,0,0,0
1510,0,0,0,0,0,0,6,1,79,8.847639635897432,0.00020498671786382068,0,6,0,0,0,0,0,0,1,0,6,0,0,0,0,0,0,1,0,0,0,7,0,0,0,0,0,0,0,1,0,0,0
1511,0,1,1,0,0,0,0,18,135,2.871357368717767,5.204129782158854e-07,0,6,0,0,0,0,0,0,1,0,6,0,0,0,0,0,0,1,0,0,0,7,0,0,0,0,0,0,0,1,0,0,0
1513,0,0,0,0,1,0,0,5,162,57.9084482721594,1.0,1,6,0,0,0,0,0,0,1,0,6,0,0,0,0,0,0,1,0,0,0,7,0,0,0,0,0,0,0,1,0,0,0
1514,0,0,0,0,0,0,0,4,79,4.658713842458826,3.108751789182518e-06,0,6,0,0,0,0,0,0,1,0,6,0,0,0,0,0,0,1,0,0,0,7,0,0,0,0,0,0,0,1,0,0,0
1515,0,1,0,1,0,0,2,4,86,6.122203215709847,1.3432811599351104e-05,0,6,0,0,0,0,0,0,1,0,6,0,0,0,0,0,0,1,0,0,0,7,0,0,0,0,0,0,0,1,0,0,0
1518,0,0,0,0,0,0,0,2,61,6.387482415659418,1.751356038327425e-05,0,6,0,0,0,0,0,0,1,0,6,0,0,0,0,0,0,1,0,0,0,7,0,0,0,0,0,0,0,1,0,0,0
1519,0,0,1,0,0,0,0,8,145,15.85768072313146,0.1850773617777074,0,6,0,0,0,0,0,0,1,0,6,0,0,0,0,0,0,1,0,0,0,7,0,0,0,0,0,0,0,1,0,0,0
1520,0,1,1,0,0,0,0,25,166,8.949806299991883,0.00022703173295113868,0,4,0,0,0,0,1,0,0,0,9,0,0,0,0,0,0,0,0,0,1,0,1,0,0,0,0,0,0,0,0,0,0
1521,0,0,1,0,0,0,0,7,145,6.732146111246214,2.4720477492125697e-05,0,6,0,0,0,0,0,0,1,0,6,0,0,0,0,0,0,1,0,0,0,7,0,0,0,0,0,0,0,1,0,0,0
1522,0,1,1,0,0,0,0,22,137,2.336490824100891,3.048306438170988e-07,0,6,0,0,0,0,0,0,1,0,6,0,0,0,0,0,0,1,0,0,0,7,0,0,0,0,0,0,0,1,0,0,0
1523,0,0,0,0,0,2,0,10,60,1.7635105032601193,1.718764953033954e-07,0,6,0,0,0,0,0,0,1,0,6,0,0,0,0,0,0,1,0,0,0,7,0,0,0,0,0,0,0,1,0,0,0
1524,0,0,1,1,0,0,0,16,178,10.735955219426224,0.0013530435530629402,0,6,0,0,0,0,0,0,1,0,6,0,0,0,0,0,0,1,0,0,0,7,0,0,0,0,0,0,0,1,0,0,0
1525,0,1,1,0,0,0,0,15,121,2.6065767626201115,3.9935158736008437e-07,0,6,0,0,0,0,0,0,1,0,6,0,0,0,0,0,0,1,0,0,0,7,0,0,0,0,0,0,0,1,0,0,0
1526,0,1,1,0,0,0,0,14,183,58.19075807388223,1.0,1,6,0,0,0,0,0,0,1,0,6,0,0,0,0,0,0,1,0,0,0,7,0,0,0,0,0,0,0,1,0,0,0
1527,0,1,1,0,0,0,0,19,138,5.125387998729728,4.95746042844839e-06,0,6,0,0,0,0,0,0,1,0,6,0,0,0,0,0,0,1,0,0,0,7,0,0,0,0,0,0,0,1,0,0,0
1530,0,1,1,0,1,0,1,12,154,29.24433537714211,0.9999932390161472,1,4,0,0,0,0,1,0,0,0,9,0,0,0,0,0,0,0,0,0,1,7,0,0,0,0,0,0,0,1,0,0,0
1531,0,1,1,0,0,0,0,16,144,6.753115322902768,2.5244306275196107e-05,0,6,0,0,0,0,0,0,1,0,6,0,0,0,0,0,0,1,0,0,0,7,0,0,0,0,0,0,0,1,0,0,0
1532,1,1,1,0,0,0,0,12,131,87.21283776919334,1.0,1,7,0,0,0,0,0,0,0,1,0,1,0,0,0,0,0,0,0,0,0,7,0,0,0,0,0,0,0,1,0,0,1
1533,0,1,1,0,0,0,0,4,79,14.67014425629459,0.06477570707775272,0,6,0,0,0,0,0,0,1,0,6,0,0,0,0,0,0,1,0,0,0,7,0,0,0,0,0,0,0,1,0,0,1
1534,1,0,1,0,0,0,0,13,107,35.13735855642217,0.99999998134886,1,2,0,0,1,0,0,0,0,0,8,0,0,0,0,0,0,0,0,1,0,7,0,0,0,0,0,0,0,1,0,0,1
1535,1,1,1,0,0,0,0,9,142,123.05744819457392,1.0,1,6,0,0,0,0,0,0,1,0,6,0,0,0,0,0,0,1,0,0,0,7,0,0,0,0,0,0,0,1,0,0,1
1537,0,0,0,0,0,0,0,21,66,29.769805340988288,0.9999960023718636,1,6,0,0,0,0,0,0,1,0,6,0,0,0,0,0,0,1,0,0,0,7,0,0,0,0,0,0,0,1,0,0,0
1538,0,0,0,0,0,0,0,31,49,41.31316361703722,0.999999999961222,1,6,0,0,0,0,0,0,1,0,6,0,0,0,0,0,0,1,0,0,0,7,0,0,0,0,0,0,0,1,0,0,0
1540,0,0,0,1,0,0,0,6,94,24.11144863773219,0.998855278627975,1,2,0,0,1,0,0,0,0,0,8,0,0,0,0,0,0,0,0,1,0,7,0,0,0,0,0,0,0,1,0,0,0
1543,0,0,0,1,0,0,1,7,76,9.661645889633581,0.0004625218590944444,0,4,0,0,0,0,1,0,0,0,2,0,0,1,0,0,0,0,0,0,0,7,0,0,0,0,0,0,0,1,0,0,0
1544,0,1,1,1,0,0,2,8,106,7.997192595255305,8.758550917433401e-05,0,4,0,0,0,0,1,0,0,0,9,0,0,0,0,0,0,0,0,0,1,7,0,0,0,0,0,0,0,1,0,0,0
1545,1,0,1,0,0,0,0,19,102,39.76548901123631,0.9999999998177224,1,5,0,0,0,0,0,1,0,0,1,0,1,0,0,0,0,0,0,0,0,7,0,0,0,0,0,0,0,1,0,0,1
1546,0,1,1,0,0,1,0,8,64,4.376469118624809,2.3442776880792773e-06,0,6,0,0,0,0,0,0,1,0,6,0,0,0,0,0,0,1,0,0,0,7,0,0,0,0,0,0,0,1,0,0,0
1547,0,1,1,1,0,3,4,9,120,19.832227533167988,0.9235951417242668,1,6,0,0,0,0,0,0,1,0,6,0,0,0,0,0,0,1,0,0,0,7,0,0,0,0,0,0,0,1,0,0,0
1549,1,0,0,1,0,1,0,1,88,58.51040567770654,1.0,1,6,0,0,0,0,0,0,1,0,6,0,0,0,0,0,0,1,0,0,0,7,0,0,0,0,0,0,0,1,0,0,1
1553,0,0,0,1,0,0,2,3,57,11.51180416342348,0.002934744460260689,0,6,0,0,0,0,0,0,1,0,6,0,0,0,0,0,0,1,0,0,0,7,0,0,0,0,0,0,0,1,0,0,0
1554,1,1,1,0,0,0,0,18,93,35.1710825470886,0.9999999819673632,1,6,0,0,0,0,0,0,1,0,6,0,0,0,0,0,0,1,0,0,0,7,0,0,0,0,0,0,0,1,0,0,1
1555,1,1,1,0,0,0,0,5,64,9.551329336181237,0.00041423174037876013,0,6,0,0,0,0,0,0,1,0,6,0,0,0,0,0,0,1,0,0,0,7,0,0,0,0,0,0,0,1,0,0,1
1556,1,1,1,0,1,0,0,11,148,59.46769228167623,1.0,1,3,0,0,0,1,0,0,0,0,6,0,0,0,0,0,0,1,0,0,0,7,0,0,0,0,0,0,0,1,0,0,1
1558,0,0,0,1,0,0,2,0,41,5.866352293298684,1.0400485114908803e-05,0,6,0,0,0,0,0,0,1,0,6,0,0,0,0,0,0,1,0,0,0,7,0,0,0,0,0,0,0,1,0,0,0
1559,0,0,0,0,0,0,8,1,51,10.223976349552373,0.0008113303014101168,0,6,0,0,0,0,0,0,1,0,6,0,0,0,0,0,0,1,0,0,0,7,0,0,0,0,0,0,0,1,0,0,0
1560,1,1,0,1,0,0,0,7,113,96.63700565163882,1.0,1,0,1,0,0,0,0,0,0,0,5,0,0,0,0,0,1,0,0,0,0,7,0,0,0,0,0,0,0,1,0,0,1
1561,1,0,0,0,0,0,0,7,157,179.39092220201226,1.0,1,4,0,0,0,0,1,0,0,0,2,0,0,1,0,0,0,0,0,0,0,7,0,0,0,0,0,0,0,1,0,0,0
1562,0,0,0,1,0,0,0,7,89,14.500498093666465,0.05522652083634634,0,6,0,0,0,0,0,0,1,0,6,0,0,0,0,0,0,1,0,0,0,7,0,0,0,0,0,0,0,1,0,0,1
1567,1,0,0,1,0,2,0,9,70,24.405482580531807,0.9991466461774684,1,4,0,0,0,0,1,0,0,0,9,0,0,0,0,0,0,0,0,0,1,7,0,0,0,0,0,0,0,1,0,0,0
1568,0,1,0,1,1,0,0,6,59,6.354135614323069,1.6939179170856393e-05,0,2,0,0,1,0,0,0,0,0,8,0,0,0,0,0,0,0,0,1,0,7,0,0,0,0,0,0,0,1,0,0,0
1569,1,1,1,0,0,0,1,8,142,48.88377687861031,0.99999999999998,1,6,0,0,0,0,0,0,1,0,6,0,0,0,0,0,0,1,0,0,0,7,0,0,0,0,0,0,0,1,0,0,1
1570,0,0,0,0,0,0,0,1,41,9.808528556843806,0.0005356619700960833,0,6,0,0,0,0,0,0,1,0,6,0,0,0,0,0,0,1,0,0,0,7,0,0,0,0,0,0,0,1,0,0,0
1572,0,0,0,0,0,1,2,2,94,20.692505881272357,0.96618679836025,1,6,0,0,0,0,0,0,1,0,6,0,0,0,0,0,0,1,0,0,0,7,0,0,0,0,0,0,0,1,0,0,0
1573,1,0,0,0,0,2,3,24,71,25.098087555270947,0.9995729095484974,1,6,0,0,0,0,0,0,1,0,6,0,0,0,0,0,0,1,0,0,0,7,0,0,0,0,0,0,0,1,0,0,1
1574,1,1,1,0,0,0,0,10,117,30.07638826282444,0.9999970579125304,1,1,0,1,0,0,0,0,0,0,6,0,0,0,0,0,0,1,0,0,0,7,0,0,0,0,0,0,0,1,0,0,1
1575,1,1,1,0,0,0,0,9,142,123.05744819457392,1.0,1,6,0,0,0,0,0,0,1,0,6,0,0,0,0,0,0,1,0,0,0,7,0,0,0,0,0,0,0,1,0,0,1
1576,0,0,0,1,0,0,2,22,154,69.29987683329396,1.0,1,4,0,0,0,0,1,0,0,0,9,0,0,0,0,0,0,0,0,0,1,1,0,1,0,0,0,0,0,0,0,0,0
1577,0,1,1,0,0,0,2,7,64,6.792109436920577,2.6248103700222173e-05,0,4,0,0,0,0,1,0,0,0,9,0,0,0,0,0,0,0,0,0,1,7,0,0,0,0,0,0,0,1,0,0,1
1579,0,1,0,1,1,1,0,17,161,32.003975984307765,0.999999571928848,1,4,0,0,0,0,1,0,0,0,9,0,0,0,0,0,0,0,0,0,1,7,0,0,0,0,0,0,0,1,0,0,0
1580,0,1,0,1,0,0,0,2,45,4.2253546825851975,2.0154917797608693e-06,0,6,0,0,0,0,0,0,1,0,6,0,0,0,0,0,0,1,0,0,0,7,0,0,0,0,0,0,0,1,0,0,0
1582,1,1,1,1,0,0,0,14,140,66.6321628006447,1.0,1,6,0,0,0,0,0,0,1,0,6,0,0,0,0,0,0,1,0,0,0,7,0,0,0,0,0,0,0,1,0,0,1
1585,1,1,1,0,0,0,0,14,144,31.16028969777586,0.9999990047687284,1,4,0,0,0,0,1,0,0,0,9,0,0,0,0,0,0,0,0,0,1,5,0,0,0,0,0,1,0,0,0,0,1
1587,0,1,1,0,1,0,0,10,93,7.27148356038399,4.239166343411394e-05,0,6,0,0,0,0,0,0,1,0,6,0,0,0,0,0,0,1,0,0,0,7,0,0,0,0,0,0,0,1,0,0,1
1588,0,0,0,1,0,0,0,1,63,8.728580997578817,0.0001819823231224885,0,6,0,0,0,0,0,0,1,0,6,0,0,0,0,0,0,1,0,0,0,7,0,0,0,0,0,0,0,1,0,0,0
1590,1,1,1,0,0,0,0,12,155,112.82385573759557,1.0,1,2,0,0,1,0,0,0,0,0,6,0,0,0,0,0,0,1,0,0,0,7,0,0,0,0,0,0,0,1,0,0,1
1591,1,0,0,1,1,0,8,11,86,19.366961901652815,0.8835989679274123,1,6,0,0,0,0,0,0,1,0,6,0,0,0,0,0,0,1,0,0,0,7,0,0,0,0,0,0,0,1,0,0,1
1593,1,0,0,0,0,0,0,1,143,187.24830128957328,1.0,1,6,0,0,0,0,0,0,1,0,6,0,0,0,0,0,0,1,0,0,0,7,0,0,0,0,0,0,0,1,0,0,1
1594,1,1,0,0,0,0,2,8,149,77.66081582040162,1.0,1,1,0,1,0,0,0,0,0,0,6,0,0,0,0,0,0,1,0,0,0,7,0,0,0,0,0,0,0,1,0,0,1
1595,1,1,0,0,1,0,0,8,137,92.61741566854313,1.0,1,2,0,0,1,0,0,0,0,0,6,0,0,0,0,0,0,1,0,0,0,7,0,0,0,0,0,0,0,1,0,0,1
1596,1,1,0,1,0,0,0,7,157,153.82979847770338,1.0,1,6,0,0,0,0,0,0,1,0,6,0,0,0,0,0,0,1,0,0,0,7,0,0,0,0,0,0,0,1,0,0,1
1597,0,0,1,0,0,0,4,6,48,2.500487802026614,3.5915472331952954e-07,0,6,0,0,0,0,0,0,1,0,6,0,0,0,0,0,0,1,0,0,0,7,0,0,0,0,0,0,0,1,0,0,1
1599,0,1,0,1,0,0,0,8,138,35.640382843863,0.9999999887216724,1,6,0,0,0,0,0,0,1,0,6,0,0,0,0,0,0,1,0,0,0,7,0,0,0,0,0,0,0,1,0,0,0
1600,1,1,1,0,1,0,4,6,131,24.21259021070364,0.998965281081331,1,6,0,0,0,0,0,0,1,0,6,0,0,0,0,0,0,1,0,0,0,7,0,0,0,0,0,0,0,1,0,0,1
1601,0,1,0,1,0,0,1,5,146,31.343147263656963,0.9999991710848942,1,6,0,0,0,0,0,0,1,0,6,0,0,0,0,0,0,1,0,0,0,7,0,0,0,0,0,0,0,1,0,0,1
1602,0,0,0,1,0,0,0,2,51,2.8661961086901244,5.177339125287125e-07,0,6,0,0,0,0,0,0,1,0,6,0,0,0,0,0,0,1,0,0,0,7,0,0,0,0,0,0,0,1,0,0,0
1603,1,1,1,1,0,0,0,11,101,28.33492003535481,0.9999832135210832,1,1,0,1,0,0,0,0,0,0,7,0,0,0,0,0,0,0,1,0,0,6,0,0,0,0,0,0,1,0,0,0,1
1604,1,1,1,1,0,0,0,38,142,87.06960108566686,1.0,1,4,0,0,0,0,1,0,0,0,9,0,0,0,0,0,0,0,0,0,1,7,0,0,0,0,0,0,0,1,0,0,1
1605,0,0,0,1,0,0,0,5,104,15.490379623434114,0.1359174753096117,0,6,0,0,0,0,0,0,1,0,6,0,0,0,0,0,0,1,0,0,0,7,0,0,0,0,0,0,0,1,0,0,0
1607,0,1,0,1,0,0,0,33,112,34.67731533706997,0.999999970453938,1,6,0,0,0,0,0,0,1,0,6,0,0,0,0,0,0,1,0,0,0,7,0,0,0,0,0,0,0,1,0,0,0
1608,0,0,0,1,0,0,1,12,175,37.50576434996288,0.999999998253696,1,2,0,0,1,0,0,0,0,0,6,0,0,0,0,0,0,1,0,0,0,7,0,0,0,0,0,0,0,1,0,0,1
1609,0,0,0,1,0,0,0,15,172,86.6836132572098,1.0,1,6,0,0,0,0,0,0,1,0,6,0,0,0,0,0,0,1,0,0,0,7,0,0,0,0,0,0,0,1,0,0,1
1610,1,0,1,0,1,0,0,9,128,32.549617364906204,0.9999997519455636,1,0,1,0,0,0,0,0,0,0,6,0,0,0,0,0,0,1,0,0,0,7,0,0,0,0,0,0,0,1,0,0,1
1611,0,1,1,0,1,0,0,18,134,17.932652190817112,0.6439734497692491,1,6,0,0,0,0,0,0,1,0,6,0,0,0,0,0,0,1,0,0,0,7,0,0,0,0,0,0,0,1,0,0,0
1613,0,1,0,1,0,0,0,2,75,5.805023671580853,9.781809111718163e-06,0,6,0,0,0,0,0,0,1,0,6,0,0,0,0,0,0,1,0,0,0,7,0,0,0,0,0,0,0,1,0,0,0
1614,1,1,1,1,0,0,0,13,129,64.67989928066021,1.0,1,1,0,1,0,0,0,0,0,0,6,0,0,0,0,0,0,1,0,0,0,7,0,0,0,0,0,0,0,1,0,0,1
1615,1,1,0,1,0,0,0,10,163,231.44847584746623,1.0,1,4,0,0,0,0,1,0,0,0,9,0,0,0,0,0,0,0,0,0,1,7,0,0,0,0,0,0,0,1,0,0,1
1617,1,0,1,1,0,0,0,17,95,21.38056384089865,0.9827164227931064,1,6,0,0,0,0,0,0,1,0,6,0,0,0,0,0,0,1,0,0,0,8,0,0,0,0,0,0,0,0,1,0,1
1618,0,0,0,0,0,0,0,1,121,69.11259690586685,1.0,1,6,0,0,0,0,0,0,1,0,6,0,0,0,0,0,0,1,0,0,0,7,0,0,0,0,0,0,0,1,0,0,0
1619,0,1,1,1,0,0,0,17,117,24.79902648628532,0.9994241149811168,1,2,0,0,1,0,0,0,0,0,3,0,0,0,1,0,0,0,0,0,0,7,0,0,0,0,0,0,0,1,0,0,0
1621,1,1,1,0,0,0,0,13,157,56.24283990847603,1.0,1,5,0,0,0,0,0,1,0,0,1,0,1,0,0,0,0,0,0,0,0,7,0,0,0,0,0,0,0,1,0,0,1
1622,0,0,1,0,1,0,0,20,90,9.266870301641148,0.0003117087013951072,0,0,1,0,0,0,0,0,0,0,6,0,0,0,0,0,0,1,0,0,0,7,0,0,0,0,0,0,0,1,0,0,1
1623,1,1,1,0,1,0,0,7,101,24.03571026982778,0.9987653227880192,1,6,0,0,0,0,0,0,1,0,6,0,0,0,0,0,0,1,0,0,0,7,0,0,0,0,0,0,0,1,0,0,0
1625,1,1,0,0,0,0,0,7,96,27.526010382249748,0.9999623074492364,1,0,1,0,0,0,0,0,0,0,5,0,0,0,0,0,1,0,0,0,0,7,0,0,0,0,0,0,0,1,0,0,1
1626,1,1,0,0,0,0,0,11,177,110.65625712771916,1.0,1,2,0,0,1,0,0,0,0,0,8,0,0,0,0,0,0,0,0,1,0,7,0,0,0,0,0,0,0,1,0,0,1
1627,0,0,0,0,0,0,0,1,59,9.495391053760157,0.00039170532284481404,0,4,0,0,0,0,1,0,0,0,9,0,0,0,0,0,0,0,0,0,1,7,0,0,0,0,0,0,0,1,0,0,0
1628,0,0,0,1,0,0,0,4,41,4.6691850030534665,3.1414749519056245e-06,0,6,0,0,0,0,0,0,1,0,6,0,0,0,0,0,0,1,0,0,0,7,0,0,0,0,0,0,0,1,0,0,1
1631,1,0,1,0,0,0,0,14,107,44.728881623729926,0.999999999998726,1,6,0,0,0,0,0,0,1,0,6,0,0,0,0,0,0,1,0,0,0,7,0,0,0,0,0,0,0,1,0,0,1
1632,1,1,0,0,0,0,0,5,122,50.05659579247239,0.9999999999999938,1,6,0,0,0,0,0,0,1,0,6,0,0,0,0,0,0,1,0,0,0,7,0,0,0,0,0,0,0,1,0,0,1
1633,1,1,1,0,0,0,0,6,101,53.71098470879511,0.9999999999999998,1,6,0,0,0,0,0,0,1,0,6,0,0,0,0,0,0,1,0,0,0,7,0,0,0,0,0,0,0,1,0,0,1
1634,1,1,0,0,0,0,0,5,151,125.205763970337,1.0,1,6,0,0,0,0,0,0,1,0,6,0,0,0,0,0,0,1,0,0,0,7,0,0,0,0,0,0,0,1,0,0,1
1636,1,1,1,0,0,0,0,10,162,135.08985803513056,1.0,1,5,0,0,0,0,0,1,0,0,1,0,1,0,0,0,0,0,0,0,0,7,0,0,0,0,0,0,0,1,0,0,1
1637,1,1,0,1,0,0,0,2,149,77.38642503535195,1.0,1,6,0,0,0,0,0,0,1,0,6,0,0,0,0,0,0,1,0,0,0,7,0,0,0,0,0,0,0,1,0,0,1
1638,1,1,1,0,1,0,0,8,148,69.27996376464047,1.0,1,6,0,0,0,0,0,0,1,0,6,0,0,0,0,0,0,1,0,0,0,7,0,0,0,0,0,0,0,1,0,0,1
1639,1,1,1,0,1,0,0,6,109,53.71098470879511,0.9999999999999998,1,6,0,0,0,0,0,0,1,0,6,0,0,0,0,0,0,1,0,0,0,7,0,0,0,0,0,0,0,1,0,0,1
1643,1,1,0,0,1,0,0,6,129,40.0120146999693,0.9999999998575476,1,6,0,0,0,0,0,0,1,0,6,0,0,0,0,0,0,1,0,0,0,7,0,0,0,0,0,0,0,1,0,0,1
1644,1,1,1,0,1,0,0,20,153,31.99215058051436,0.999999566836687,1,6,0,0,0,0,0,0,1,0,6,0,0,0,0,0,0,1,0,0,0,7,0,0,0,0,0,0,0,1,0,0,1
1645,1,0,0,1,1,1,0,5,66,15.513689779035527,0.13867841785585122,0,6,0,0,0,0,0,0,1,0,6,0,0,0,0,0,0,1,0,0,0,7,0,0,0,0,0,0,0,1,0,0,1
1646,1,1,1,0,0,0,0,6,101,53.71098470879511,0.9999999999999998,1,6,0,0,0,0,0,0,1,0,6,0,0,0,0,0,0,1,0,0,0,7,0,0,0,0,0,0,0,1,0,0,1
1647,1,1,1,0,0,0,0,3,84,18.091858083489047,0.6795834314021146,1,6,0,0,0,0,0,0,1,0,6,0,0,0,0,0,0,1,0,0,0,7,0,0,0,0,0,0,0,1,0,0,1
1648,1,1,1,0,0,0,0,7,88,24.14851297594197,0.9988968843573526,1,6,0,0,0,0,0,0,1,0,6,0,0,0,0,0,0,1,0,0,0,7,0,0,0,0,0,0,0,1,0,0,1
1649,1,1,1,0,0,0,0,17,105,39.703199669025075,0.9999999998060072,1,4,0,0,0,0,1,0,0,0,9,0,0,0,0,0,0,0,0,0,1,7,0,0,0,0,0,0,0,1,0,0,1
1650,1,1,1,0,0,0,0,15,92,29.033613853722805,0.9999916531154844,1,6,0,0,0,0,0,0,1,0,6,0,0,0,0,0,0,1,0,0,0,7,0,0,0,0,0,0,0,1,0,0,1
1652,1,1,1,0,0,0,0,11,99,33.30453417694327,0.9999998834020674,1,7,0,0,0,0,0,0,0,1,0,1,0,0,0,0,0,0,0,0,0,7,0,0,0,0,0,0,0,1,0,0,1
1653,1,1,0,1,0,0,0,14,183,24.50292572505084,0.9992258153984274,1,4,0,0,0,0,1,0,0,0,2,0,0,1,0,0,0,0,0,0,0,6,0,0,0,0,0,0,1,0,0,0,1
1654,1,1,1,0,0,0,0,10,122,32.509635726724895,0.9999997418270129,1,6,0,0,0,0,0,0,1,0,6,0,0,0,0,0,0,1,0,0,0,7,0,0,0,0,0,0,0,1,0,0,1
1657,1,1,1,1,0,0,0,5,115,54.74482546125801,1.0,1,6,0,0,0,0,0,0,1,0,6,0,0,0,0,0,0,1,0,0,0,7,0,0,0,0,0,0,0,1,0,0,1
1658,1,1,1,0,0,0,0,5,88,24.14851297594197,0.9988968843573526,1,6,0,0,0,0,0,0,1,0,6,0,0,0,0,0,0,1,0,0,0,7,0,0,0,0,0,0,0,1,0,0,1
1660,1,1,1,1,1,0,0,13,115,17.665643684726668,0.5806990422477553,1,4,0,0,0,0,1,0,0,0,9,0,0,0,0,0,0,0,0,0,1,9,0,0,0,0,0,0,0,0,0,1,1
1661,1,1,1,0,0,0,0,9,147,111.90567038381677,1.0,1,6,0,0,0,0,0,0,1,0,6,0,0,0,0,0,0,1,0,0,0,7,0,0,0,0,0,0,0,1,0,0,1
1662,1,0,1,0,0,0,0,12,105,33.02167445409404,0.9999998452839922,1,6,0,0,0,0,0,0,1,0,6,0,0,0,0,0,0,1,0,0,0,7,0,0,0,0,0,0,0,1,0,0,1
1663,0,1,1,0,0,0,0,9,88,9.767451252723554,0.0005141153019627507,0,4,0,0,0,0,1,0,0,0,9,0,0,0,0,0,0,0,0,0,1,9,0,0,0,0,0,0,0,0,0,1,1
1665,1,1,0,0,0,0,0,6,160,133.15570545503985,1.0,1,1,0,1,0,0,0,0,0,0,6,0,0,0,0,0,0,1,0,0,0,7,0,0,0,0,0,0,0,1,0,0,1
1666,0,0,0,0,0,0,0,7,63,18.165205886041022,0.6953402864478124,1,6,0,0,0,0,0,0,1,0,6,0,0,0,0,0,0,1,0,0,0,7,0,0,0,0,0,0,0,1,0,0,1
1669,1,1,1,0,0,0,0,14,155,94.65133157952229,1.0,1,4,0,0,0,0,1,0,0,0,2,0,0,1,0,0,0,0,0,0,0,3,0,0,0,1,0,0,0,0,0,0,1
1670,1,1,1,0,1,0,0,9,114,31.15528009836731,0.9999989997705142,1,4,0,0,0,0,1,0,0,0,9,0,0,0,0,0,0,0,0,0,1,7,0,0,0,0,0,0,0,1,0,0,1
1671,0,1,1,1,1,0,0,17,137,16.036067622909915,0.21350394823292126,0,6,0,0,0,0,0,0,1,0,6,0,0,0,0,0,0,1,0,0,0,7,0,0,0,0,0,0,0,1,0,0,0
1672,1,1,0,1,0,0,0,1,156,80.96769543715226,1.0,1,1,0,1,0,0,0,0,0,0,4,0,0,0,0,1,0,0,0,0,0,7,0,0,0,0,0,0,0,1,0,0,1
1673,1,1,1,0,1,0,0,8,125,20.140523164956967,0.942704088402668,1,6,0,0,0,0,0,0,1,0,6,0,0,0,0,0,0,1,0,0,0,7,0,0,0,0,0,0,0,1,0,0,1
1675,1,0,1,0,0,0,0,21,155,42.361452756217055,0.9999999999864068,1,6,0,0,0,0,0,0,1,0,6,0,0,0,0,0,0,1,0,0,0,7,0,0,0,0,0,0,0,1,0,0,1
1676,1,1,1,0,0,0,0,14,173,43.224958103466975,0.999999999994268,1,1,0,1,0,0,0,0,0,0,4,0,0,0,0,1,0,0,0,0,0,7,0,0,0,0,0,0,0,1,0,0,1
1677,1,1,1,0,0,0,0,10,117,47.6938561048325,0.9999999999999344,1,6,0,0,0,0,0,0,1,0,6,0,0,0,0,0,0,1,0,0,0,7,0,0,0,0,0,0,0,1,0,0,1
1679,1,1,1,1,0,0,0,20,154,60.01645789282682,1.0,1,6,0,0,0,0,0,0,1,0,6,0,0,0,0,0,0,1,0,0,0,7,0,0,0,0,0,0,0,1,0,0,1
1683,1,1,0,0,0,1,1,7,145,120.84383711646028,1.0,1,6,0,0,0,0,0,0,1,0,6,0,0,0,0,0,0,1,0,0,0,7,0,0,0,0,0,0,0,1,0,0,1
1684,1,1,1,1,0,0,0,13,111,27.584817026508745,0.9999644600295646,1,6,0,0,0,0,0,0,1,0,6,0,0,0,0,0,0,1,0,0,0,7,0,0,0,0,0,0,0,1,0,0,1
1686,1,1,1,0,1,0,0,23,152,48.36916420948685,0.9999999999999664,1,6,0,0,0,0,0,0,1,0,6,0,0,0,0,0,0,1,0,0,0,7,0,0,0,0,0,0,0,1,0,0,1
1687,1,0,1,0,0,0,0,5,102,27.594493217060727,0.9999648022506183,1,6,0,0,0,0,0,0,1,0,6,0,0,0,0,0,0,1,0,0,0,7,0,0,0,0,0,0,0,1,0,0,1
1688,1,1,1,0,1,0,0,16,151,22.99241228080783,0.9965032285541696,1,2,0,0,1,0,0,0,0,0,8,0,0,0,0,0,0,0,0,1,0,7,0,0,0,0,0,0,0,1,0,0,1
1689,1,1,1,0,0,0,0,19,168,42.58330032785757,0.9999999999891114,1,1,0,1,0,0,0,0,0,0,4,0,0,0,0,1,0,0,0,0,0,7,0,0,0,0,0,0,0,1,0,0,1
1690,1,0,1,0,0,0,0,7,102,27.594493217060727,0.9999648022506183,1,6,0,0,0,0,0,0,1,0,6,0,0,0,0,0,0,1,0,0,0,7,0,0,0,0,0,0,0,1,0,0,1
1691,0,0,0,1,1,0,0,12,168,73.67185833135183,1.0,1,4,0,0,0,0,1,0,0,0,9,0,0,0,0,0,0,0,0,0,1,7,0,0,0,0,0,0,0,1,0,0,0
1692,1,1,1,0,0,0,0,9,116,31.845402157561537,0.9999994983698088,1,6,0,0,0,0,0,0,1,0,6,0,0,0,0,0,0,1,0,0,0,7,0,0,0,0,0,0,0,1,0,0,1
1693,1,1,1,0,0,0,0,9,135,34.51934061068069,0.9999999653975256,1,2,0,0,1,0,0,0,0,0,8,0,0,0,0,0,0,0,0,1,0,7,0,0,0,0,0,0,0,1,0,0,1
1694,1,0,1,0,1,0,0,15,151,54.95569097244731,1.0,1,6,0,0,0,0,0,0,1,0,6,0,0,0,0,0,0,1,0,0,0,7,0,0,0,0,0,0,0,1,0,0,1
1698,0,0,0,1,1,2,0,16,169,52.00479445850264,0.9999999999999992,1,2,0,0,1,0,0,0,0,0,3,0,0,0,1,0,0,0,0,0,0,7,0,0,0,0,0,0,0,1,0,0,0
1699,1,1,1,0,0,0,0,8,104,32.88385230739536,0.9999998224213956,1,6,0,0,0,0,0,0,1,0,6,0,0,0,0,0,0,1,0,0,0,7,0,0,0,0,0,0,0,1,0,0,1
1700,1,1,1,0,0,0,0,6,102,27.594493217060727,0.9999648022506183,1,6,0,0,0,0,0,0,1,0,6,0,0,0,0,0,0,1,0,0,0,7,0,0,0,0,0,0,0,1,0,0,1
1701,1,0,1,0,1,0,0,9,143,31.809313396268074,0.9999994799359792,1,4,0,0,0,0,1,0,0,0,9,0,0,0,0,0,0,0,0,0,1,0,1,0,0,0,0,0,0,0,0,0,1
1702,1,1,1,0,0,0,0,12,126,39.70569345275943,0.9999999998064903,1,6,0,0,0,0,0,0,1,0,6,0,0,0,0,0,0,1,0,0,0,7,0,0,0,0,0,0,0,1,0,0,1
1703,1,1,1,1,0,0,0,5,165,143.19459087729558,1.0,1,0,1,0,0,0,0,0,0,0,5,0,0,0,0,0,1,0,0,0,0,7,0,0,0,0,0,0,0,1,0,0,1
1705,1,1,1,0,0,0,0,6,126,42.039947323251525,0.9999999999812524,1,1,0,1,0,0,0,0,0,0,6,0,0,0,0,0,0,1,0,0,0,7,0,0,0,0,0,0,0,1,0,0,1
1706,1,1,1,0,0,0,0,2,102,27.594493217060727,0.9999648022506183,1,6,0,0,0,0,0,0,1,0,6,0,0,0,0,0,0,1,0,0,0,7,0,0,0,0,0,0,0,1,0,0,1
1707,0,1,1,0,0,0,0,11,157,33.95816811620277,0.9999999393513328,1,6,0,0,0,0,0,0,1,0,6,0,0,0,0,0,0,1,0,0,0,7,0,0,0,0,0,0,0,1,0,0,1
1709,1,1,1,0,0,0,0,12,133,18.58185190725598,0.7758862010214561,1,6,0,0,0,0,0,0,1,0,6,0,0,0,0,0,0,1,0,0,0,7,0,0,0,0,0,0,0,1,0,0,1
1710,1,1,1,0,0,0,0,12,115,8.970675779508781,0.00023181844303149063,0,6,0,0,0,0,0,0,1,0,6,0,0,0,0,0,0,1,0,0,0,7,0,0,0,0,0,0,0,1,0,0,1
1712,1,0,0,0,0,0,0,4,150,136.43601815116844,1.0,1,6,0,0,0,0,0,0,1,0,6,0,0,0,0,0,0,1,0,0,0,7,0,0,0,0,0,0,0,1,0,0,1
1715,0,1,1,0,1,0,0,23,168,15.27317022934498,0.11236284073973647,0,2,0,0,1,0,0,0,0,0,8,0,0,0,0,0,0,0,0,1,0,7,0,0,0,0,0,0,0,1,0,0,1
1716,1,1,1,0,0,0,0,4,102,27.594493217060727,0.9999648022506183,1,6,0,0,0,0,0,0,1,0,6,0,0,0,0,0,0,1,0,0,0,7,0,0,0,0,0,0,0,1,0,0,1
1718,1,1,1,0,1,0,1,17,172,62.81604917929655,1.0,1,2,0,0,1,0,0,0,0,0,6,0,0,0,0,0,0,1,0,0,0,7,0,0,0,0,0,0,0,1,0,0,1
1719,0,1,1,1,1,0,0,11,124,16.036067622909915,0.21350394823292126,0,6,0,0,0,0,0,0,1,0,6,0,0,0,0,0,0,1,0,0,0,7,0,0,0,0,0,0,0,1,0,0,0
1720,1,1,0,1,0,0,0,1,151,68.05109610906642,1.0,1,1,0,1,0,0,0,0,0,0,4,0,0,0,0,1,0,0,0,0,0,7,0,0,0,0,0,0,0,1,0,0,1
1721,0,1,0,1,0,1,0,2,108,11.461990487489912,0.0027925337179555113,0,6,0,0,0,0,0,0,1,0,6,0,0,0,0,0,0,1,0,0,0,7,0,0,0,0,0,0,0,1,0,0,1
1722,1,0,0,0,0,0,0,1,104,21.23041425454361,0.979972422938846,1,6,0,0,0,0,0,0,1,0,6,0,0,0,0,0,0,1,0,0,0,7,0,0,0,0,0,0,0,1,0,0,1
1723,1,0,0,0,0,0,0,10,127,23.371544285961857,0.9976039726606196,1,5,0,0,0,0,0,1,0,0,1,0,1,0,0,0,0,0,0,0,0,7,0,0,0,0,0,0,0,1,0,0,1
1724,1,1,0,1,0,0,6,8,147,52.22489879262408,0.9999999999999992,1,4,0,0,0,0,1,0,0,0,9,0,0,0,0,0,0,0,0,0,1,7,0,0,0,0,0,0,0,1,0,0,1
1725,1,0,0,1,0,0,0,2,153,145.4943578261771,1.0,1,6,0,0,0,0,0,0,1,0,6,0,0,0,0,0,0,1,0,0,0,7,0,0,0,0,0,0,0,1,0,0,1
1726,0,0,0,0,0,0,0,28,68,10.648357220988773,0.0012397032390950124,0,6,0,0,0,0,0,0,1,0,6,0,0,0,0,0,0,1,0,0,0,7,0,0,0,0,0,0,0,1,0,0,0
1727,1,0,0,1,1,0,1,7,114,20.420257922858546,0.956071018438658,1,4,0,0,0,0,1,0,0,0,9,0,0,0,0,0,0,0,0,0,1,7,0,0,0,0,0,0,0,1,0,0,1
1728,1,0,0,1,0,0,0,1,140,76.81383936562018,1.0,1,6,0,0,0,0,0,0,1,0,6,0,0,0,0,0,0,1,0,0,0,7,0,0,0,0,0,0,0,1,0,0,1
1731,0,0,1,0,0,0,0,7,178,38.32346861987324,0.9999999992291048,1,6,0,0,0,0,0,0,1,0,6,0,0,0,0,0,0,1,0,0,0,7,0,0,0,0,0,0,0,1,0,0,0
1733,0,0,0,0,0,0,2,6,128,33.46965806870908,0.9999999011495928,1,6,0,0,0,0,0,0,1,0,6,0,0,0,0,0,0,1,0,0,0,7,0,0,0,0,0,0,0,1,0,0,0
1735,1,1,0,0,1,0,0,7,174,72.43039714401644,1.0,1,4,0,0,0,0,1,0,0,0,9,0,0,0,0,0,0,0,0,0,1,7,0,0,0,0,0,0,0,1,0,0,1
1737,0,1,1,0,1,0,2,8,103,5.505365622586188,7.249039167658176e-06,0,7,0,0,0,0,0,0,0,1,0,1,0,0,0,0,0,0,0,0,0,7,0,0,0,0,0,0,0,1,0,0,0
1739,1,0,0,0,1,0,0,3,131,47.67638436349753,0.9999999999999332,1,6,0,0,0,0,0,0,1,0,6,0,0,0,0,0,0,1,0,0,0,7,0,0,0,0,0,0,0,1,0,0,1
1740,1,0,0,0,0,0,0,1,154,71.5710216368233,1.0,1,6,0,0,0,0,0,0,1,0,6,0,0,0,0,0,0,1,0,0,0,7,0,0,0,0,0,0,0,1,0,0,1
1741,1,1,0,1,0,3,0,15,118,19.935935955672214,0.9305995662404509,1,6,0,0,0,0,0,0,1,0,6,0,0,0,0,0,0,1,0,0,0,7,0,0,0,0,0,0,0,1,0,0,1
1744,0,0,0,1,1,0,0,4,161,38.579449179810474,0.9999999994032059,1,4,0,0,0,0,1,0,0,0,9,0,0,0,0,0,0,0,0,0,1,1,0,1,0,0,0,0,0,0,0,0,1
1745,1,1,1,0,0,0,0,5,85,7.28104077391102,4.279873440718614e-05,0,6,0,0,0,0,0,0,1,0,6,0,0,0,0,0,0,1,0,0,0,7,0,0,0,0,0,0,0,1,0,0,1
1747,0,0,0,0,0,0,2,3,107,15.179382734800491,0.10334323955119393,0,6,0,0,0,0,0,0,1,0,6,0,0,0,0,0,0,1,0,0,0,7,0,0,0,0,0,0,0,1,0,0,1
1750,1,0,0,0,0,0,0,12,149,101.07285064461315,1.0,1,6,0,0,0,0,0,0,1,0,6,0,0,0,0,0,0,1,0,0,0,7,0,0,0,0,0,0,0,1,0,0,1
1752,0,0,0,0,0,0,6,19,117,39.424429577837756,0.9999999997436376,1,6,0,0,0,0,0,0,1,0,6,0,0,0,0,0,0,1,0,0,0,7,0,0,0,0,0,0,0,1,0,0,1
1753,1,0,0,1,0,0,0,7,189,152.00043408095019,1.0,1,6,0,0,0,0,0,0,1,0,6,0,0,0,0,0,0,1,0,0,0,7,0,0,0,0,0,0,0,1,0,0,1
1754,1,0,0,0,0,0,0,3,137,31.739249816235986,0.99999944219164,1,4,0,0,0,0,1,0,0,0,9,0,0,0,0,0,0,0,0,0,1,7,0,0,0,0,0,0,0,1,0,0,1
1755,1,1,1,0,0,0,0,7,141,22.655345376352987,0.99510846400333,1,6,0,0,0,0,0,0,1,0,6,0,0,0,0,0,0,1,0,0,0,7,0,0,0,0,0,0,0,1,0,0,1
1756,1,0,0,1,0,0,0,24,146,86.22660204930106,1.0,1,1,0,1,0,0,0,0,0,0,6,0,0,0,0,0,0,1,0,0,0,7,0,0,0,0,0,0,0,1,0,0,1
1757,1,0,0,1,0,0,0,1,90,26.88163017610808,0.9999282054487906,1,6,0,0,0,0,0,0,1,0,6,0,0,0,0,0,0,1,0,0,0,7,0,0,0,0,0,0,0,1,0,0,1
1759,1,0,0,0,0,0,0,5,121,30.877837822634945,0.9999986799476231,1,4,0,0,0,0,1,0,0,0,9,0,0,0,0,0,0,0,0,0,1,7,0,0,0,0,0,0,0,1,0,0,1
1760,1,0,0,0,0,0,0,1,152,87.12915867047548,1.0,1,4,0,0,0,0,1,0,0,0,9,0,0,0,0,0,0,0,0,0,1,7,0,0,0,0,0,0,0,1,0,0,0
1761,1,1,1,0,0,0,2,9,99,2.6857884057044434,4.322714772274681e-07,0,4,0,0,0,0,1,0,0,0,9,0,0,0,0,0,0,0,0,0,1,7,0,0,0,0,0,0,0,1,0,0,1
1762,1,1,1,0,0,0,0,8,120,5.808396987715612,9.814861639329081e-06,0,2,0,0,1,0,0,0,0,0,3,0,0,0,1,0,0,0,0,0,0,7,0,0,0,0,0,0,0,1,0,0,1
1763,0,0,0,1,0,0,1,11,138,19.496988618704933,0.8963200333840684,1,3,0,0,0,1,0,0,0,0,6,0,0,0,0,0,0,1,0,0,0,7,0,0,0,0,0,0,0,1,0,0,1
1766,0,0,0,0,1,0,2,6,152,51.81827888093543,0.9999999999999988,1,2,0,0,1,0,0,0,0,0,3,0,0,0,1,0,0,0,0,0,0,7,0,0,0,0,0,0,0,1,0,0,1
1767,0,0,0,1,0,0,0,5,85,12.452266194621151,0.00748208322469535,0,6,0,0,0,0,0,0,1,0,6,0,0,0,0,0,0,1,0,0,0,7,0,0,0,0,0,0,0,1,0,0,1
1768,1,1,1,1,1,0,0,16,171,44.00571716188087,0.9999999999973744,1,4,0,0,0,0,1,0,0,0,9,0,0,0,0,0,0,0,0,0,1,7,0,0,0,0,0,0,0,1,0,0,1
1769,1,1,1,1,0,0,0,15,173,66.02120940616099,1.0,1,4,0,0,0,0,1,0,0,0,9,0,0,0,0,0,0,0,0,0,1,9,0,0,0,0,0,0,0,0,0,1,1
1770,1,1,1,0,0,0,0,28,162,23.461116597045354,0.9978088093167088,1,6,0,0,0,0,0,0,1,0,6,0,0,0,0,0,0,1,0,0,0,7,0,0,0,0,0,0,0,1,0,0,1
1771,1,1,1,1,0,0,0,7,155,18.37775467592969,0.7384165370047225,1,6,0,0,0,0,0,0,1,0,6,0,0,0,0,0,0,1,0,0,0,7,0,0,0,0,0,0,0,1,0,0,1
1772,1,1,1,1,1,0,0,18,172,31.98474569043282,0.9999995636172566,1,6,0,0,0,0,0,0,1,0,6,0,0,0,0,0,0,1,0,0,0,7,0,0,0,0,0,0,0,1,0,0,1
1773,0,1,1,1,0,0,0,7,155,18.37775467592969,0.7384165370047225,1,6,0,0,0,0,0,0,1,0,6,0,0,0,0,0,0,1,0,0,0,7,0,0,0,0,0,0,0,1,0,0,1
1774,1,1,1,0,0,0,0,9,132,26.126311690517625,0.9998472128053492,1,4,0,0,0,0,1,0,0,0,9,0,0,0,0,0,0,0,0,0,1,7,0,0,0,0,0,0,0,1,0,0,1
1775,1,1,1,0,1,0,0,7,116,14.73633209880773,0.06890273319530188,0,2,0,0,1,0,0,0,0,0,8,0,0,0,0,0,0,0,0,1,0,7,0,0,0,0,0,0,0,1,0,0,1
1776,1,1,1,0,0,0,0,16,129,14.939788736316132,0.08315658800049075,0,4,0,0,0,0,1,0,0,0,9,0,0,0,0,0,0,0,0,0,1,7,0,0,0,0,0,0,0,1,0,0,1
1779,1,0,0,0,1,0,0,3,97,16.66537024473295,0.33746093755497997,0,6,0,0,0,0,0,0,1,0,6,0,0,0,0,0,0,1,0,0,0,7,0,0,0,0,0,0,0,1,0,0,1
1780,1,1,1,0,0,0,0,15,170,92.22805313057741,1.0,1,5,0,0,0,0,0,1,0,0,1,0,1,0,0,0,0,0,0,0,0,7,0,0,0,0,0,0,0,1,0,0,1
1784,0,0,0,0,0,0,0,0,117,19.31566839552625,0.8782186526402784,1,6,0,0,0,0,0,0,1,0,6,0,0,0,0,0,0,1,0,0,0,7,0,0,0,0,0,0,0,1,0,0,0
1786,1,1,1,0,0,0,0,9,159,30.069088149268843,0.9999970363564364,1,6,0,0,0,0,0,0,1,0,6,0,0,0,0,0,0,1,0,0,0,7,0,0,0,0,0,0,0,1,0,0,1
1787,1,0,0,0,0,0,0,0,140,71.57881081890524,1.0,1,6,0,0,0,0,0,0,1,0,6,0,0,0,0,0,0,1,0,0,0,7,0,0,0,0,0,0,0,1,0,0,1
1789,1,1,1,0,1,0,0,11,151,29.70034972282004,0.999995714845746,1,4,0,0,0,0,1,0,0,0,2,0,0,1,0,0,0,0,0,0,0,7,0,0,0,0,0,0,0,1,0,0,1
1790,1,1,0,0,1,0,0,6,94,8.102216574355033,9.728354356884596e-05,0,2,0,0,1,0,0,0,0,0,6,0,0,0,0,0,0,1,0,0,0,7,0,0,0,0,0,0,0,1,0,0,1
1791,1,1,0,0,1,0,0,2,139,36.50814599646375,0.999999995264346,1,0,1,0,0,0,0,0,0,0,5,0,0,0,0,0,1,0,0,0,0,7,0,0,0,0,0,0,0,1,0,0,1
1792,1,1,0,0,0,0,0,8,157,89.33960548615883,1.0,1,4,0,0,0,0,1,0,0,0,9,0,0,0,0,0,0,0,0,0,1,7,0,0,0,0,0,0,0,1,0,0,1
1796,1,0,0,0,0,0,1,4,170,116.2694897355919,1.0,1,2,0,0,1,0,0,0,0,0,6,0,0,0,0,0,0,1,0,0,0,7,0,0,0,0,0,0,0,1,0,0,1
1798,0,1,1,0,0,0,0,12,168,36.25577023475342,0.9999999939048364,1,6,0,0,0,0,0,0,1,0,6,0,0,0,0,0,0,1,0,0,0,7,0,0,0,0,0,0,0,1,0,0,1
1799,0,0,1,0,0,0,0,11,181,25.694961788846868,0.9997648288445043,1,5,0,0,0,0,0,1,0,0,1,0,1,0,0,0,0,0,0,0,0,7,0,0,0,0,0,0,0,1,0,0,1
1802,1,1,1,0,1,0,0,24,179,69.013590208528,1.0,1,6,0,0,0,0,0,0,1,0,6,0,0,0,0,0,0,1,0,0,0,5,0,0,0,0,0,1,0,0,0,0,1
1803,1,1,1,0,1,0,2,13,162,39.842474393672596,0.9999999998312284,1,4,0,0,0,0,1,0,0,0,9,0,0,0,0,0,0,0,0,0,1,7,0,0,0,0,0,0,0,1,0,0,1
1804,0,1,1,1,1,0,0,30,172,30.63196618585817,0.9999983120028899,1,2,0,0,1,0,0,0,0,0,8,0,0,0,0,0,0,0,0,1,0,7,0,0,0,0,0,0,0,1,0,0,0
1807,1,1,0,0,1,0,0,7,87,9.519234072919136,0.00040115319918444467,0,6,0,0,0,0,0,0,1,0,6,0,0,0,0,0,0,1,0,0,0,7,0,0,0,0,0,0,0,1,0,0,1
1808,1,1,1,0,1,0,0,23,162,17.230872626050445,0.4727451987735456,0,4,0,0,0,0,1,0,0,0,9,0,0,0,0,0,0,0,0,0,1,7,0,0,0,0,0,0,0,1,0,0,1
1809,1,1,0,1,0,0,0,14,146,83.01350140160564,1.0,1,6,0,0,0,0,0,0,1,0,6,0,0,0,0,0,0,1,0,0,0,7,0,0,0,0,0,0,0,1,0,0,1
1810,1,1,1,0,1,0,0,34,163,43.63392751775688,0.999999999996192,1,2,0,0,1,0,0,0,0,0,8,0,0,0,0,0,0,0,0,1,0,7,0,0,0,0,0,0,0,1,0,0,1
1811,1,0,0,1,1,0,0,16,174,89.15472987575652,1.0,1,4,0,0,0,0,1,0,0,0,9,0,0,0,0,0,0,0,0,0,1,7,0,0,0,0,0,0,0,1,0,0,1
1812,1,0,0,0,0,0,5,3,91,35.759501673556535,0.9999999899882024,1,6,0,0,0,0,0,0,1,0,6,0,0,0,0,0,0,1,0,0,0,7,0,0,0,0,0,0,0,1,0,0,1
1813,1,0,0,0,0,0,0,5,117,62.40070530337874,1.0,1,6,0,0,0,0,0,0,1,0,6,0,0,0,0,0,0,1,0,0,0,7,0,0,0,0,0,0,0,1,0,0,1
1814,1,1,1,0,0,0,0,12,169,150.70724718924436,1.0,1,6,0,0,0,0,0,0,1,0,6,0,0,0,0,0,0,1,0,0,0,7,0,0,0,0,0,0,0,1,0,0,1
1815,1,1,1,0,0,0,0,13,152,34.06916900764197,0.9999999457232056,1,2,0,0,1,0,0,0,0,0,8,0,0,0,0,0,0,0,0,1,0,7,0,0,0,0,0,0,0,1,0,0,1
1816,1,1,0,0,1,0,0,5,169,123.42071920007861,1.0,1,6,0,0,0,0,0,0,1,0,6,0,0,0,0,0,0,1,0,0,0,7,0,0,0,0,0,0,0,1,0,0,1
1817,1,1,1,0,1,0,0,12,172,39.62740863924539,0.9999999997907328,1,4,0,0,0,0,1,0,0,0,9,0,0,0,0,0,0,0,0,0,1,7,0,0,0,0,0,0,0,1,0,0,1
1818,1,0,0,1,0,0,0,14,165,104.52270200869222,1.0,1,4,0,0,0,0,1,0,0,0,9,0,0,0,0,0,0,0,0,0,1,7,0,0,0,0,0,0,0,1,0,0,1
1821,0,0,0,0,0,0,0,101,150,1214.7387398323765,1.0,1,4,0,0,0,0,1,0,0,0,9,0,0,0,0,0,0,0,0,0,1,7,0,0,0,0,0,0,0,1,0,0,0
1822,1,1,1,0,0,0,0,12,129,34.252100093797495,0.9999999547968984,1,4,0,0,0,0,1,0,0,0,6,0,0,0,0,0,0,1,0,0,0,7,0,0,0,0,0,0,0,1,0,0,1
1823,0,0,0,0,0,0,0,2,94,27.699215842340337,0.9999683017011052,1,2,0,0,1,0,0,0,0,0,6,0,0,0,0,0,0,1,0,0,0,7,0,0,0,0,0,0,0,1,0,0,0
1824,0,0,0,0,0,0,0,7,144,37.17355783489872,0.9999999975655812,1,6,0,0,0,0,0,0,1,0,6,0,0,0,0,0,0,1,0,0,0,7,0,0,0,0,0,0,0,1,0,0,0
1826,0,1,0,1,1,0,0,13,159,50.981651820602636,0.9999999999999976,1,4,0,0,0,0,1,0,0,0,9,0,0,0,0,0,0,0,0,0,1,7,0,0,0,0,0,0,0,1,0,0,0
1827,0,0,0,0,0,0,2,2,35,1.2955574963662717,1.0764332610700567e-07,0,6,0,0,0,0,0,0,1,0,6,0,0,0,0,0,0,1,0,0,0,7,0,0,0,0,0,0,0,1,0,0,0
1831,0,1,0,1,0,0,0,5,55,5.149347088868447,5.077670376731178e-06,0,4,0,0,0,0,1,0,0,0,9,0,0,0,0,0,0,0,0,0,1,7,0,0,0,0,0,0,0,1,0,0,0
1832,0,1,0,0,0,0,50,4,165,35.47069016959404,0.9999999866358512,1,6,0,0,0,0,0,0,1,0,6,0,0,0,0,0,0,1,0,0,0,7,0,0,0,0,0,0,0,1,0,0,0
1833,0,1,1,0,0,1,0,11,158,34.17243199592971,0.9999999510483152,1,4,0,0,0,0,1,0,0,0,9,0,0,0,0,0,0,0,0,0,1,7,0,0,0,0,0,0,0,1,0,0,0
1834,0,1,0,0,0,0,0,7,160,53.588242940514355,0.9999999999999998,1,4,0,0,0,0,1,0,0,0,9,0,0,0,0,0,0,0,0,0,1,7,0,0,0,0,0,0,0,1,0,0,0
1835,0,1,1,0,0,0,0,3,151,62.49939509556136,1.0,1,4,0,0,0,0,1,0,0,0,9,0,0,0,0,0,0,0,0,0,1,7,0,0,0,0,0,0,0,1,0,0,0
1836,1,1,1,0,0,0,0,7,148,74.31943715019521,1.0,1,6,0,0,0,0,0,0,1,0,6,0,0,0,0,0,0,1,0,0,0,7,0,0,0,0,0,0,0,1,0,0,1
1837,0,1,0,0,1,0,0,11,108,17.620239559140828,0.5696049540754357,1,7,0,0,0,0,0,0,0,1,0,1,0,0,0,0,0,0,0,0,0,7,0,0,0,0,0,0,0,1,0,0,0
1838,0,1,1,0,0,1,0,7,127,17.808601338816853,0.615052658667415,1,4,0,0,0,0,1,0,0,0,2,0,0,1,0,0,0,0,0,0,0,7,0,0,0,0,0,0,0,1,0,0,1
1840,1,1,0,0,1,0,0,4,103,21.13027531746904,0.9779096261443808,1,4,0,0,0,0,1,0,0,0,9,0,0,0,0,0,0,0,0,0,1,7,0,0,0,0,0,0,0,1,0,0,0
1841,0,0,0,0,0,0,0,1,49,5.550601051118816,7.584479776147052e-06,0,6,0,0,0,0,0,0,1,0,6,0,0,0,0,0,0,1,0,0,0,7,0,0,0,0,0,0,0,1,0,0,0
1842,1,0,1,0,0,0,0,5,90,15.386226324728728,0.12414245997214432,0,4,0,0,0,0,1,0,0,0,9,0,0,0,0,0,0,0,0,0,1,7,0,0,0,0,0,0,0,1,0,0,1
1845,0,0,0,0,0,1,0,1,86,12.744760998110605,0.009998820466495138,0,6,0,0,0,0,0,0,1,0,6,0,0,0,0,0,0,1,0,0,0,7,0,0,0,0,0,0,0,1,0,0,0
1847,0,1,0,0,1,0,0,4,78,4.703256093256916,3.250352333793205e-06,0,4,0,0,0,0,1,0,0,0,9,0,0,0,0,0,0,0,0,0,1,1,0,1,0,0,0,0,0,0,0,0,0
1848,0,0,0,0,0,0,0,4,52,6.017900221254914,1.2102338238775633e-05,0,6,0,0,0,0,0,0,1,0,6,0,0,0,0,0,0,1,0,0,0,7,0,0,0,0,0,0,0,1,0,0,0
1851,0,0,0,0,0,0,0,6,160,72.33663395776375,1.0,1,4,0,0,0,0,1,0,0,0,9,0,0,0,0,0,0,0,0,0,1,7,0,0,0,0,0,0,0,1,0,0,0
1852,0,1,0,0,1,0,0,3,95,24.419534902493787,0.9991585438986348,1,6,0,0,0,0,0,0,1,0,6,0,0,0,0,0,0,1,0,0,0,7,0,0,0,0,0,0,0,1,0,0,0
1853,0,0,0,0,0,0,4,11,91,15.069488102938864,0.0935947765205214,0,6,0,0,0,0,0,0,1,0,6,0,0,0,0,0,0,1,0,0,0,7,0,0,0,0,0,0,0,1,0,0,0
1856,0,0,0,1,0,0,0,1,60,3.1947460056261225,7.191076896335118e-07,0,6,0,0,0,0,0,0,1,0,6,0,0,0,0,0,0,1,0,0,0,7,0,0,0,0,0,0,0,1,0,0,0
1857,0,0,0,0,0,0,0,3,119,34.663821609974484,0.9999999700525496,1,6,0,0,0,0,0,0,1,0,6,0,0,0,0,0,0,1,0,0,0,7,0,0,0,0,0,0,0,1,0,0,0
1860,0,0,0,0,1,0,0,6,115,31.1497309717145,0.9999989942046914,1,4,0,0,0,0,1,0,0,0,9,0,0,0,0,0,0,0,0,0,1,1,0,1,0,0,0,0,0,0,0,0,0
1861,1,1,1,0,0,0,0,16,142,67.28437134316428,1.0,1,6,0,0,0,0,0,0,1,0,6,0,0,0,0,0,0,1,0,0,0,7,0,0,0,0,0,0,0,1,0,0,1
1863,0,1,1,1,0,0,0,12,138,15.829429227899736,0.18085422016152955,0,5,0,0,0,0,0,1,0,0,1,0,1,0,0,0,0,0,0,0,0,7,0,0,0,0,0,0,0,1,0,0,0
1864,0,1,0,0,0,0,4,1,69,16.23224181528277,0.24828906841762335,0,6,0,0,0,0,0,0,1,0,6,0,0,0,0,0,0,1,0,0,0,7,0,0,0,0,0,0,0,1,0,0,0
1865,1,0,0,0,0,0,0,2,109,52.915754781520455,0.9999999999999996,1,6,0,0,0,0,0,0,1,0,6,0,0,0,0,0,0,1,0,0,0,7,0,0,0,0,0,0,0,1,0,0,0
1866,0,1,0,0,0,0,0,82,111,358.81102991460085,1.0,1,6,0,0,0,0,0,0,1,0,6,0,0,0,0,0,0,1,0,0,0,7,0,0,0,0,0,0,0,1,0,0,0
1869,0,0,0,0,0,0,2,1,60,9.685768909878094,0.0004738095965550986,0,6,0,0,0,0,0,0,1,0,6,0,0,0,0,0,0,1,0,0,0,7,0,0,0,0,0,0,0,1,0,0,0
1870,1,1,1,0,0,0,0,17,169,178.59939918316982,1.0,1,4,0,0,0,0,1,0,0,0,9,0,0,0,0,0,0,0,0,0,1,7,0,0,0,0,0,0,0,1,0,0,1
1873,0,0,0,0,0,0,0,0,62,13.457623153626669,0.02018593308031301,0,6,0,0,0,0,0,0,1,0,6,0,0,0,0,0,0,1,0,0,0,7,0,0,0,0,0,0,0,1,0,0,0
1875,0,0,0,0,0,0,4,13,96,13.729208735477572,0.026319034807226274,0,6,0,0,0,0,0,0,1,0,6,0,0,0,0,0,0,1,0,0,0,7,0,0,0,0,0,0,0,1,0,0,0
1877,0,0,0,0,0,0,0,4,123,20.51693948181376,0.9599571870747984,1,6,0,0,0,0,0,0,1,0,6,0,0,0,0,0,0,1,0,0,0,7,0,0,0,0,0,0,0,1,0,0,0
1878,0,1,1,0,1,0,0,16,155,17.953145261396013,0.6486579444396161,1,1,0,1,0,0,0,0,0,0,4,0,0,0,0,1,0,0,0,0,0,7,0,0,0,0,0,0,0,1,0,0,1
1880,1,1,0,0,0,0,0,2,102,154.00209046973418,1.0,1,2,0,0,1,0,0,0,0,0,6,0,0,0,0,0,0,1,0,0,0,7,0,0,0,0,0,0,0,1,0,0,1
1881,0,0,0,1,0,1,0,2,123,30.659752051966663,0.9999983582596564,1,6,0,0,0,0,0,0,1,0,6,0,0,0,0,0,0,1,0,0,0,7,0,0,0,0,0,0,0,1,0,0,0
1882,0,1,1,0,1,0,0,16,161,6.037299204460242,1.2339400345740034e-05,0,2,0,0,1,0,0,0,0,0,8,0,0,0,0,0,0,0,0,1,0,7,0,0,0,0,0,0,0,1,0,0,0
1883,1,0,1,0,0,0,0,5,123,59.58584450113318,1.0,1,6,0,0,0,0,0,0,1,0,6,0,0,0,0,0,0,1,0,0,0,7,0,0,0,0,0,0,0,1,0,0,1
1885,1,1,1,1,1,0,0,19,131,45.21302442012053,0.9999999999992149,1,6,0,0,0,0,0,0,1,0,6,0,0,0,0,0,0,1,0,0,0,7,0,0,0,0,0,0,0,1,0,0,0
1886,0,0,0,1,0,0,8,2,68,5.235596702361208,5.535056230867227e-06,0,6,0,0,0,0,0,0,1,0,6,0,0,0,0,0,0,1,0,0,0,7,0,0,0,0,0,0,0,1,0,0,0
1887,1,1,1,0,1,1,0,20,93,9.36602516134375,0.00034418918784827937,0,6,0,0,0,0,0,0,1,0,6,0,0,0,0,0,0,1,0,0,0,7,0,0,0,0,0,0,0,1,0,0,0
1888,0,1,1,0,0,0,1,6,81,4.07587475442902,1.7356527661608974e-06,0,6,0,0,0,0,0,0,1,0,6,0,0,0,0,0,0,1,0,0,0,7,0,0,0,0,0,0,0,1,0,0,0
1889,0,1,1,1,0,0,0,15,147,23.550693935192264,0.9979961796907756,1,6,0,0,0,0,0,0,1,0,6,0,0,0,0,0,0,1,0,0,0,7,0,0,0,0,0,0,0,1,0,0,0
1890,1,1,1,0,0,0,0,17,174,138.24038088861386,1.0,1,6,0,0,0,0,0,0,1,0,6,0,0,0,0,0,0,1,0,0,0,7,0,0,0,0,0,0,0,1,0,0,1
1892,1,0,0,0,0,0,6,3,72,14.65205749290194,0.0636886014126006,0,7,0,0,0,0,0,0,0,1,6,0,0,0,0,0,0,1,0,0,0,7,0,0,0,0,0,0,0,1,0,0,1
1893,0,0,0,0,0,0,2,5,98,5.9265319683212105,1.104559251122011e-05,0,6,0,0,0,0,0,0,1,0,6,0,0,0,0,0,0,1,0,0,0,7,0,0,0,0,0,0,0,1,0,0,0
1895,0,1,1,0,0,1,0,15,68,5.765354852703327,9.401375508365984e-06,0,6,0,0,0,0,0,0,1,0,6,0,0,0,0,0,0,1,0,0,0,5,0,0,0,0,0,1,0,0,0,0,0
1897,0,1,1,0,0,0,0,5,146,31.01118769354927,0.9999988447442948,1,4,0,0,0,0,1,0,0,0,2,0,0,1,0,0,0,0,0,0,0,7,0,0,0,0,0,0,0,1,0,0,0
1898,0,0,0,0,0,0,0,3,145,48.67114451720403,0.9999999999999754,1,6,0,0,0,0,0,0,1,0,6,0,0,0,0,0,0,1,0,0,0,7,0,0,0,0,0,0,0,1,0,0,0
1899,1,0,0,0,0,0,0,1,27,4.122129154130572,1.8178198424329274e-06,0,6,0,0,0,0,0,0,1,0,6,0,0,0,0,0,0,1,0,0,0,7,0,0,0,0,0,0,0,1,0,0,0
1900,0,1,1,0,0,0,0,11,114,11.885393447358425,0.0042583479750330725,0,4,0,0,0,0,1,0,0,0,6,0,0,0,0,0,0,1,0,0,0,7,0,0,0,0,0,0,0,1,0,0,0
1901,0,0,1,0,0,0,3,13,100,11.779265703607175,0.0038312166198339343,0,6,0,0,0,0,0,0,1,0,6,0,0,0,0,0,0,1,0,0,0,7,0,0,0,0,0,0,0,1,0,0,0
1905,0,1,0,1,0,0,0,4,84,4.347820038623404,2.278069374108193e-06,0,6,0,0,0,0,0,0,1,0,6,0,0,0,0,0,0,1,0,0,0,7,0,0,0,0,0,0,0,1,0,0,0
1908,0,0,0,1,0,0,1,4,62,7.481544591927574,5.230033875418572e-05,0,6,0,0,0,0,0,0,1,0,6,0,0,0,0,0,0,1,0,0,0,7,0,0,0,0,0,0,0,1,0,0,0
1909,0,1,1,0,0,0,0,9,149,26.27606206239637,0.9998684592162485,1,4,0,0,0,0,1,0,0,0,9,0,0,0,0,0,0,0,0,0,1,9,0,0,0,0,0,0,0,0,0,1,0
1910,1,1,0,1,0,0,4,4,94,38.607495250167155,0.9999999994197112,1,4,0,0,0,0,1,0,0,0,9,0,0,0,0,0,0,0,0,0,1,7,0,0,0,0,0,0,0,1,0,0,0
1911,0,0,0,0,0,0,1,1,49,6.542794488963544,2.0456170860657232e-05,0,6,0,0,0,0,0,0,1,0,6,0,0,0,0,0,0,1,0,0,0,7,0,0,0,0,0,0,0,1,0,0,0
1914,1,0,0,0,1,0,2,4,111,49.68009531214318,0.9999999999999908,1,6,0,0,0,0,0,0,1,0,6,0,0,0,0,0,0,1,0,0,0,7,0,0,0,0,0,0,0,1,0,0,1
1915,1,1,1,0,0,0,0,31,175,38.30305378684257,0.9999999992132054,1,6,0,0,0,0,0,0,1,0,6,0,0,0,0,0,0,1,0,0,0,7,0,0,0,0,0,0,0,1,0,0,1
1916,0,1,1,0,0,0,0,23,133,19.179971495019736,0.8629453361559352,1,4,0,0,0,0,1,0,0,0,9,0,0,0,0,0,0,0,0,0,1,5,0,0,0,0,0,1,0,0,0,0,0
1917,0,1,0,1,0,0,0,1,132,65.5837174821211,1.0,1,6,0,0,0,0,0,0,1,0,6,0,0,0,0,0,0,1,0,0,0,7,0,0,0,0,0,0,0,1,0,0,0
1918,0,1,1,0,1,0,0,11,142,15.695011895667283,0.1617874726316912,0,6,0,0,0,0,0,0,1,0,6,0,0,0,0,0,0,1,0,0,0,7,0,0,0,0,0,0,0,1,0,0,0
1919,0,1,1,0,0,0,0,20,119,17.59205964473744,0.5626833845625385,1,4,0,0,0,0,1,0,0,0,9,0,0,0,0,0,0,0,0,0,1,5,0,0,0,0,0,1,0,0,0,0,0
1920,0,0,1,0,0,0,0,1,149,86.56237377635765,1.0,1,6,0,0,0,0,0,0,1,0,6,0,0,0,0,0,0,1,0,0,0,7,0,0,0,0,0,0,0,1,0,0,0
1921,1,0,0,0,0,0,0,14,171,117.13652535300515,1.0,1,7,0,0,0,0,0,0,0,1,6,0,0,0,0,0,0,1,0,0,0,7,0,0,0,0,0,0,0,1,0,0,1
1922,0,0,0,0,0,0,0,10,127,23.371544285961857,0.9976039726606196,1,5,0,0,0,0,0,1,0,0,1,0,1,0,0,0,0,0,0,0,0,7,0,0,0,0,0,0,0,1,0,0,0
1924,0,0,0,0,0,0,2,6,128,33.46965806870908,0.9999999011495928,1,6,0,0,0,0,0,0,1,0,6,0,0,0,0,0,0,1,0,0,0,7,0,0,0,0,0,0,0,1,0,0,0
1925,1,0,0,0,0,0,4,1,175,136.02705942357866,1.0,1,6,0,0,0,0,0,0,1,0,6,0,0,0,0,0,0,1,0,0,0,7,0,0,0,0,0,0,0,1,0,0,1
1927,1,0,0,1,0,0,2,71,146,290.79263854087975,1.0,1,6,0,0,0,0,0,0,1,0,6,0,0,0,0,0,0,1,0,0,0,7,0,0,0,0,0,0,0,1,0,0,1
1929,1,0,0,1,0,0,0,1,140,76.81383936562018,1.0,1,6,0,0,0,0,0,0,1,0,6,0,0,0,0,0,0,1,0,0,0,7,0,0,0,0,0,0,0,1,0,0,0
1932,0,0,0,0,0,0,1,4,161,63.58786259311924,1.0,1,6,0,0,0,0,0,0,1,0,6,0,0,0,0,0,0,1,0,0,0,7,0,0,0,0,0,0,0,1,0,0,1
1933,0,0,0,0,0,0,0,4,134,55.61716850044481,1.0,1,7,0,0,0,0,0,0,0,1,6,0,0,0,0,0,0,1,0,0,0,7,0,0,0,0,0,0,0,1,0,0,0
1935,0,0,0,0,0,0,0,96,144,840.7562690023929,1.0,1,6,0,0,0,0,0,0,1,0,6,0,0,0,0,0,0,1,0,0,0,7,0,0,0,0,0,0,0,1,0,0,0
1937,1,0,0,1,0,6,4,29,148,62.09300787315168,1.0,1,6,0,0,0,0,0,0,1,0,6,0,0,0,0,0,0,1,0,0,0,7,0,0,0,0,0,0,0,1,0,0,1
1938,1,1,1,0,1,0,0,13,163,14.4443479371099,0.0523689161252156,0,6,0,0,0,0,0,0,1,0,6,0,0,0,0,0,0,1,0,0,0,7,0,0,0,0,0,0,0,1,0,0,1
1939,0,1,1,0,1,1,0,30,161,16.40833761050579,0.2825875734581441,0,6,0,0,0,0,0,0,1,0,6,0,0,0,0,0,0,1,0,0,0,7,0,0,0,0,0,0,0,1,0,0,0
1940,0,1,0,0,0,0,0,3,152,76.11655809306389,1.0,1,6,0,0,0,0,0,0,1,0,6,0,0,0,0,0,0,1,0,0,0,7,0,0,0,0,0,0,0,1,0,0,0
1941,1,0,0,1,0,0,0,2,153,145.4943578261771,1.0,1,6,0,0,0,0,0,0,1,0,6,0,0,0,0,0,0,1,0,0,0,7,0,0,0,0,0,0,0,1,0,0,1
1942,1,0,0,0,0,0,0,3,103,18.704453689901648,0.7964825856182499,1,6,0,0,0,0,0,0,1,0,6,0,0,0,0,0,0,1,0,0,0,7,0,0,0,0,0,0,0,1,0,0,0
1943,1,1,1,0,0,0,2,9,99,2.6857884057044434,4.322714772274681e-07,0,4,0,0,0,0,1,0,0,0,9,0,0,0,0,0,0,0,0,0,1,7,0,0,0,0,0,0,0,1,0,0,1
1945,1,0,0,0,0,0,0,5,158,101.55111760053968,1.0,1,0,1,0,0,0,0,0,0,0,6,0,0,0,0,0,0,1,0,0,0,7,0,0,0,0,0,0,0,1,0,0,1
1948,0,0,0,0,0,0,0,8,173,27.474549678095457,0.9999603170669946,1,4,0,0,0,0,1,0,0,0,9,0,0,0,0,0,0,0,0,0,1,7,0,0,0,0,0,0,0,1,0,0,1
1949,0,0,0,1,0,0,2,2,132,39.57750670397489,0.9999999997800249,1,6,0,0,0,0,0,0,1,0,6,0,0,0,0,0,0,1,0,0,0,7,0,0,0,0,0,0,0,1,0,0,1
1950,0,0,0,0,0,0,0,1,152,87.12915867047548,1.0,1,4,0,0,0,0,1,0,0,0,9,0,0,0,0,0,0,0,0,0,1,7,0,0,0,0,0,0,0,1,0,0,0
1951,0,0,0,0,0,0,0,3,150,54.20957751768166,1.0,1,6,0,0,0,0,0,0,1,0,6,0,0,0,0,0,0,1,0,0,0,7,0,0,0,0,0,0,0,1,0,0,0
1952,1,0,1,0,0,0,0,8,137,27.081505846923136,0.9999412115197948,1,4,0,0,0,0,1,0,0,0,9,0,0,0,0,0,0,0,0,0,1,7,0,0,0,0,0,0,0,1,0,0,1
1953,0,0,0,0,1,1,1,7,147,32.96595688880785,0.9999998364189177,1,4,0,0,0,0,1,0,0,0,9,0,0,0,0,0,0,0,0,0,1,4,0,0,0,0,1,0,0,0,0,0,1
1954,1,1,1,0,0,0,0,13,155,36.39482085031161,0.9999999946960862,1,4,0,0,0,0,1,0,0,0,9,0,0,0,0,0,0,0,0,0,1,7,0,0,0,0,0,0,0,1,0,0,1
1955,0,1,0,0,0,0,0,0,187,32.2981389782762,0.9999996810205948,1,6,0,0,0,0,0,0,1,0,6,0,0,0,0,0,0,1,0,0,0,7,0,0,0,0,0,0,0,1,0,0,0
1956,0,0,0,0,0,0,0,3,134,40.44657923371634,0.9999999999077556,1,6,0,0,0,0,0,0,1,0,6,0,0,0,0,0,0,1,0,0,0,7,0,0,0,0,0,0,0,1,0,0,1
1957,1,0,0,1,1,0,1,7,114,20.420257922858546,0.956071018438658,1,4,0,0,0,0,1,0,0,0,9,0,0,0,0,0,0,0,0,0,1,7,0,0,0,0,0,0,0,1,0,0,1
1959,1,1,1,0,0,0,0,17,181,76.54449460541862,1.0,1,0,1,0,0,0,0,0,0,0,6,0,0,0,0,0,0,1,0,0,0,7,0,0,0,0,0,0,0,1,0,0,1
1960,0,0,0,0,0,0,0,0,124,28.992689522711768,0.999991304441834,1,6,0,0,0,0,0,0,1,0,6,0,0,0,0,0,0,1,0,0,0,7,0,0,0,0,0,0,0,1,0,0,1
1961,1,1,1,0,0,0,0,13,149,22.728890681512688,0.9954537261748893,1,2,0,0,1,0,0,0,0,0,6,0,0,0,0,0,0,1,0,0,0,6,0,0,0,0,0,0,1,0,0,0,1
1962,1,0,0,0,0,0,0,12,149,101.07285064461315,1.0,1,6,0,0,0,0,0,0,1,0,6,0,0,0,0,0,0,1,0,0,0,7,0,0,0,0,0,0,0,1,0,0,1
1963,1,1,0,1,0,0,1,3,159,46.73505224431285,0.9999999999998286,1,6,0,0,0,0,0,0,1,0,6,0,0,0,0,0,0,1,0,0,0,7,0,0,0,0,0,0,0,1,0,0,1
1965,0,0,0,0,0,0,0,0,162,23.254415605740995,0.9973070343054724,1,4,0,0,0,0,1,0,0,0,9,0,0,0,0,0,0,0,0,0,1,7,0,0,0,0,0,0,0,1,0,0,0
1966,1,0,0,0,0,0,0,3,172,103.91231695824713,1.0,1,4,0,0,0,0,1,0,0,0,9,0,0,0,0,0,0,0,0,0,1,7,0,0,0,0,0,0,0,1,0,0,1
1967,1,0,0,0,0,0,0,4,172,69.75244531635549,1.0,1,4,0,0,0,0,1,0,0,0,9,0,0,0,0,0,0,0,0,0,1,7,0,0,0,0,0,0,0,1,0,0,1
1968,1,0,0,0,0,0,6,19,117,39.424429577837756,0.9999999997436376,1,6,0,0,0,0,0,0,1,0,6,0,0,0,0,0,0,1,0,0,0,7,0,0,0,0,0,0,0,1,0,0,1
1969,1,1,1,0,0,0,3,11,184,51.80292660706875,0.9999999999999988,1,4,0,0,0,0,1,0,0,0,9,0,0,0,0,0,0,0,0,0,1,2,0,0,1,0,0,0,0,0,0,0,1
1971,1,1,1,0,0,0,0,12,106,8.913531216074032,0.00021894549215638228,0,2,0,0,1,0,0,0,0,0,8,0,0,0,0,0,0,0,0,1,0,7,0,0,0,0,0,0,0,1,0,0,1
1972,1,1,0,1,0,0,1,12,165,143.6608570219839,1.0,1,1,0,1,0,0,0,0,0,0,7,0,0,0,0,0,0,0,1,0,0,6,0,0,0,0,0,0,1,0,0,0,1
1973,1,1,0,1,0,0,0,4,181,118.70742114197931,1.0,1,6,0,0,0,0,0,0,1,0,6,0,0,0,0,0,0,1,0,0,0,7,0,0,0,0,0,0,0,1,0,0,1
1975,0,1,1,0,0,0,0,23,158,25.425159726202146,0.9996920175496784,1,4,0,0,0,0,1,0,0,0,9,0,0,0,0,0,0,0,0,0,1,7,0,0,0,0,0,0,0,1,0,0,1
1976,1,0,0,0,0,0,0,5,105,41.25878882651634,0.9999999999590551,1,6,0,0,0,0,0,0,1,0,6,0,0,0,0,0,0,1,0,0,0,7,0,0,0,0,0,0,0,1,0,0,1
1979,1,1,1,0,0,0,0,9,103,12.823508758320859,0.010809182572725905,0,4,0,0,0,0,1,0,0,0,9,0,0,0,0,0,0,0,0,0,1,7,0,0,0,0,0,0,0,1,0,0,1
1980,1,1,1,1,0,0,0,25,173,36.14069796236792,0.9999999931615036,1,4,0,0,0,0,1,0,0,0,6,0,0,0,0,0,0,1,0,0,0,7,0,0,0,0,0,0,0,1,0,0,1
1981,0,1,1,0,0,0,0,16,144,15.05050613452376,0.09199682034142652,0,6,0,0,0,0,0,0,1,0,6,0,0,0,0,0,0,1,0,0,0,7,0,0,0,0,0,0,0,1,0,0,0
1983,1,0,0,1,0,0,0,2,99,59.73353358197962,1.0,1,6,0,0,0,0,0,0,1,0,6,0,0,0,0,0,0,1,0,0,0,7,0,0,0,0,0,0,0,1,0,0,1
1985,1,1,1,0,1,0,1,12,161,21.247158354541494,0.9802984229858588,1,5,0,0,0,0,0,1,0,0,1,0,1,0,0,0,0,0,0,0,0,7,0,0,0,0,0,0,0,1,0,0,1
1986,0,1,1,0,1,0,0,17,158,38.69254446109242,0.999999999467024,1,6,0,0,0,0,0,0,1,0,6,0,0,0,0,0,0,1,0,0,0,7,0,0,0,0,0,0,0,1,0,0,0
1987,0,1,1,0,1,0,3,10,150,9.13003502099552,0.0002718563184355389,0,2,0,0,1,0,0,0,0,0,8,0,0,0,0,0,0,0,0,1,0,7,0,0,0,0,0,0,0,1,0,0,1
1989,1,1,1,0,0,0,0,8,102,12.588595365331802,0.008565548765342101,0,5,0,0,0,0,0,1,0,0,1,0,1,0,0,0,0,0,0,0,0,7,0,0,0,0,0,0,0,1,0,0,1
1990,1,1,1,0,0,0,0,9,63,3.0,5.918571144876747e-07,0,6,0,0,0,0,0,0,1,0,6,0,0,0,0,0,0,1,0,0,0,7,0,0,0,0,0,0,0,1,0,0,1
1991,1,1,0,1,0,0,0,1,165,98.07997795528615,1.0,1,6,0,0,0,0,0,0,1,0,6,0,0,0,0,0,0,1,0,0,0,7,0,0,0,0,0,0,0,1,0,0,1
1992,1,0,0,0,0,0,0,2,99,28.735236527725892,0.9999887511850944,1,6,0,0,0,0,0,0,1,0,6,0,0,0,0,0,0,1,0,0,0,7,0,0,0,0,0,0,0,1,0,0,1
1994,0,0,0,0,0,0,4,3,126,36.337055815611016,0.9999999943806837,1,6,0,0,0,0,0,0,1,0,6,0,0,0,0,0,0,1,0,0,0,7,0,0,0,0,0,0,0,1,0,0,1
1995,1,1,1,1,0,0,0,23,184,49.108996347045576,0.999999999999984,1,6,0,0,0,0,0,0,1,0,6,0,0,0,0,0,0,1,0,0,0,7,0,0,0,0,0,0,0,1,0,0,1
1996,1,0,1,1,0,0,0,10,154,59.911730797153815,1.0,1,6,0,0,0,0,0,0,1,0,6,0,0,0,0,0,0,1,0,0,0,7,0,0,0,0,0,0,0,1,0,0,1
1999,0,1,1,0,0,0,0,18,141,15.05050613452376,0.09199682034142652,0,6,0,0,0,0,0,0,1,0,6,0,0,0,0,0,0,1,0,0,0,7,0,0,0,0,0,0,0,1,0,0,0
2000,1,1,1,0,0,0,0,20,170,58.56841887703784,1.0,1,5,0,0,0,0,0,1,0,0,1,0,1,0,0,0,0,0,0,0,0,7,0,0,0,0,0,0,0,1,0,0,1
2001,1,0,0,0,0,0,0,3,119,61.62016161821758,1.0,1,6,0,0,0,0,0,0,1,0,6,0,0,0,0,0,0,1,0,0,0,7,0,0,0,0,0,0,0,1,0,0,1
2003,1,0,1,0,0,0,0,12,145,81.7710798264669,1.0,1,6,0,0,0,0,0,0,1,0,6,0,0,0,0,0,0,1,0,0,0,7,0,0,0,0,0,0,0,1,0,0,1
2006,0,1,1,0,0,0,0,17,144,15.05050613452376,0.09199682034142652,0,6,0,0,0,0,0,0,1,0,6,0,0,0,0,0,0,1,0,0,0,7,0,0,0,0,0,0,0,1,0,0,0
2007,1,0,0,0,0,0,0,5,53,12.588458913578258,0.008564390070171155,0,4,0,0,0,0,1,0,0,0,2,0,0,1,0,0,0,0,0,0,0,3,0,0,0,1,0,0,0,0,0,0,1
2009,0,1,1,0,0,0,2,4,127,22.625856922424607,0.9949628097482398,1,4,0,0,0,0,1,0,0,0,9,0,0,0,0,0,0,0,0,0,1,7,0,0,0,0,0,0,0,1,0,0,0
2010,1,1,1,0,0,0,2,20,143,80.99979061515437,1.0,1,6,0,0,0,0,0,0,1,0,6,0,0,0,0,0,0,1,0,0,0,7,0,0,0,0,0,0,0,1,0,0,1
2012,1,0,0,0,0,1,0,3,147,55.57869871323662,1.0,1,6,0,0,0,0,0,0,1,0,6,0,0,0,0,0,0,1,0,0,0,7,0,0,0,0,0,0,0,1,0,0,1
2014,1,1,1,0,0,0,0,7,106,25.97531196397959,0.9998223134768764,1,1,0,1,0,0,0,0,0,0,6,0,0,0,0,0,0,1,0,0,0,7,0,0,0,0,0,0,0,1,0,0,1
2015,1,1,1,0,0,0,0,9,112,27.65948069670487,0.9999670168482664,1,6,0,0,0,0,0,0,1,0,6,0,0,0,0,0,0,1,0,0,0,7,0,0,0,0,0,0,0,1,0,0,1
2016,1,1,1,0,0,0,0,16,121,41.02075764125388,0.9999999999480508,1,4,0,0,0,0,1,0,0,0,9,0,0,0,0,0,0,0,0,0,1,5,0,0,0,0,0,1,0,0,0,0,1
2017,0,0,0,1,0,0,0,6,161,54.00502393956524,0.9999999999999998,1,6,0,0,0,0,0,0,1,0,6,0,0,0,0,0,0,1,0,0,0,7,0,0,0,0,0,0,0,1,0,0,1
2019,1,0,1,0,0,0,0,21,159,25.585926677656023,0.999737743878354,1,4,0,0,0,0,1,0,0,0,9,0,0,0,0,0,0,0,0,0,1,7,0,0,0,0,0,0,0,1,0,0,1
2020,1,0,0,0,0,0,0,3,150,143.0474456077544,1.0,1,6,0,0,0,0,0,0,1,0,6,0,0,0,0,0,0,1,0,0,0,7,0,0,0,0,0,0,0,1,0,0,0
2022,1,1,1,0,0,0,0,27,148,164.66690876477657,1.0,1,6,0,0,0,0,0,0,1,0,6,0,0,0,0,0,0,1,0,0,0,7,0,0,0,0,0,0,0,1,0,0,1
2023,1,1,1,0,1,0,0,15,147,56.50164232822386,1.0,1,6,0,0,0,0,0,0,1,0,6,0,0,0,0,0,0,1,0,0,0,7,0,0,0,0,0,0,0,1,0,0,1
2024,1,1,1,0,0,0,0,7,107,24.739314996451498,0.9993887022985704,1,4,0,0,0,0,1,0,0,0,2,0,0,1,0,0,0,0,0,0,0,3,0,0,0,1,0,0,0,0,0,0,1
2026,0,1,0,1,0,1,0,13,167,51.52789876443488,0.9999999999999988,1,4,0,0,0,0,1,0,0,0,9,0,0,0,0,0,0,0,0,0,1,7,0,0,0,0,0,0,0,1,0,0,0
2027,1,0,0,0,0,0,0,3,58,19.728427348423807,0.9159405634132344,1,6,0,0,0,0,0,0,1,0,6,0,0,0,0,0,0,1,0,0,0,7,0,0,0,0,0,0,0,1,0,0,1
2028,0,0,0,0,0,0,0,7,133,121.61289639211974,1.0,1,6,0,0,0,0,0,0,1,0,6,0,0,0,0,0,0,1,0,0,0,7,0,0,0,0,0,0,0,1,0,0,0
2031,1,1,1,0,0,0,0,15,106,47.01245969281222,0.99999999999987,1,6,0,0,0,0,0,0,1,0,6,0,0,0,0,0,0,1,0,0,0,7,0,0,0,0,0,0,0,1,0,0,1
2033,1,0,0,0,0,0,0,105,161,1327.2905131909536,1.0,1,6,0,0,0,0,0,0,1,0,6,0,0,0,0,0,0,1,0,0,0,7,0,0,0,0,0,0,0,1,0,0,1
2034,1,1,0,1,0,0,0,6,163,72.3940895587012,1.0,1,4,0,0,0,0,1,0,0,0,9,0,0,0,0,0,0,0,0,0,1,7,0,0,0,0,0,0,0,1,0,0,1
2035,1,1,1,1,0,0,0,10,131,55.83507654630299,1.0,1,6,0,0,0,0,0,0,1,0,6,0,0,0,0,0,0,1,0,0,0,7,0,0,0,0,0,0,0,1,0,0,1
2036,1,1,1,0,0,0,0,16,121,45.772065732310885,0.9999999999995512,1,6,0,0,0,0,0,0,1,0,6,0,0,0,0,0,0,1,0,0,0,7,0,0,0,0,0,0,0,1,0,0,1
2038,1,1,0,1,0,0,0,14,174,64.00742428780279,1.0,1,5,0,0,0,0,0,1,0,0,1,0,1,0,0,0,0,0,0,0,0,7,0,0,0,0,0,0,0,1,0,0,1
2039,1,0,0,1,0,0,0,5,141,114.90265865525636,1.0,1,6,0,0,0,0,0,0,1,0,6,0,0,0,0,0,0,1,0,0,0,7,0,0,0,0,0,0,0,1,0,0,1
2040,1,1,1,0,0,0,0,16,110,16.067505068882593,0.21883046018411575,0,6,0,0,0,0,0,0,1,0,6,0,0,0,0,0,0,1,0,0,0,7,0,0,0,0,0,0,0,1,0,0,1
2042,1,0,0,1,1,0,0,7,139,60.0861556481631,1.0,1,6,0,0,0,0,0,0,1,0,6,0,0,0,0,0,0,1,0,0,0,7,0,0,0,0,0,0,0,1,0,0,1
2043,1,1,1,0,0,0,0,32,152,75.55515505529942,1.0,1,6,0,0,0,0,0,0,1,0,6,0,0,0,0,0,0,1,0,0,0,7,0,0,0,0,0,0,0,1,0,0,1
2045,1,1,1,0,1,0,0,9,126,47.895644377879826,0.9999999999999464,1,6,0,0,0,0,0,0,1,0,6,0,0,0,0,0,0,1,0,0,0,7,0,0,0,0,0,0,0,1,0,0,1
2046,0,1,1,0,1,0,0,15,138,12.623298764082794,0.00886533894790549,0,6,0,0,0,0,0,0,1,0,6,0,0,0,0,0,0,1,0,0,0,7,0,0,0,0,0,0,0,1,0,0,1
2047,1,1,1,0,0,3,1,19,156,35.68490150521763,0.999999989212756,1,6,0,0,0,0,0,0,1,0,6,0,0,0,0,0,0,1,0,0,0,7,0,0,0,0,0,0,0,1,0,0,1
2049,1,1,1,0,1,0,0,8,131,37.42713482156582,0.9999999981108424,1,1,0,1,0,0,0,0,0,0,6,0,0,0,0,0,0,1,0,0,0,7,0,0,0,0,0,0,0,1,0,0,1
2050,0,1,1,0,1,0,0,7,83,6.594173204080554,2.153462763462694e-05,0,4,0,0,0,0,1,0,0,0,9,0,0,0,0,0,0,0,0,0,1,7,0,0,0,0,0,0,0,1,0,0,0
2051,1,1,1,1,1,0,0,13,143,35.19599160239799,0.9999999824109909,1,6,0,0,0,0,0,0,1,0,6,0,0,0,0,0,0,1,0,0,0,7,0,0,0,0,0,0,0,1,0,0,1
2055,1,1,1,0,1,0,0,29,179,85.81408653976068,1.0,1,6,0,0,0,0,0,0,1,0,6,0,0,0,0,0,0,1,0,0,0,7,0,0,0,0,0,0,0,1,0,0,1
2056,1,1,0,1,0,0,1,7,124,62.0597159667475,1.0,1,4,0,0,0,0,1,0,0,0,9,0,0,0,0,0,0,0,0,0,1,7,0,0,0,0,0,0,0,1,0,0,1
2057,1,1,1,0,0,0,0,4,113,30.214464000350443,0.9999974373445784,1,6,0,0,0,0,0,0,1,0,6,0,0,0,0,0,0,1,0,0,0,7,0,0,0,0,0,0,0,1,0,0,1
2058,0,0,0,0,0,0,0,4,84,6.385564450361095,1.7480002760834098e-05,0,6,0,0,0,0,0,0,1,0,6,0,0,0,0,0,0,1,0,0,0,7,0,0,0,0,0,0,0,1,0,0,1
2059,1,1,1,0,0,0,0,7,97,26.024844608386502,0.9998308988876122,1,0,1,0,0,0,0,0,0,0,6,0,0,0,0,0,0,1,0,0,0,7,0,0,0,0,0,0,0,1,0,0,1
2060,0,0,1,0,1,1,0,15,155,11.890438073660187,0.004279791854410967,0,4,0,0,0,0,1,0,0,0,2,0,0,1,0,0,0,0,0,0,0,7,0,0,0,0,0,0,0,1,0,0,0
2061,0,1,1,0,0,0,0,13,148,46.91742878108312,0.9999999999998572,1,6,0,0,0,0,0,0,1,0,6,0,0,0,0,0,0,1,0,0,0,7,0,0,0,0,0,0,0,1,0,0,0
2063,1,1,1,0,0,0,0,7,145,17.7171826362228,0.5931934097366391,1,6,0,0,0,0,0,0,1,0,6,0,0,0,0,0,0,1,0,0,0,7,0,0,0,0,0,0,0,1,0,0,0
2064,0,1,1,0,1,0,1,18,135,20.60351098996769,0.9631555876673348,1,4,0,0,0,0,1,0,0,0,2,0,0,1,0,0,0,0,0,0,0,3,0,0,0,1,0,0,0,0,0,0,0
2067,1,0,0,0,0,0,0,2,128,87.42575755968491,1.0,1,1,0,1,0,0,0,0,0,0,7,0,0,0,0,0,0,0,1,0,0,6,0,0,0,0,0,0,1,0,0,0,0
2068,1,1,1,0,1,0,0,4,147,28.671046302777675,0.999988005451432,1,6,0,0,0,0,0,0,1,0,6,0,0,0,0,0,0,1,0,0,0,7,0,0,0,0,0,0,0,1,0,0,1
2069,1,1,0,1,0,0,0,12,161,175.61363801774633,1.0,1,4,0,0,0,0,1,0,0,0,9,0,0,0,0,0,0,0,0,0,1,7,0,0,0,0,0,0,0,1,0,0,1
2070,0,1,1,0,1,0,0,19,157,19.005739331582333,0.8410069363939233,1,4,0,0,0,0,1,0,0,0,9,0,0,0,0,0,0,0,0,0,1,7,0,0,0,0,0,0,0,1,0,0,0
2071,0,0,0,0,0,0,0,1,46,4.610468799605188,2.9623308128213386e-06,0,6,0,0,0,0,0,0,1,0,6,0,0,0,0,0,0,1,0,0,0,7,0,0,0,0,0,0,0,1,0,0,0
2073,1,1,0,0,0,0,1,5,123,84.19857474663516,1.0,1,0,1,0,0,0,0,0,0,0,6,0,0,0,0,0,0,1,0,0,0,7,0,0,0,0,0,0,0,1,0,0,0
2074,0,1,1,0,1,0,0,21,176,13.482541366079774,0.020684714656722072,0,6,0,0,0,0,0,0,1,0,6,0,0,0,0,0,0,1,0,0,0,7,0,0,0,0,0,0,0,1,0,0,0
2075,0,1,1,0,0,0,0,16,108,15.339833020913822,0.11918539140390005,0,7,0,0,0,0,0,0,0,1,6,0,0,0,0,0,0,1,0,0,0,7,0,0,0,0,0,0,0,1,0,0,1
2076,1,0,0,0,0,0,0,78,101,185.26323171026263,1.0,1,6,0,0,0,0,0,0,1,0,6,0,0,0,0,0,0,1,0,0,0,7,0,0,0,0,0,0,0,1,0,0,0
2077,1,1,1,1,0,0,0,24,150,19.374157774337565,0.8843370361183991,1,4,0,0,0,0,1,0,0,0,9,0,0,0,0,0,0,0,0,0,1,0,1,0,0,0,0,0,0,0,0,0,1
2078,1,1,0,1,0,0,0,6,158,70.14676499477012,1.0,1,2,0,0,1,0,0,0,0,0,6,0,0,0,0,0,0,1,0,0,0,6,0,0,0,0,0,0,1,0,0,0,1
2081,1,0,0,1,0,0,1,8,154,151.71321435426376,1.0,1,4,0,0,0,0,1,0,0,0,9,0,0,0,0,0,0,0,0,0,1,7,0,0,0,0,0,0,0,1,0,0,1
2082,0,1,0,0,1,0,0,14,126,17.434938413077592,0.5237167920601982,1,5,0,0,0,0,0,1,0,0,1,0,1,0,0,0,0,0,0,0,0,7,0,0,0,0,0,0,0,1,0,0,0
2083,0,1,1,0,0,0,0,20,127,11.073213728626213,0.0018947226853963048,0,6,0,0,0,0,0,0,1,0,6,0,0,0,0,0,0,1,0,0,0,7,0,0,0,0,0,0,0,1,0,0,0
2084,0,0,0,0,0,0,0,2,46,8.105602359279791,9.761345075428613e-05,0,6,0,0,0,0,0,0,1,0,6,0,0,0,0,0,0,1,0,0,0,7,0,0,0,0,0,0,0,1,0,0,0
2086,0,0,0,0,0,0,0,1,133,43.83842102988182,0.9999999999968964,1,6,0,0,0,0,0,0,1,0,6,0,0,0,0,0,0,1,0,0,0,7,0,0,0,0,0,0,0,1,0,0,0
2087,0,1,0,1,0,0,4,5,72,7.2110791100074545,3.990692071085409e-05,0,6,0,0,0,0,0,0,1,0,6,0,0,0,0,0,0,1,0,0,0,7,0,0,0,0,0,0,0,1,0,0,0
2089,1,1,1,1,0,0,0,11,129,48.54154294388274,0.9999999999999718,1,4,0,0,0,0,1,0,0,0,9,0,0,0,0,0,0,0,0,0,1,7,0,0,0,0,0,0,0,1,0,0,1
2091,0,1,0,1,0,0,0,5,41,2.287498647362824,2.9025626176864237e-07,0,6,0,0,0,0,0,0,1,0,6,0,0,0,0,0,0,1,0,0,0,7,0,0,0,0,0,0,0,1,0,0,0
2094,0,1,1,1,1,0,0,13,123,7.821984673026353,7.351001961857321e-05,0,4,0,0,0,0,1,0,0,0,9,0,0,0,0,0,0,0,0,0,1,9,0,0,0,0,0,0,0,0,0,1,1
2095,0,1,0,0,1,0,0,13,66,6.078718686974312,1.2861217447324235e-05,0,1,0,1,0,0,0,0,0,0,7,0,0,0,0,0,0,0,1,0,0,6,0,0,0,0,0,0,1,0,0,0,0
2096,0,1,1,0,1,0,0,16,147,25.61474525423304,0.9997451919636016,1,4,0,0,0,0,1,0,0,0,2,0,0,1,0,0,0,0,0,0,0,3,0,0,0,1,0,0,0,0,0,0,0
2097,1,1,1,1,0,1,0,55,131,269.5268994741175,1.0,1,6,0,0,0,0,0,0,1,0,6,0,0,0,0,0,0,1,0,0,0,7,0,0,0,0,0,0,0,1,0,0,0
2098,0,0,0,0,0,0,0,2,55,5.032816169042915,4.519142248725027e-06,0,6,0,0,0,0,0,0,1,0,6,0,0,0,0,0,0,1,0,0,0,7,0,0,0,0,0,0,0,1,0,0,0
2099,0,1,1,0,0,0,0,8,97,10.107562459161901,0.0007222349642680692,0,6,0,0,0,0,0,0,1,0,6,0,0,0,0,0,0,1,0,0,0,7,0,0,0,0,0,0,0,1,0,0,0
2100,1,1,0,1,0,0,0,7,161,95.83797067641113,1.0,1,4,0,0,0,0,1,0,0,0,9,0,0,0,0,0,0,0,0,0,1,7,0,0,0,0,0,0,0,1,0,0,1
2102,1,1,1,1,1,0,0,15,155,36.3196501041856,0.9999999942820192,1,4,0,0,0,0,1,0,0,0,9,0,0,0,0,0,0,0,0,0,1,7,0,0,0,0,0,0,0,1,0,0,0
2103,1,0,1,0,0,0,0,12,85,14.88927625615684,0.07938563930333868,0,4,0,0,0,0,1,0,0,0,9,0,0,0,0,0,0,0,0,0,1,7,0,0,0,0,0,0,0,1,0,0,1
2108,0,1,1,1,0,0,0,4,146,23.898399718878107,0.9985838549713436,1,6,0,0,0,0,0,0,1,0,6,0,0,0,0,0,0,1,0,0,0,7,0,0,0,0,0,0,0,1,0,0,1
2109,1,0,0,1,0,1,0,2,105,20.86836504287313,0.9714841544934409,1,6,0,0,0,0,0,0,1,0,6,0,0,0,0,0,0,1,0,0,0,7,0,0,0,0,0,0,0,1,0,0,0
2110,0,1,0,1,0,0,0,19,175,52.497988435983025,0.9999999999999996,1,5,0,0,0,0,0,1,0,0,6,0,0,0,0,0,0,1,0,0,0,7,0,0,0,0,0,0,0,1,0,0,0
2111,0,1,1,0,1,0,0,24,153,14.943160568570809,0.08341402337315612,0,4,0,0,0,0,1,0,0,0,9,0,0,0,0,0,0,0,0,0,1,7,0,0,0,0,0,0,0,1,0,0,0
2112,0,1,1,0,1,0,0,7,118,8.119912437086924,9.902020992313481e-05,0,6,0,0,0,0,0,0,1,0,6,0,0,0,0,0,0,1,0,0,0,7,0,0,0,0,0,0,0,1,0,0,1
2113,0,0,0,1,0,0,4,2,158,42.086366864169975,0.9999999999821024,1,6,0,0,0,0,0,0,1,0,6,0,0,0,0,0,0,1,0,0,0,7,0,0,0,0,0,0,0,1,0,0,0
2114,0,0,0,0,0,0,0,0,63,8.008289248604397,8.856274110772728e-05,0,6,0,0,0,0,0,0,1,0,6,0,0,0,0,0,0,1,0,0,0,7,0,0,0,0,0,0,0,1,0,0,0
2115,0,1,1,1,0,0,0,1,160,37.85533470353123,0.9999999987688716,1,4,0,0,0,0,1,0,0,0,9,0,0,0,0,0,0,0,0,0,1,2,0,0,1,0,0,0,0,0,0,0,0
2116,0,1,1,0,1,0,0,16,146,5.811149230709488,9.841911464424357e-06,0,6,0,0,0,0,0,0,1,0,6,0,0,0,0,0,0,1,0,0,0,7,0,0,0,0,0,0,0,1,0,0,0
2117,0,0,0,1,0,0,0,3,141,19.76616636813155,0.9188009806593536,1,6,0,0,0,0,0,0,1,0,6,0,0,0,0,0,0,1,0,0,0,7,0,0,0,0,0,0,0,1,0,0,0
2118,1,0,0,1,0,0,0,1,150,94.525143033835,1.0,1,6,0,0,0,0,0,0,1,0,6,0,0,0,0,0,0,1,0,0,0,7,0,0,0,0,0,0,0,1,0,0,1
2119,0,0,0,0,0,0,0,4,127,27.95136349796903,0.9999753661275224,1,4,0,0,0,0,1,0,0,0,9,0,0,0,0,0,0,0,0,0,1,4,0,0,0,0,1,0,0,0,0,0,0
2121,1,1,1,0,1,0,0,12,146,6.266373426387885,1.5515949087509954e-05,0,6,0,0,0,0,0,0,1,0,6,0,0,0,0,0,0,1,0,0,0,7,0,0,0,0,0,0,0,1,0,0,0
2122,0,0,0,0,0,0,0,5,51,3.069411081292733,6.343978516210133e-07,0,4,0,0,0,0,1,0,0,0,9,0,0,0,0,0,0,0,0,0,1,7,0,0,0,0,0,0,0,1,0,0,0
2123,0,0,0,1,0,0,0,10,124,16.370717620127852,0.2750235622288585,0,1,0,1,0,0,0,0,0,0,7,0,0,0,0,0,0,0,1,0,0,6,0,0,0,0,0,0,1,0,0,0,0
2125,1,1,0,0,0,1,0,12,125,58.23278535733893,1.0,1,4,0,0,0,0,1,0,0,0,9,0,0,0,0,0,0,0,0,0,1,7,0,0,0,0,0,0,0,1,0,0,0
2126,0,0,0,0,0,0,0,3,138,17.954139162626003,0.6488844218595328,1,6,0,0,0,0,0,0,1,0,6,0,0,0,0,0,0,1,0,0,0,7,0,0,0,0,0,0,0,1,0,0,0
2128,0,1,1,0,1,0,0,23,175,30.167244390436927,0.9999973134348522,1,5,0,0,0,0,0,1,0,0,6,0,0,0,0,0,0,1,0,0,0,7,0,0,0,0,0,0,0,1,0,0,0
2129,0,1,1,0,1,0,0,7,115,8.62022911435035,0.00016329793607537706,0,6,0,0,0,0,0,0,1,0,6,0,0,0,0,0,0,1,0,0,0,7,0,0,0,0,0,0,0,1,0,0,0
2131,0,0,0,0,0,1,0,5,99,12.827277620495028,0.01084955493056223,0,6,0,0,0,0,0,0,1,0,6,0,0,0,0,0,0,1,0,0,0,7,0,0,0,0,0,0,0,1,0,0,1
2133,0,1,1,0,1,0,0,27,159,36.57738206821038,0.999999995581131,1,4,0,0,0,0,1,0,0,0,9,0,0,0,0,0,0,0,0,0,1,7,0,0,0,0,0,0,0,1,0,0,1
2134,0,1,1,0,1,0,0,13,146,6.266373426387885,1.5515949087509954e-05,0,6,0,0,0,0,0,0,1,0,6,0,0,0,0,0,0,1,0,0,0,7,0,0,0,0,0,0,0,1,0,0,0
2136,0,1,0,0,0,0,0,11,87,4.3737728065782715,2.3379653125778855e-06,0,6,0,0,0,0,0,0,1,0,6,0,0,0,0,0,0,1,0,0,0,7,0,0,0,0,0,0,0,1,0,0,0
2138,0,1,1,0,1,1,0,13,104,2.6616055651111408,4.219433148924255e-07,0,2,0,0,1,0,0,0,0,0,6,0,0,0,0,0,0,1,0,0,0,7,0,0,0,0,0,0,0,1,0,0,0
2139,0,1,1,1,1,0,0,16,120,3.38514013806718,8.699233506705757e-07,0,6,0,0,0,0,0,0,1,0,6,0,0,0,0,0,0,1,0,0,0,7,0,0,0,0,0,0,0,1,0,0,1
2141,1,0,0,0,0,0,0,18,160,195.37949466406283,1.0,1,6,0,0,0,0,0,0,1,0,6,0,0,0,0,0,0,1,0,0,0,7,0,0,0,0,0,0,0,1,0,0,0
2142,0,0,0,0,1,0,2,12,148,66.15900076810064,1.0,1,6,0,0,0,0,0,0,1,0,6,0,0,0,0,0,0,1,0,0,0,7,0,0,0,0,0,0,0,1,0,0,0
2144,1,1,1,0,1,0,0,16,146,6.266373426387885,1.5515949087509954e-05,0,6,0,0,0,0,0,0,1,0,6,0,0,0,0,0,0,1,0,0,0,7,0,0,0,0,0,0,0,1,0,0,0
2145,0,0,0,0,0,0,0,2,151,46.312730972443894,0.9999999999997388,1,6,0,0,0,0,0,0,1,0,6,0,0,0,0,0,0,1,0,0,0,7,0,0,0,0,0,0,0,1,0,0,0
2146,0,0,0,1,0,1,0,4,154,72.55067080542486,1.0,1,6,0,0,0,0,0,0,1,0,6,0,0,0,0,0,0,1,0,0,0,7,0,0,0,0,0,0,0,1,0,0,0
2148,0,1,0,0,0,0,0,4,96,20.978800560598604,0.9743892969487964,1,4,0,0,0,0,1,0,0,0,9,0,0,0,0,0,0,0,0,0,1,7,0,0,0,0,0,0,0,1,0,0,0
2149,0,1,1,0,1,1,0,22,149,10.130636072718,0.0007390808182523247,0,2,0,0,1,0,0,0,0,0,6,0,0,0,0,0,0,1,0,0,0,7,0,0,0,0,0,0,0,1,0,0,1
2150,0,0,0,1,0,0,0,4,125,20.912205439086406,0.9726738694742793,1,6,0,0,0,0,0,0,1,0,6,0,0,0,0,0,0,1,0,0,0,7,0,0,0,0,0,0,0,1,0,0,0
2153,1,1,0,0,1,0,0,5,152,61.46981481252975,1.0,1,6,0,0,0,0,0,0,1,0,6,0,0,0,0,0,0,1,0,0,0,7,0,0,0,0,0,0,0,1,0,0,1
2154,0,0,0,0,0,0,0,1,90,15.173076130272818,0.1027603082107021,0,6,0,0,0,0,0,0,1,0,6,0,0,0,0,0,0,1,0,0,0,7,0,0,0,0,0,0,0,1,0,0,0
2157,0,0,0,0,1,0,0,10,149,33.63547545502779,0.9999999162538415,1,6,0,0,0,0,0,0,1,0,6,0,0,0,0,0,0,1,0,0,0,7,0,0,0,0,0,0,0,1,0,0,0
2158,0,1,1,0,1,3,8,16,167,13.702314128116504,0.02563853459384917,0,7,0,0,0,0,0,0,0,1,6,0,0,0,0,0,0,1,0,0,0,7,0,0,0,0,0,0,0,1,0,0,0
2159,1,1,1,0,0,0,0,10,88,26.71272098647409,0.9999149954687964,1,6,0,0,0,0,0,0,1,0,6,0,0,0,0,0,0,1,0,0,0,7,0,0,0,0,0,0,0,1,0,0,1
2160,0,1,1,1,0,2,2,5,144,14.932051694600894,0.08256860305784232,0,4,0,0,0,0,1,0,0,0,2,0,0,1,0,0,0,0,0,0,0,7,0,0,0,0,0,0,0,1,0,0,0
2161,1,1,1,0,0,0,0,12,180,62.79830363805746,1.0,1,4,0,0,0,0,1,0,0,0,9,0,0,0,0,0,0,0,0,0,1,7,0,0,0,0,0,0,0,1,0,0,1
2163,0,0,1,0,0,0,0,9,149,10.09984668198985,0.0007166877819665446,0,6,0,0,0,0,0,0,1,0,6,0,0,0,0,0,0,1,0,0,0,7,0,0,0,0,0,0,0,1,0,0,0
2164,1,1,1,0,0,0,0,13,126,54.36820285546797,1.0,1,6,0,0,0,0,0,0,1,0,6,0,0,0,0,0,0,1,0,0,0,7,0,0,0,0,0,0,0,1,0,0,1
2169,1,1,1,0,0,0,0,15,126,54.36820285546797,1.0,1,6,0,0,0,0,0,0,1,0,6,0,0,0,0,0,0,1,0,0,0,7,0,0,0,0,0,0,0,1,0,0,1
2171,1,1,1,0,0,0,0,15,126,54.36820285546797,1.0,1,6,0,0,0,0,0,0,1,0,6,0,0,0,0,0,0,1,0,0,0,7,0,0,0,0,0,0,0,1,0,0,1
2172,1,1,1,0,0,0,0,12,180,61.77512191961314,1.0,1,2,0,0,1,0,0,0,0,0,8,0,0,0,0,0,0,0,0,1,0,7,0,0,0,0,0,0,0,1,0,0,1
2173,1,1,1,1,0,0,0,9,118,42.61726825431605,0.9999999999894752,1,7,0,0,0,0,0,0,0,1,6,0,0,0,0,0,0,1,0,0,0,7,0,0,0,0,0,0,0,1,0,0,1
2174,1,1,1,0,0,0,0,19,147,76.31238233679005,1.0,1,6,0,0,0,0,0,0,1,0,6,0,0,0,0,0,0,1,0,0,0,7,0,0,0,0,0,0,0,1,0,0,1
2175,0,0,0,1,0,0,0,4,76,10.803649812848196,0.0014476714535342267,0,6,0,0,0,0,0,0,1,0,6,0,0,0,0,0,0,1,0,0,0,7,0,0,0,0,0,0,0,1,0,0,0
2176,0,0,0,0,0,0,0,5,161,63.329772314810924,1.0,1,1,0,1,0,0,0,0,0,0,6,0,0,0,0,0,0,1,0,0,0,7,0,0,0,0,0,0,0,1,0,0,0
2177,1,1,1,0,0,0,0,11,139,37.94840417057168,0.9999999988782816,1,4,0,0,0,0,1,0,0,0,9,0,0,0,0,0,0,0,0,0,1,5,0,0,0,0,0,1,0,0,0,0,1
2179,1,1,1,0,0,0,0,17,139,65.21948821123267,1.0,1,4,0,0,0,0,1,0,0,0,9,0,0,0,0,0,0,0,0,0,1,7,0,0,0,0,0,0,0,1,0,0,1
2181,0,0,0,1,0,0,0,8,158,34.97971703906588,0.9999999781642448,1,4,0,0,0,0,1,0,0,0,9,0,0,0,0,0,0,0,0,0,1,5,0,0,0,0,0,1,0,0,0,0,0
2183,1,1,0,1,0,0,0,16,146,64.67571090048884,1.0,1,6,0,0,0,0,0,0,1,0,6,0,0,0,0,0,0,1,0,0,0,7,0,0,0,0,0,0,0,1,0,0,1
2186,0,0,0,1,0,1,1,38,151,86.06385900103136,1.0,1,2,0,0,1,0,0,0,0,0,8,0,0,0,0,0,0,0,0,1,0,7,0,0,0,0,0,0,0,1,0,0,0
2188,1,1,1,0,0,0,0,13,117,63.07452304591617,1.0,1,6,0,0,0,0,0,0,1,0,6,0,0,0,0,0,0,1,0,0,0,7,0,0,0,0,0,0,0,1,0,0,1
2189,1,0,1,1,0,0,0,9,120,47.76235504155712,0.9999999999999388,1,4,0,0,0,0,1,0,0,0,9,0,0,0,0,0,0,0,0,0,1,7,0,0,0,0,0,0,0,1,0,0,1
2190,1,0,1,0,0,0,0,14,126,54.36820285546797,1.0,1,6,0,0,0,0,0,0,1,0,6,0,0,0,0,0,0,1,0,0,0,7,0,0,0,0,0,0,0,1,0,0,1
2191,1,1,1,0,0,0,0,5,114,24.699611784607917,0.9993639593157044,1,6,0,0,0,0,0,0,1,0,6,0,0,0,0,0,0,1,0,0,0,7,0,0,0,0,0,0,0,1,0,0,1
2192,1,0,1,0,0,0,0,20,147,76.31238233679005,1.0,1,6,0,0,0,0,0,0,1,0,6,0,0,0,0,0,0,1,0,0,0,7,0,0,0,0,0,0,0,1,0,0,1
2193,1,1,1,0,0,0,0,11,117,63.07452304591617,1.0,1,6,0,0,0,0,0,0,1,0,6,0,0,0,0,0,0,1,0,0,0,7,0,0,0,0,0,0,0,1,0,0,1
2194,1,1,1,0,0,0,1,13,102,8.804450452805689,0.00019632366863955714,0,4,0,0,0,0,1,0,0,0,9,0,0,0,0,0,0,0,0,0,1,7,0,0,0,0,0,0,0,1,0,0,0
2195,1,0,0,0,1,0,0,7,167,124.45976743321863,1.0,1,3,0,0,0,1,0,0,0,0,6,0,0,0,0,0,0,1,0,0,0,7,0,0,0,0,0,0,0,1,0,0,1
2198,1,0,1,0,0,0,0,16,117,63.07452304591617,1.0,1,6,0,0,0,0,0,0,1,0,6,0,0,0,0,0,0,1,0,0,0,7,0,0,0,0,0,0,0,1,0,0,1
2203,0,1,0,0,0,0,2,2,150,53.71593718396376,0.9999999999999998,1,6,0,0,0,0,0,0,1,0,6,0,0,0,0,0,0,1,0,0,0,7,0,0,0,0,0,0,0,1,0,0,0
2204,0,0,0,0,0,0,0,3,135,48.03533342025526,0.9999999999999534,1,6,0,0,0,0,0,0,1,0,6,0,0,0,0,0,0,1,0,0,0,7,0,0,0,0,0,0,0,1,0,0,0
2205,0,1,1,0,1,0,0,17,135,4.483928649083364,2.6102254497502343e-06,0,2,0,0,1,0,0,0,0,0,3,0,0,0,1,0,0,0,0,0,0,7,0,0,0,0,0,0,0,1,0,0,0
2207,0,0,0,1,0,0,5,10,163,39.43242402860985,0.9999999997456791,1,6,0,0,0,0,0,0,1,0,6,0,0,0,0,0,0,1,0,0,0,7,0,0,0,0,0,0,0,1,0,0,0
2209,0,1,1,0,0,0,0,14,146,7.1915379221529365,3.913469229844977e-05,0,6,0,0,0,0,0,0,1,0,6,0,0,0,0,0,0,1,0,0,0,7,0,0,0,0,0,0,0,1,0,0,1
2210,0,1,1,0,0,1,0,74,178,179.50573369635293,1.0,1,4,0,0,0,0,1,0,0,0,9,0,0,0,0,0,0,0,0,0,1,7,0,0,0,0,0,0,0,1,0,0,0
2211,1,1,1,1,1,0,0,11,154,31.57588236193233,0.9999993431978588,1,4,0,0,0,0,1,0,0,0,9,0,0,0,0,0,0,0,0,0,1,7,0,0,0,0,0,0,0,1,0,0,1
2212,1,0,0,0,0,0,0,17,184,153.2110177171351,1.0,1,6,0,0,0,0,0,0,1,0,6,0,0,0,0,0,0,1,0,0,0,7,0,0,0,0,0,0,0,1,0,0,1
2213,1,1,1,0,0,0,0,16,181,30.289101506027173,0.9999976216507048,1,3,0,0,0,1,0,0,0,0,6,0,0,0,0,0,0,1,0,0,0,7,0,0,0,0,0,0,0,1,0,0,1
2214,0,1,1,1,1,1,0,12,166,7.83018430873504,7.411520809881248e-05,0,4,0,0,0,0,1,0,0,0,2,0,0,1,0,0,0,0,0,0,0,3,0,0,0,1,0,0,0,0,0,0,0
2215,1,0,0,1,1,3,4,4,168,66.91967875145454,1.0,1,6,0,0,0,0,0,0,1,0,6,0,0,0,0,0,0,1,0,0,0,7,0,0,0,0,0,0,0,1,0,0,1
2216,0,1,1,0,0,1,0,67,160,142.1003611550559,1.0,1,6,0,0,0,0,0,0,1,0,6,0,0,0,0,0,0,1,0,0,0,7,0,0,0,0,0,0,0,1,0,0,0
2217,0,1,1,1,1,1,0,4,166,24.286740089970365,0.9990391587864544,1,6,0,0,0,0,0,0,1,0,6,0,0,0,0,0,0,1,0,0,0,7,0,0,0,0,0,0,0,1,0,0,0
2219,1,1,1,0,0,0,0,62,141,5.198550045398207,5.3337538086955595e-06,0,6,0,0,0,0,0,0,1,0,6,0,0,0,0,0,0,1,0,0,0,7,0,0,0,0,0,0,0,1,0,0,1
2220,0,0,1,0,1,0,0,17,179,13.0126743111546,0.01303076602641397,0,4,0,0,0,0,1,0,0,0,9,0,0,0,0,0,0,0,0,0,1,9,0,0,0,0,0,0,0,0,0,1,0
2221,1,1,1,0,1,0,0,13,124,21.556982432228185,0.9854711343707302,1,4,0,0,0,0,1,0,0,0,9,0,0,0,0,0,0,0,0,0,1,7,0,0,0,0,0,0,0,1,0,0,1
2222,1,0,0,0,1,0,0,10,164,66.49195373195374,1.0,1,4,0,0,0,0,1,0,0,0,9,0,0,0,0,0,0,0,0,0,1,7,0,0,0,0,0,0,0,1,0,0,1
2225,1,0,0,0,0,0,0,24,177,217.86577821741605,1.0,1,4,0,0,0,0,1,0,0,0,9,0,0,0,0,0,0,0,0,0,1,7,0,0,0,0,0,0,0,1,0,0,1
2227,0,1,1,0,0,0,0,10,110,18.390887476410047,0.7409452825932095,1,6,0,0,0,0,0,0,1,0,6,0,0,0,0,0,0,1,0,0,0,7,0,0,0,0,0,0,0,1,0,0,1
2229,0,0,1,0,1,2,0,19,179,11.650204248609318,0.0033688954957983496,0,4,0,0,0,0,1,0,0,0,9,0,0,0,0,0,0,0,0,0,1,9,0,0,0,0,0,0,0,0,0,1,0
2230,0,0,1,1,1,0,1,12,156,32.30749998875329,0.9999996839926312,1,4,0,0,0,0,1,0,0,0,9,0,0,0,0,0,0,0,0,0,1,8,0,0,0,0,0,0,0,0,1,0,1
2231,0,0,1,1,0,0,0,8,138,14.628616330553205,0.06230496420850399,0,4,0,0,0,0,1,0,0,0,9,0,0,0,0,0,0,0,0,0,1,7,0,0,0,0,0,0,0,1,0,0,0
2233,1,1,1,0,0,0,0,14,167,75.64504255175916,1.0,1,4,0,0,0,0,1,0,0,0,9,0,0,0,0,0,0,0,0,0,1,7,0,0,0,0,0,0,0,1,0,0,1
2235,0,1,1,0,0,0,0,10,188,42.868681202126744,0.9999999999918148,1,6,0,0,0,0,0,0,1,0,6,0,0,0,0,0,0,1,0,0,0,7,0,0,0,0,0,0,0,1,0,0,0
2236,0,1,1,1,0,0,0,21,132,6.4465351846993215,1.8578911804863388e-05,0,4,0,0,0,0,1,0,0,0,6,0,0,0,0,0,0,1,0,0,0,7,0,0,0,0,0,0,0,1,0,0,0
2237,0,0,1,0,1,1,0,19,177,12.0930143536486,0.005235802226982007,0,4,0,0,0,0,1,0,0,0,9,0,0,0,0,0,0,0,0,0,1,9,0,0,0,0,0,0,0,0,0,1,0
2238,1,0,1,0,0,0,0,13,167,75.64504255175916,1.0,1,4,0,0,0,0,1,0,0,0,9,0,0,0,0,0,0,0,0,0,1,7,0,0,0,0,0,0,0,1,0,0,1
2239,1,0,1,0,0,0,0,13,144,31.196824037204696,0.99999904047263,1,4,0,0,0,0,1,0,0,0,9,0,0,0,0,0,0,0,0,0,1,7,0,0,0,0,0,0,0,1,0,0,1
2240,0,1,1,0,1,2,0,15,179,11.650204248609318,0.0033688954957983496,0,4,0,0,0,0,1,0,0,0,9,0,0,0,0,0,0,0,0,0,1,9,0,0,0,0,0,0,0,0,0,1,0
2241,0,1,1,0,1,0,11,21,147,5.857021377179666,1.0303891415345147e-05,0,2,0,0,1,0,0,0,0,0,6,0,0,0,0,0,0,1,0,0,0,7,0,0,0,0,0,0,0,1,0,0,1
2242,1,1,1,0,0,0,0,8,111,25.481916898094678,0.9997090060072376,1,6,0,0,0,0,0,0,1,0,6,0,0,0,0,0,0,1,0,0,0,7,0,0,0,0,0,0,0,1,0,0,1
2244,0,1,1,0,1,0,0,8,165,14.317089561298161,0.04640152205011324,0,6,0,0,0,0,0,0,1,0,6,0,0,0,0,0,0,1,0,0,0,7,0,0,0,0,0,0,0,1,0,0,0
2245,0,0,0,1,0,0,0,6,172,62.96072222561318,1.0,1,4,0,0,0,0,1,0,0,0,9,0,0,0,0,0,0,0,0,0,1,7,0,0,0,0,0,0,0,1,0,0,0
2246,0,0,0,1,0,0,0,4,129,40.68637405978835,0.9999999999274232,1,6,0,0,0,0,0,0,1,0,6,0,0,0,0,0,0,1,0,0,0,7,0,0,0,0,0,0,0,1,0,0,0
2248,1,1,1,1,1,1,0,15,131,16.415948912847313,0.2841331769523789,0,6,0,0,0,0,0,0,1,0,6,0,0,0,0,0,0,1,0,0,0,7,0,0,0,0,0,0,0,1,0,0,1
2250,1,1,1,0,0,0,0,7,131,16.02354217543158,0.2114082228295317,0,4,0,0,0,0,1,0,0,0,9,0,0,0,0,0,0,0,0,0,1,7,0,0,0,0,0,0,0,1,0,0,1
2251,1,1,0,0,0,0,0,7,143,34.070201657961476,0.9999999457792256,1,5,0,0,0,0,0,1,0,0,1,0,1,0,0,0,0,0,0,0,0,7,0,0,0,0,0,0,0,1,0,0,1
2254,0,0,0,1,0,0,0,22,146,10.621947874278431,0.0012074310369916909,0,6,0,0,0,0,0,0,1,0,6,0,0,0,0,0,0,1,0,0,0,7,0,0,0,0,0,0,0,1,0,0,0
2255,0,1,0,1,0,0,0,3,82,2.7049046606466938,4.406143737565919e-07,0,6,0,0,0,0,0,0,1,0,6,0,0,0,0,0,0,1,0,0,0,7,0,0,0,0,0,0,0,1,0,0,1
2256,0,0,0,0,1,0,6,3,83,7.874509298617059,7.747399871240738e-05,0,6,0,0,0,0,0,0,1,0,6,0,0,0,0,0,0,1,0,0,0,7,0,0,0,0,0,0,0,1,0,0,0
2257,0,1,1,0,1,0,0,11,146,23.651251204597514,0.9981875310782956,1,6,0,0,0,0,0,0,1,0,6,0,0,0,0,0,0,1,0,0,0,7,0,0,0,0,0,0,0,1,0,0,0
2258,0,0,0,0,1,1,1,15,165,49.4053372144751,0.9999999999999882,1,2,0,0,1,0,0,0,0,0,3,0,0,0,1,0,0,0,0,0,0,3,0,0,0,1,0,0,0,0,0,0,0
2260,1,1,1,0,0,0,1,10,181,145.02740464455457,1.0,1,6,0,0,0,0,0,0,1,0,6,0,0,0,0,0,0,1,0,0,0,7,0,0,0,0,0,0,0,1,0,0,0
2262,0,0,0,0,0,0,0,3,66,23.623060621271854,0.9981358061193891,1,2,0,0,1,0,0,0,0,0,6,0,0,0,0,0,0,1,0,0,0,7,0,0,0,0,0,0,0,1,0,0,0
2263,1,0,0,0,0,0,0,2,73,28.85557509958025,0.9999900265607446,1,6,0,0,0,0,0,0,1,0,6,0,0,0,0,0,0,1,0,0,0,7,0,0,0,0,0,0,0,1,0,0,0
2265,0,0,0,0,0,0,0,1,74,13.729488391092314,0.02632620230740585,0,6,0,0,0,0,0,0,1,0,6,0,0,0,0,0,0,1,0,0,0,7,0,0,0,0,0,0,0,1,0,0,0
2266,0,0,0,0,0,0,2,2,70,10.53369132624571,0.0011055472336189418,0,6,0,0,0,0,0,0,1,0,6,0,0,0,0,0,0,1,0,0,0,7,0,0,0,0,0,0,0,1,0,0,0
2267,1,1,1,0,1,0,0,8,142,64.96080064987942,1.0,1,6,0,0,0,0,0,0,1,0,6,0,0,0,0,0,0,1,0,0,0,7,0,0,0,0,0,0,0,1,0,0,1
2271,0,1,1,0,0,0,0,9,119,6.173931690593019,1.4145946300430862e-05,0,0,1,0,0,0,0,0,0,0,5,0,0,0,0,0,1,0,0,0,0,7,0,0,0,0,0,0,0,1,0,0,1
2272,0,1,0,0,0,0,0,0,93,20.489964347080086,0.9589073169522098,1,6,0,0,0,0,0,0,1,0,6,0,0,0,0,0,0,1,0,0,0,7,0,0,0,0,0,0,0,1,0,0,0
2273,0,0,0,0,0,0,1,3,65,16.26365839605713,0.2541989582551541,0,6,0,0,0,0,0,0,1,0,6,0,0,0,0,0,0,1,0,0,0,5,0,0,0,0,0,1,0,0,0,0,0
2274,0,0,0,1,0,0,0,10,137,49.403462597950686,0.9999999999999879,1,6,0,0,0,0,0,0,1,0,6,0,0,0,0,0,0,1,0,0,0,7,0,0,0,0,0,0,0,1,0,0,0
2275,1,1,1,0,0,0,0,5,62,3.344615578674252,8.353748783812718e-07,0,6,0,0,0,0,0,0,1,0,6,0,0,0,0,0,0,1,0,0,0,7,0,0,0,0,0,0,0,1,0,0,1
2277,0,0,0,0,0,0,0,1,43,4.428257833847955,2.4688832500781958e-06,0,6,0,0,0,0,0,0,1,0,6,0,0,0,0,0,0,1,0,0,0,7,0,0,0,0,0,0,0,1,0,0,0
2278,0,1,1,0,1,1,0,12,156,11.620453550107555,0.00327046769842432,0,6,0,0,0,0,0,0,1,0,6,0,0,0,0,0,0,1,0,0,0,7,0,0,0,0,0,0,0,1,0,0,0
2279,0,0,0,0,0,0,0,3,152,81.3007742584725,1.0,1,0,1,0,0,0,0,0,0,0,5,0,0,0,0,0,1,0,0,0,0,7,0,0,0,0,0,0,0,1,0,0,0
2280,0,0,0,0,0,0,0,1,78,18.555161706143817,0.7712109789837827,1,6,0,0,0,0,0,0,1,0,6,0,0,0,0,0,0,1,0,0,0,7,0,0,0,0,0,0,0,1,0,0,0
2281,0,0,0,0,0,0,0,3,58,6.891389411522943,2.8987682007385186e-05,0,4,0,0,0,0,1,0,0,0,9,0,0,0,0,0,0,0,0,0,1,7,0,0,0,0,0,0,0,1,0,0,0
2282,1,1,0,0,0,0,20,2,145,84.52792465166785,1.0,1,6,0,0,0,0,0,0,1,0,6,0,0,0,0,0,0,1,0,0,0,7,0,0,0,0,0,0,0,1,0,0,1
2284,0,0,0,1,0,0,0,2,84,10.724741440270384,0.0013379757635458985,0,6,0,0,0,0,0,0,1,0,6,0,0,0,0,0,0,1,0,0,0,7,0,0,0,0,0,0,0,1,0,0,0
2285,0,1,1,0,0,0,0,13,129,6.760276549767492,2.542573071847078e-05,0,6,0,0,0,0,0,0,1,0,6,0,0,0,0,0,0,1,0,0,0,7,0,0,0,0,0,0,0,1,0,0,0
2286,0,0,0,1,0,0,2,6,74,8.014739323207273,8.91357725383854e-05,0,6,0,0,0,0,0,0,1,0,6,0,0,0,0,0,0,1,0,0,0,7,0,0,0,0,0,0,0,1,0,0,0
2288,0,1,1,0,0,0,0,4,93,12.894020767312806,0.011589721646351678,0,6,0,0,0,0,0,0,1,0,6,0,0,0,0,0,0,1,0,0,0,7,0,0,0,0,0,0,0,1,0,0,0
2289,1,1,1,0,0,0,0,10,170,101.1473242575337,1.0,1,5,0,0,0,0,0,1,0,0,1,0,1,0,0,0,0,0,0,0,0,7,0,0,0,0,0,0,0,1,0,0,1
2292,1,1,1,0,0,0,0,9,164,107.87521981668155,1.0,1,0,1,0,0,0,0,0,0,0,5,0,0,0,0,0,1,0,0,0,0,7,0,0,0,0,0,0,0,1,0,0,1
2294,0,0,0,0,0,0,6,6,158,102.74074697696385,1.0,1,4,0,0,0,0,1,0,0,0,9,0,0,0,0,0,0,0,0,0,1,5,0,0,0,0,0,1,0,0,0,0,0
2296,0,0,1,0,0,0,0,14,111,6.571788073326133,2.105793761990528e-05,0,6,0,0,0,0,0,0,1,0,6,0,0,0,0,0,0,1,0,0,0,7,0,0,0,0,0,0,0,1,0,0,0
2297,0,0,0,0,0,0,0,27,130,75.80725472917959,1.0,1,6,0,0,0,0,0,0,1,0,6,0,0,0,0,0,0,1,0,0,0,7,0,0,0,0,0,0,0,1,0,0,0
2298,1,1,0,0,0,0,0,5,128,53.94270978500575,0.9999999999999998,1,6,0,0,0,0,0,0,1,0,6,0,0,0,0,0,0,1,0,0,0,7,0,0,0,0,0,0,0,1,0,0,0
2299,0,0,0,0,0,0,0,4,122,46.973272644112434,0.999999999999865,1,6,0,0,0,0,0,0,1,0,6,0,0,0,0,0,0,1,0,0,0,7,0,0,0,0,0,0,0,1,0,0,0
2300,0,1,1,0,0,1,0,26,157,60.091440358636376,1.0,1,4,0,0,0,0,1,0,0,0,9,0,0,0,0,0,0,0,0,0,1,2,0,0,1,0,0,0,0,0,0,0,0
2301,0,1,1,0,0,0,0,17,178,64.97856262234171,1.0,1,7,0,0,0,0,0,0,0,1,6,0,0,0,0,0,0,1,0,0,0,7,0,0,0,0,0,0,0,1,0,0,1
2303,0,1,1,0,1,0,0,22,166,12.703282735038686,0.009596468846738598,0,2,0,0,1,0,0,0,0,0,6,0,0,0,0,0,0,1,0,0,0,7,0,0,0,0,0,0,0,1,0,0,0
2304,1,1,1,0,0,0,0,7,81,23.01745065420383,0.9965894001137728,1,6,0,0,0,0,0,0,1,0,6,0,0,0,0,0,0,1,0,0,0,7,0,0,0,0,0,0,0,1,0,0,1
2306,0,1,1,0,0,0,0,10,97,12.204912278657153,0.005852086594605008,0,4,0,0,0,0,1,0,0,0,9,0,0,0,0,0,0,0,0,0,1,7,0,0,0,0,0,0,0,1,0,0,0
2307,1,0,1,1,0,0,2,7,133,42.11632344121696,0.9999999999826308,1,2,0,0,1,0,0,0,0,0,6,0,0,0,0,0,0,1,0,0,0,7,0,0,0,0,0,0,0,1,0,0,1
2308,0,0,0,1,0,0,1,5,120,41.06428486247317,0.9999999999502636,1,6,0,0,0,0,0,0,1,0,6,0,0,0,0,0,0,1,0,0,0,7,0,0,0,0,0,0,0,1,0,0,0
2309,0,0,1,0,0,0,0,13,114,28.45387351432118,0.9999850961116851,1,1,0,1,0,0,0,0,0,0,4,0,0,0,0,1,0,0,0,0,0,7,0,0,0,0,0,0,0,1,0,0,1
2311,1,1,1,0,0,0,0,16,146,80.48866739727818,1.0,1,4,0,0,0,0,1,0,0,0,9,0,0,0,0,0,0,0,0,0,1,7,0,0,0,0,0,0,0,1,0,0,1
2312,0,0,0,1,0,0,0,11,160,30.480847966762113,0.999998036633449,1,1,0,1,0,0,0,0,0,0,6,0,0,0,0,0,0,1,0,0,0,7,0,0,0,0,0,0,0,1,0,0,0
2314,1,1,1,0,1,0,0,17,115,26.18513557446721,0.9998559398511128,1,4,0,0,0,0,1,0,0,0,9,0,0,0,0,0,0,0,0,0,1,7,0,0,0,0,0,0,0,1,0,0,0
2315,1,0,1,0,0,0,0,11,148,48.460998356458504,0.9999999999999696,1,6,0,0,0,0,0,0,1,0,6,0,0,0,0,0,0,1,0,0,0,7,0,0,0,0,0,0,0,1,0,0,1
2317,0,1,1,0,0,0,1,9,136,44.08563058578017,0.9999999999975762,1,4,0,0,0,0,1,0,0,0,9,0,0,0,0,0,0,0,0,0,1,4,0,0,0,0,1,0,0,0,0,0,0
2318,0,0,0,0,0,0,0,3,114,34.20623805055749,0.9999999526755186,1,6,0,0,0,0,0,0,1,0,6,0,0,0,0,0,0,1,0,0,0,7,0,0,0,0,0,0,0,1,0,0,0
2319,0,0,0,1,0,0,0,17,159,30.73680390833522,0.9999984800079118,1,6,0,0,0,0,0,0,1,0,6,0,0,0,0,0,0,1,0,0,0,7,0,0,0,0,0,0,0,1,0,0,0
2321,1,1,1,0,0,0,0,17,152,93.92992383366945,1.0,1,2,0,0,1,0,0,0,0,0,6,0,0,0,0,0,0,1,0,0,0,7,0,0,0,0,0,0,0,1,0,0,1
2324,0,1,1,0,1,0,0,9,119,17.954283737630398,0.6489173601694678,1,4,0,0,0,0,1,0,0,0,9,0,0,0,0,0,0,0,0,0,1,7,0,0,0,0,0,0,0,1,0,0,1
2325,0,1,1,0,0,0,0,8,131,14.075620347599887,0.0368135985934932,0,2,0,0,1,0,0,0,0,0,3,0,0,0,1,0,0,0,0,0,0,7,0,0,0,0,0,0,0,1,0,0,0
2327,0,1,1,1,0,0,0,15,98,18.16117826718387,0.6944863962700367,1,6,0,0,0,0,0,0,1,0,6,0,0,0,0,0,0,1,0,0,0,7,0,0,0,0,0,0,0,1,0,0,0
2329,0,1,1,0,0,0,0,17,126,11.556743186921613,0.0030692232694962745,0,4,0,0,0,0,1,0,0,0,9,0,0,0,0,0,0,0,0,0,1,0,1,0,0,0,0,0,0,0,0,0,0
2330,1,1,1,0,0,0,0,6,111,42.293523295915364,0.9999999999854514,1,6,0,0,0,0,0,0,1,0,6,0,0,0,0,0,0,1,0,0,0,7,0,0,0,0,0,0,0,1,0,0,1
2332,1,1,1,0,0,0,0,11,72,9.57019123320396,0.00042211575876665696,0,6,0,0,0,0,0,0,1,0,6,0,0,0,0,0,0,1,0,0,0,7,0,0,0,0,0,0,0,1,0,0,1
2333,0,0,0,1,0,0,0,9,99,10.825302607475145,0.0014793125382152107,0,6,0,0,0,0,0,0,1,0,6,0,0,0,0,0,0,1,0,0,0,7,0,0,0,0,0,0,0,1,0,0,0
2334,0,1,1,1,0,0,0,13,128,15.260470806425355,0.11110245442893074,0,1,0,1,0,0,0,0,0,0,4,0,0,0,0,1,0,0,0,0,0,7,0,0,0,0,0,0,0,1,0,0,1
2336,0,0,0,0,0,0,0,9,164,70.02637601545192,1.0,1,0,1,0,0,0,0,0,0,0,6,0,0,0,0,0,0,1,0,0,0,7,0,0,0,0,0,0,0,1,0,0,0
2337,1,1,1,0,0,0,0,8,72,6.402095142260831,1.7771355663612873e-05,0,0,1,0,0,0,0,0,0,0,5,0,0,0,0,0,1,0,0,0,0,7,0,0,0,0,0,0,0,1,0,0,1
2339,0,0,1,0,0,0,3,13,146,112.25416309866522,1.0,1,6,0,0,0,0,0,0,1,0,6,0,0,0,0,0,0,1,0,0,0,7,0,0,0,0,0,0,0,1,0,0,0
2340,1,0,0,0,0,0,0,4,95,43.982126848059224,0.9999999999973116,1,6,0,0,0,0,0,0,1,0,6,0,0,0,0,0,0,1,0,0,0,7,0,0,0,0,0,0,0,1,0,0,0
2341,1,1,1,1,1,0,0,5,122,43.61921267940112,0.9999999999961356,1,2,0,0,1,0,0,0,0,0,6,0,0,0,0,0,0,1,0,0,0,7,0,0,0,0,0,0,0,1,0,0,1
2342,0,1,1,0,0,1,1,8,103,11.862284777859955,0.00416147632642229,0,2,0,0,1,0,0,0,0,0,8,0,0,0,0,0,0,0,0,1,0,7,0,0,0,0,0,0,0,1,0,0,0
2346,1,1,1,0,0,0,0,19,159,54.964692640859816,1.0,1,1,0,1,0,0,0,0,0,0,4,0,0,0,0,1,0,0,0,0,0,7,0,0,0,0,0,0,0,1,0,0,1
2347,1,0,0,0,1,0,0,3,77,16.12431696089014,0.22869704763332624,0,2,0,0,1,0,0,0,0,0,8,0,0,0,0,0,0,0,0,1,0,7,0,0,0,0,0,0,0,1,0,0,0
2348,0,1,1,0,0,0,0,14,110,33.729266672009764,0.9999999237513976,1,4,0,0,0,0,1,0,0,0,9,0,0,0,0,0,0,0,0,0,1,7,0,0,0,0,0,0,0,1,0,0,1
2349,0,1,1,0,1,0,0,37,153,5.2551810704541975,5.644524633546085e-06,0,6,0,0,0,0,0,0,1,0,6,0,0,0,0,0,0,1,0,0,0,7,0,0,0,0,0,0,0,1,0,0,1
2350,1,1,1,0,0,0,0,7,112,47.55997067527835,0.9999999999999251,1,1,0,1,0,0,0,0,0,0,6,0,0,0,0,0,0,1,0,0,0,7,0,0,0,0,0,0,0,1,0,0,1
2351,0,1,1,1,0,0,0,27,152,21.475984815559908,0.9842646465166884,1,6,0,0,0,0,0,0,1,0,6,0,0,0,0,0,0,1,0,0,0,7,0,0,0,0,0,0,0,1,0,0,0
2352,1,0,0,1,0,0,0,8,64,11.167795998978916,0.0020822870230066143,0,4,0,0,0,0,1,0,0,0,9,0,0,0,0,0,0,0,0,0,1,7,0,0,0,0,0,0,0,1,0,0,1
2354,0,0,0,1,0,0,0,16,155,29.563685889503546,0.999995087319322,1,6,0,0,0,0,0,0,1,0,6,0,0,0,0,0,0,1,0,0,0,7,0,0,0,0,0,0,0,1,0,0,0
2356,0,1,1,1,0,0,1,11,152,15.916338834745464,0.19408826992859746,0,6,0,0,0,0,0,0,1,0,6,0,0,0,0,0,0,1,0,0,0,7,0,0,0,0,0,0,0,1,0,0,1
2358,1,0,0,0,0,0,6,4,144,144.74876531181738,1.0,1,6,0,0,0,0,0,0,1,0,6,0,0,0,0,0,0,1,0,0,0,7,0,0,0,0,0,0,0,1,0,0,1
2359,0,1,1,0,0,2,0,14,162,37.79024185080317,0.999999998686068,1,4,0,0,0,0,1,0,0,0,9,0,0,0,0,0,0,0,0,0,1,7,0,0,0,0,0,0,0,1,0,0,0
2361,0,1,1,0,0,0,0,13,150,11.621622285346449,0.0032742797211449573,0,6,0,0,0,0,0,0,1,0,6,0,0,0,0,0,0,1,0,0,0,7,0,0,0,0,0,0,0,1,0,0,0
2362,1,1,0,1,1,1,0,23,134,53.52506565368926,0.9999999999999998,1,4,0,0,0,0,1,0,0,0,9,0,0,0,0,0,0,0,0,0,1,7,0,0,0,0,0,0,0,1,0,0,1
2363,0,0,0,0,0,0,0,6,111,38.80660086390888,0.9999999995244746,1,2,0,0,1,0,0,0,0,0,8,0,0,0,0,0,0,0,0,1,0,7,0,0,0,0,0,0,0,1,0,0,0
2364,1,1,1,1,0,0,0,11,148,46.875197120860484,0.999999999999851,1,4,0,0,0,0,1,0,0,0,9,0,0,0,0,0,0,0,0,0,1,7,0,0,0,0,0,0,0,1,0,0,1
2366,0,0,0,0,0,5,3,14,154,92.24960955560793,1.0,1,6,0,0,0,0,0,0,1,0,6,0,0,0,0,0,0,1,0,0,0,7,0,0,0,0,0,0,0,1,0,0,0
2367,1,1,0,0,1,0,0,8,73,3.6410282577236983,1.1235998604933042e-06,0,6,0,0,0,0,0,0,1,0,6,0,0,0,0,0,0,1,0,0,0,7,0,0,0,0,0,0,0,1,0,0,1
2368,1,0,0,0,0,0,0,2,138,80.51178971095999,1.0,1,2,0,0,1,0,0,0,0,0,6,0,0,0,0,0,0,1,0,0,0,7,0,0,0,0,0,0,0,1,0,0,1
2370,1,1,1,0,0,0,0,23,149,61.307741636065295,1.0,1,6,0,0,0,0,0,0,1,0,6,0,0,0,0,0,0,1,0,0,0,7,0,0,0,0,0,0,0,1,0,0,1
2372,0,0,0,1,0,0,0,3,105,18.184981558044623,0.6995133512805272,1,1,0,1,0,0,0,0,0,0,6,0,0,0,0,0,0,1,0,0,0,7,0,0,0,0,0,0,0,1,0,0,0
2373,0,0,0,1,0,0,0,28,65,20.334439234074388,0.9523222768208276,1,6,0,0,0,0,0,0,1,0,6,0,0,0,0,0,0,1,0,0,0,7,0,0,0,0,0,0,0,1,0,0,0
2374,0,0,0,0,0,0,0,1,120,41.773554971977575,0.9999999999755296,1,6,0,0,0,0,0,0,1,0,6,0,0,0,0,0,0,1,0,0,0,7,0,0,0,0,0,0,0,1,0,0,0
2375,1,0,0,1,0,0,0,7,139,91.39236222912592,1.0,1,6,0,0,0,0,0,0,1,0,6,0,0,0,0,0,0,1,0,0,0,7,0,0,0,0,0,0,0,1,0,0,0
2376,0,0,0,0,0,0,0,5,81,13.264610887049177,0.016701912007778336,0,4,0,0,0,0,1,0,0,0,9,0,0,0,0,0,0,0,0,0,1,7,0,0,0,0,0,0,0,1,0,0,0
2377,1,0,0,0,1,0,0,9,122,85.7028403746228,1.0,1,4,0,0,0,0,1,0,0,0,9,0,0,0,0,0,0,0,0,0,1,7,0,0,0,0,0,0,0,1,0,0,1
2379,0,1,1,0,0,2,0,14,142,59.73833412094815,1.0,1,6,0,0,0,0,0,0,1,0,6,0,0,0,0,0,0,1,0,0,0,7,0,0,0,0,0,0,0,1,0,0,0
2382,0,1,0,0,0,0,0,2,147,49.36529077568742,0.9999999999999876,1,6,0,0,0,0,0,0,1,0,6,0,0,0,0,0,0,1,0,0,0,7,0,0,0,0,0,0,0,1,0,0,0
2385,0,1,1,0,0,2,0,13,150,59.73833412094815,1.0,1,0,1,0,0,0,0,0,0,0,6,0,0,0,0,0,0,1,0,0,0,7,0,0,0,0,0,0,0,1,0,0,0
2386,0,1,0,0,0,0,0,1,141,44.45065829145477,0.9999999999983172,1,6,0,0,0,0,0,0,1,0,6,0,0,0,0,0,0,1,0,0,0,7,0,0,0,0,0,0,0,1,0,0,0
2387,0,0,0,1,0,0,0,1,78,9.494089475437137,0.0003911960186546197,0,6,0,0,0,0,0,0,1,0,6,0,0,0,0,0,0,1,0,0,0,7,0,0,0,0,0,0,0,1,0,0,0
2388,1,1,1,0,0,0,0,24,155,27.13955820799405,0.9999445269745094,1,0,1,0,0,0,0,0,0,0,6,0,0,0,0,0,0,1,0,0,0,7,0,0,0,0,0,0,0,1,0,0,0
2389,0,0,0,0,0,0,0,5,156,69.6820688305486,1.0,1,6,0,0,0,0,0,0,1,0,6,0,0,0,0,0,0,1,0,0,0,7,0,0,0,0,0,0,0,1,0,0,0
2390,0,1,1,0,0,0,0,12,164,53.543879815690346,0.9999999999999998,1,6,0,0,0,0,0,0,1,0,6,0,0,0,0,0,0,1,0,0,0,7,0,0,0,0,0,0,0,1,0,0,0
2391,0,0,1,1,0,0,1,13,126,28.12126748020657,0.9999792151928834,1,1,0,1,0,0,0,0,0,0,6,0,0,0,0,0,0,1,0,0,0,7,0,0,0,0,0,0,0,1,0,0,0
2394,0,0,0,0,0,0,0,9,98,18.135722863917252,0.6890588176227289,1,6,0,0,0,0,0,0,1,0,6,0,0,0,0,0,0,1,0,0,0,7,0,0,0,0,0,0,0,1,0,0,0
2395,0,0,0,0,0,0,0,6,70,9.265929166320507,0.0003114155706428555,0,6,0,0,0,0,0,0,1,0,6,0,0,0,0,0,0,1,0,0,0,7,0,0,0,0,0,0,0,1,0,0,0
2396,1,0,0,1,0,0,0,0,105,35.112903846458,0.9999999808871292,1,4,0,0,0,0,1,0,0,0,9,0,0,0,0,0,0,0,0,0,1,9,0,0,0,0,0,0,0,0,0,1,0
2397,0,0,0,0,1,0,0,2,84,6.836802743298831,2.7447795445497783e-05,0,6,0,0,0,0,0,0,1,0,6,0,0,0,0,0,0,1,0,0,0,7,0,0,0,0,0,0,0,1,0,0,0
2398,1,0,0,0,0,0,0,9,103,20.633892266236955,0.964218684153844,1,4,0,0,0,0,1,0,0,0,9,0,0,0,0,0,0,0,0,0,1,7,0,0,0,0,0,0,0,1,0,0,1
2399,1,0,0,1,0,0,0,5,153,99.89381423628363,1.0,1,5,0,0,0,0,0,1,0,0,1,0,1,0,0,0,0,0,0,0,0,7,0,0,0,0,0,0,0,1,0,0,0
2400,1,1,1,0,0,2,0,13,139,45.96589320461051,0.9999999999996304,1,6,0,0,0,0,0,0,1,0,6,0,0,0,0,0,0,1,0,0,0,7,0,0,0,0,0,0,0,1,0,0,0
2402,0,0,0,1,0,0,0,4,38,2.142178369285559,2.509977450518342e-07,0,6,0,0,0,0,0,0,1,0,6,0,0,0,0,0,0,1,0,0,0,7,0,0,0,0,0,0,0,1,0,0,0
2406,0,1,1,1,0,1,0,21,142,23.684286566053515,0.9982463251533122,1,6,0,0,0,0,0,0,1,0,6,0,0,0,0,0,0,1,0,0,0,7,0,0,0,0,0,0,0,1,0,0,0
2408,0,0,0,1,1,0,0,12,119,38.43112843122791,0.9999999993077876,1,6,0,0,0,0,0,0,1,0,6,0,0,0,0,0,0,1,0,0,0,7,0,0,0,0,0,0,0,1,0,0,0
2409,0,1,1,0,0,0,0,9,72,5.900635629808417,1.0763227082381572e-05,0,6,0,0,0,0,0,0,1,0,6,0,0,0,0,0,0,1,0,0,0,7,0,0,0,0,0,0,0,1,0,0,0
2410,0,0,0,0,0,0,6,2,89,17.39618653738441,0.5140429401624088,1,6,0,0,0,0,0,0,1,0,6,0,0,0,0,0,0,1,0,0,0,7,0,0,0,0,0,0,0,1,0,0,0
2412,0,0,0,0,0,0,0,3,134,43.39658033899679,0.999999999995172,1,6,0,0,0,0,0,0,1,0,6,0,0,0,0,0,0,1,0,0,0,7,0,0,0,0,0,0,0,1,0,0,0
2413,0,0,0,0,0,0,0,2,59,3.4208145395377176,9.015175184092444e-07,0,6,0,0,0,0,0,0,1,0,6,0,0,0,0,0,0,1,0,0,0,7,0,0,0,0,0,0,0,1,0,0,0
2414,0,1,1,0,1,0,0,18,126,3.2120169096032933,7.31635189633913e-07,0,6,0,0,0,0,0,0,1,0,6,0,0,0,0,0,0,1,0,0,0,7,0,0,0,0,0,0,0,1,0,0,0
2415,0,0,1,0,1,0,0,13,150,14.665840205079476,0.06451545636262851,0,6,0,0,0,0,0,0,1,0,6,0,0,0,0,0,0,1,0,0,0,7,0,0,0,0,0,0,0,1,0,0,0
2416,0,1,1,0,0,1,0,14,167,53.78288032740668,0.9999999999999998,1,4,0,0,0,0,1,0,0,0,9,0,0,0,0,0,0,0,0,0,1,7,0,0,0,0,0,0,0,1,0,0,1
2417,0,0,0,0,0,0,0,0,64,5.68887220902,8.70914878658427e-06,0,6,0,0,0,0,0,0,1,0,6,0,0,0,0,0,0,1,0,0,0,7,0,0,0,0,0,0,0,1,0,0,0
2418,0,0,0,0,0,0,2,5,78,2.5434156009241167,3.7490815012233186e-07,0,1,0,1,0,0,0,0,0,0,6,0,0,0,0,0,0,1,0,0,0,7,0,0,0,0,0,0,0,1,0,0,0
2419,0,1,1,0,1,0,0,19,121,6.31320941448721,1.6259928590643853e-05,0,4,0,0,0,0,1,0,0,0,9,0,0,0,0,0,0,0,0,0,1,7,0,0,0,0,0,0,0,1,0,0,0
2420,0,0,0,0,0,0,2,3,78,8.918317289084229,0.00021999566182575117,0,7,0,0,0,0,0,0,0,1,6,0,0,0,0,0,0,1,0,0,0,7,0,0,0,0,0,0,0,1,0,0,0
2421,0,0,0,1,0,3,4,0,68,2.0354013443485663,2.255782162343225e-07,0,6,0,0,0,0,0,0,1,0,6,0,0,0,0,0,0,1,0,0,0,7,0,0,0,0,0,0,0,1,0,0,0
2422,0,1,1,0,0,0,0,32,145,31.172611831596047,0.9999990169568432,1,4,0,0,0,0,1,0,0,0,9,0,0,0,0,0,0,0,0,0,1,5,0,0,0,0,0,1,0,0,0,0,0
2423,0,1,1,0,0,0,0,10,72,0.4551529169879209,4.6451962192679494e-08,0,6,0,0,0,0,0,0,1,0,6,0,0,0,0,0,0,1,0,0,0,7,0,0,0,0,0,0,0,1,0,0,0
2425,0,1,1,1,0,1,1,31,160,19.326737331418897,0.8793975351354539,1,6,0,0,0,0,0,0,1,0,6,0,0,0,0,0,0,1,0,0,0,7,0,0,0,0,0,0,0,1,0,0,0
2427,0,1,0,1,0,0,0,22,146,38.001170142738296,0.9999999989359358,1,4,0,0,0,0,1,0,0,0,9,0,0,0,0,0,0,0,0,0,1,7,0,0,0,0,0,0,0,1,0,0,0
2428,0,0,1,0,1,0,0,15,155,27.79123062331295,0.999971088165129,1,6,0,0,0,0,0,0,1,0,6,0,0,0,0,0,0,1,0,0,0,7,0,0,0,0,0,0,0,1,0,0,0
2429,0,0,0,0,0,0,0,4,76,11.716302751069788,0.003598270345281369,0,6,0,0,0,0,0,0,1,0,6,0,0,0,0,0,0,1,0,0,0,7,0,0,0,0,0,0,0,1,0,0,0
2430,0,1,1,0,0,1,0,15,105,11.280530141121151,0.002330196280739509,0,4,0,0,0,0,1,0,0,0,9,0,0,0,0,0,0,0,0,0,1,5,0,0,0,0,0,1,0,0,0,0,0
2432,1,0,0,1,0,0,0,10,85,44.96359127202587,0.9999999999989926,1,6,0,0,0,0,0,0,1,0,6,0,0,0,0,0,0,1,0,0,0,2,0,0,1,0,0,0,0,0,0,0,0
2435,0,1,1,0,0,1,0,10,167,52.6100281753893,0.9999999999999996,1,4,0,0,0,0,1,0,0,0,9,0,0,0,0,0,0,0,0,0,1,7,0,0,0,0,0,0,0,1,0,0,0
2437,0,1,1,1,1,0,0,22,117,7.053726568427685,3.409678263737421e-05,0,4,0,0,0,0,1,0,0,0,9,0,0,0,0,0,0,0,0,0,1,7,0,0,0,0,0,0,0,1,0,0,0
2438,0,1,1,1,1,0,0,17,130,8.67026234874405,0.00017167466743088904,0,4,0,0,0,0,1,0,0,0,2,0,0,1,0,0,0,0,0,0,0,7,0,0,0,0,0,0,0,1,0,0,0
2440,0,1,1,1,0,0,0,26,163,61.784140291616495,1.0,1,4,0,0,0,0,1,0,0,0,9,0,0,0,0,0,0,0,0,0,1,7,0,0,0,0,0,0,0,1,0,0,0
2441,1,1,1,1,1,0,2,11,165,24.692654201511623,0.9993595214235048,1,4,0,0,0,0,1,0,0,0,9,0,0,0,0,0,0,0,0,0,1,8,0,0,0,0,0,0,0,0,1,0,0
2442,0,0,1,1,0,1,1,11,141,15.257087556442178,0.1107687684235552,0,6,0,0,0,0,0,0,1,0,6,0,0,0,0,0,0,1,0,0,0,7,0,0,0,0,0,0,0,1,0,0,0
2443,1,1,1,0,1,0,0,22,161,54.294030613074895,1.0,1,4,0,0,0,0,1,0,0,0,9,0,0,0,0,0,0,0,0,0,1,7,0,0,0,0,0,0,0,1,0,0,1
2445,0,1,1,0,0,0,0,9,132,17.948086686146627,0.6475042258816076,1,4,0,0,0,0,1,0,0,0,9,0,0,0,0,0,0,0,0,0,1,7,0,0,0,0,0,0,0,1,0,0,0
2446,0,1,1,0,1,0,0,19,117,6.026914657267502,1.2211925853341875e-05,0,6,0,0,0,0,0,0,1,0,6,0,0,0,0,0,0,1,0,0,0,7,0,0,0,0,0,0,0,1,0,0,0
2451,0,0,0,0,0,0,0,3,111,41.76901077726009,0.999999999975418,1,6,0,0,0,0,0,0,1,0,6,0,0,0,0,0,0,1,0,0,0,7,0,0,0,0,0,0,0,1,0,0,0
2452,0,1,1,0,0,0,0,5,74,5.614930533560227,8.088416715469417e-06,0,1,0,1,0,0,0,0,0,0,6,0,0,0,0,0,0,1,0,0,0,7,0,0,0,0,0,0,0,1,0,0,0
2453,0,0,0,0,0,0,0,4,112,24.48237474413948,0.9992097532372076,1,4,0,0,0,0,1,0,0,0,9,0,0,0,0,0,0,0,0,0,1,7,0,0,0,0,0,0,0,1,0,0,0
2454,0,1,1,1,0,0,0,8,140,66.04912871951564,1.0,1,4,0,0,0,0,1,0,0,0,9,0,0,0,0,0,0,0,0,0,1,7,0,0,0,0,0,0,0,1,0,0,1
2455,0,1,0,1,1,3,0,11,149,12.324783332496905,0.006592445287754653,0,6,0,0,0,0,0,0,1,0,6,0,0,0,0,0,0,1,0,0,0,7,0,0,0,0,0,0,0,1,0,0,0
2456,0,0,0,1,0,0,0,6,160,66.90818257935136,1.0,1,6,0,0,0,0,0,0,1,0,6,0,0,0,0,0,0,1,0,0,0,7,0,0,0,0,0,0,0,1,0,0,1
2457,0,1,1,0,0,0,4,5,101,10.492582241926034,0.0010610679380126556,0,6,0,0,0,0,0,0,1,0,6,0,0,0,0,0,0,1,0,0,0,7,0,0,0,0,0,0,0,1,0,0,0
2458,1,0,0,0,0,0,0,5,154,50.550903869518976,0.9999999999999962,1,4,0,0,0,0,1,0,0,0,2,0,0,1,0,0,0,0,0,0,0,7,0,0,0,0,0,0,0,1,0,0,1
2459,1,1,0,0,1,0,0,8,118,84.3601503697708,1.0,1,4,0,0,0,0,1,0,0,0,2,0,0,1,0,0,0,0,0,0,0,7,0,0,0,0,0,0,0,1,0,0,1
2460,0,1,1,0,1,0,0,11,150,9.848905843441324,0.0005577208257992525,0,6,0,0,0,0,0,0,1,0,6,0,0,0,0,0,0,1,0,0,0,7,0,0,0,0,0,0,0,1,0,0,0
2462,0,0,0,1,0,0,0,4,170,24.161454477068467,0.9989110529050199,1,6,0,0,0,0,0,0,1,0,6,0,0,0,0,0,0,1,0,0,0,7,0,0,0,0,0,0,0,1,0,0,1
2463,1,1,1,0,0,0,0,13,121,63.55201374698059,1.0,1,6,0,0,0,0,0,0,1,0,6,0,0,0,0,0,0,1,0,0,0,7,0,0,0,0,0,0,0,1,0,0,0
2464,0,1,1,1,0,1,0,8,143,15.096831567072352,0.09594037303878736,0,4,0,0,0,0,1,0,0,0,9,0,0,0,0,0,0,0,0,0,1,7,0,0,0,0,0,0,0,1,0,0,0
2465,0,1,1,1,0,0,0,14,146,19.522588132281196,0.8986749862026207,1,7,0,0,0,0,0,0,0,1,0,1,0,0,0,0,0,0,0,0,0,7,0,0,0,0,0,0,0,1,0,0,0
2466,1,1,1,0,0,0,0,10,148,64.47969896229435,1.0,1,6,0,0,0,0,0,0,1,0,6,0,0,0,0,0,0,1,0,0,0,7,0,0,0,0,0,0,0,1,0,0,1
2467,1,1,1,0,0,0,0,14,166,175.88592051829028,1.0,1,4,0,0,0,0,1,0,0,0,9,0,0,0,0,0,0,0,0,0,1,7,0,0,0,0,0,0,0,1,0,0,1
2468,1,0,0,0,0,0,0,6,118,39.55607619261787,0.9999999997752598,1,4,0,0,0,0,1,0,0,0,9,0,0,0,0,0,0,0,0,0,1,7,0,0,0,0,0,0,0,1,0,0,1
2470,1,1,1,0,0,0,0,16,113,60.75758540056889,1.0,1,2,0,0,1,0,0,0,0,0,8,0,0,0,0,0,0,0,0,1,0,7,0,0,0,0,0,0,0,1,0,0,1
2471,1,1,1,0,0,0,0,15,149,46.521919739664185,0.999999999999788,1,4,0,0,0,0,1,0,0,0,9,0,0,0,0,0,0,0,0,0,1,7,0,0,0,0,0,0,0,1,0,0,1
2475,0,1,1,0,0,0,0,12,94,17.085584524645604,0.4367370001893525,0,4,0,0,0,0,1,0,0,0,9,0,0,0,0,0,0,0,0,0,1,7,0,0,0,0,0,0,0,1,0,0,0
2476,1,1,1,0,0,0,0,29,179,187.08123733197846,1.0,1,4,0,0,0,0,1,0,0,0,9,0,0,0,0,0,0,0,0,0,1,7,0,0,0,0,0,0,0,1,0,0,1
2478,1,1,0,0,1,0,4,5,119,78.52018588053214,1.0,1,6,0,0,0,0,0,0,1,0,6,0,0,0,0,0,0,1,0,0,0,7,0,0,0,0,0,0,0,1,0,0,1
2479,0,1,1,1,1,0,0,9,140,15.891454263984194,0.1902254795596068,0,6,0,0,0,0,0,0,1,0,6,0,0,0,0,0,0,1,0,0,0,7,0,0,0,0,0,0,0,1,0,0,0
2480,1,1,1,0,0,0,0,8,146,47.93396191452835,0.9999999999999484,1,6,0,0,0,0,0,0,1,0,6,0,0,0,0,0,0,1,0,0,0,7,0,0,0,0,0,0,0,1,0,0,1
2482,1,0,0,0,0,0,0,3,147,138.87977036059806,1.0,1,6,0,0,0,0,0,0,1,0,6,0,0,0,0,0,0,1,0,0,0,7,0,0,0,0,0,0,0,1,0,0,1
2483,1,1,0,0,0,0,0,9,156,233.3603242973661,1.0,1,1,0,1,0,0,0,0,0,0,6,0,0,0,0,0,0,1,0,0,0,7,0,0,0,0,0,0,0,1,0,0,1
2485,0,0,0,0,0,0,0,2,155,64.32751092843398,1.0,1,6,0,0,0,0,0,0,1,0,6,0,0,0,0,0,0,1,0,0,0,7,0,0,0,0,0,0,0,1,0,0,0
2486,0,0,0,0,0,0,0,1,35,3.1217758011594445,6.685030570979857e-07,0,6,0,0,0,0,0,0,1,0,6,0,0,0,0,0,0,1,0,0,0,7,0,0,0,0,0,0,0,1,0,0,0
2487,0,0,0,0,0,0,0,5,91,12.486449040325473,0.007740249779354944,0,4,0,0,0,0,1,0,0,0,9,0,0,0,0,0,0,0,0,0,1,7,0,0,0,0,0,0,0,1,0,0,0
2488,1,1,0,0,1,0,0,8,120,71.43231182060649,1.0,1,4,0,0,0,0,1,0,0,0,2,0,0,1,0,0,0,0,0,0,0,7,0,0,0,0,0,0,0,1,0,0,1
2489,1,1,0,0,1,0,0,4,173,103.55371476585111,1.0,1,0,1,0,0,0,0,0,0,0,6,0,0,0,0,0,0,1,0,0,0,7,0,0,0,0,0,0,0,1,0,0,1
2490,0,0,0,0,0,1,0,7,160,107.91362096089628,1.0,1,6,0,0,0,0,0,0,1,0,6,0,0,0,0,0,0,1,0,0,0,7,0,0,0,0,0,0,0,1,0,0,0
2491,1,1,1,0,0,0,0,16,169,74.35488447022814,1.0,1,4,0,0,0,0,1,0,0,0,9,0,0,0,0,0,0,0,0,0,1,7,0,0,0,0,0,0,0,1,0,0,1
2492,0,1,1,0,0,0,0,8,148,43.70719218351637,0.9999999999964609,1,6,0,0,0,0,0,0,1,0,6,0,0,0,0,0,0,1,0,0,0,7,0,0,0,0,0,0,0,1,0,0,1
2493,1,1,1,0,0,0,0,17,163,53.734489608764704,0.9999999999999998,1,4,0,0,0,0,1,0,0,0,9,0,0,0,0,0,0,0,0,0,1,7,0,0,0,0,0,0,0,1,0,0,1
2494,0,1,1,0,0,0,0,18,135,25.90768254546755,0.9998098833411362,1,6,0,0,0,0,0,0,1,0,6,0,0,0,0,0,0,1,0,0,0,7,0,0,0,0,0,0,0,1,0,0,0
2496,0,1,1,0,1,0,0,23,167,55.75073400105357,1.0,1,1,0,1,0,0,0,0,0,0,7,0,0,0,0,0,0,0,1,0,0,6,0,0,0,0,0,0,1,0,0,0,1
2497,1,1,1,0,0,0,0,5,152,53.94172788326995,0.9999999999999998,1,1,0,1,0,0,0,0,0,0,4,0,0,0,0,1,0,0,0,0,0,7,0,0,0,0,0,0,0,1,0,0,1
2498,1,0,0,0,0,2,4,3,106,59.532748600826814,1.0,1,6,0,0,0,0,0,0,1,0,6,0,0,0,0,0,0,1,0,0,0,7,0,0,0,0,0,0,0,1,0,0,1
2499,1,1,1,0,0,0,0,7,151,48.67451357616946,0.9999999999999754,1,6,0,0,0,0,0,0,1,0,6,0,0,0,0,0,0,1,0,0,0,7,0,0,0,0,0,0,0,1,0,0,1
2500,1,1,1,0,0,0,0,12,145,44.251646151235796,0.9999999999979468,1,0,1,0,0,0,0,0,0,0,6,0,0,0,0,0,0,1,0,0,0,7,0,0,0,0,0,0,0,1,0,0,1
2501,1,1,1,0,0,0,0,10,146,73.04738773794462,1.0,1,6,0,0,0,0,0,0,1,0,6,0,0,0,0,0,0,1,0,0,0,7,0,0,0,0,0,0,0,1,0,0,1
2502,1,0,0,0,0,0,0,8,81,20.88288104739923,0.9718835464189356,1,4,0,0,0,0,1,0,0,0,9,0,0,0,0,0,0,0,0,0,1,0,1,0,0,0,0,0,0,0,0,0,0
2504,1,1,1,0,0,0,0,12,153,75.8314343129032,1.0,1,4,0,0,0,0,1,0,0,0,9,0,0,0,0,0,0,0,0,0,1,7,0,0,0,0,0,0,0,1,0,0,1
2505,1,0,0,1,0,0,0,1,102,79.8962840825874,1.0,1,6,0,0,0,0,0,0,1,0,6,0,0,0,0,0,0,1,0,0,0,7,0,0,0,0,0,0,0,1,0,0,1
2506,1,1,1,0,0,0,0,13,108,23.16065446922025,0.9970431055800988,1,7,0,0,0,0,0,0,0,1,6,0,0,0,0,0,0,1,0,0,0,7,0,0,0,0,0,0,0,1,0,0,1
2507,1,1,1,0,1,0,0,55,132,211.297997478514,1.0,1,6,0,0,0,0,0,0,1,0,6,0,0,0,0,0,0,1,0,0,0,7,0,0,0,0,0,0,0,1,0,0,1
2508,1,1,1,0,1,0,0,39,115,85.70852627570831,1.0,1,6,0,0,0,0,0,0,1,0,6,0,0,0,0,0,0,1,0,0,0,7,0,0,0,0,0,0,0,1,0,0,1
2510,1,1,1,0,0,0,0,12,108,20.373253425106483,0.954053997604705,1,7,0,0,0,0,0,0,0,1,6,0,0,0,0,0,0,1,0,0,0,7,0,0,0,0,0,0,0,1,0,0,1
2512,1,1,0,0,1,0,0,20,134,36.32935366495446,0.9999999943372356,1,4,0,0,0,0,1,0,0,0,2,0,0,1,0,0,0,0,0,0,0,7,0,0,0,0,0,0,0,1,0,0,1
2513,0,1,1,0,0,0,0,17,116,15.448958983457544,0.1311258189583106,0,4,0,0,0,0,1,0,0,0,9,0,0,0,0,0,0,0,0,0,1,4,0,0,0,0,1,0,0,0,0,0,1
2514,0,1,1,0,1,0,0,10,78,4.978968319012439,4.282232966693428e-06,0,6,0,0,0,0,0,0,1,0,6,0,0,0,0,0,0,1,0,0,0,5,0,0,0,0,0,1,0,0,0,0,0
2515,1,1,1,0,0,0,0,15,152,75.8314343129032,1.0,1,4,0,0,0,0,1,0,0,0,9,0,0,0,0,0,0,0,0,0,1,7,0,0,0,0,0,0,0,1,0,0,1
2516,1,1,1,0,0,0,0,8,99,33.01253536653118,0.9999998438635485,1,4,0,0,0,0,1,0,0,0,9,0,0,0,0,0,0,0,0,0,1,7,0,0,0,0,0,0,0,1,0,0,1
2517,1,1,1,0,0,0,0,13,152,75.8314343129032,1.0,1,4,0,0,0,0,1,0,0,0,9,0,0,0,0,0,0,0,0,0,1,7,0,0,0,0,0,0,0,1,0,0,1
2519,1,1,0,0,0,0,0,67,155,178.65008595350906,1.0,1,4,0,0,0,0,1,0,0,0,9,0,0,0,0,0,0,0,0,0,1,7,0,0,0,0,0,0,0,1,0,0,1
2520,0,1,1,0,1,0,0,43,177,15.319420391748395,0.11705907144540285,0,4,0,0,0,0,1,0,0,0,2,0,0,1,0,0,0,0,0,0,0,7,0,0,0,0,0,0,0,1,0,0,0
2521,0,0,1,0,1,0,0,17,110,7.071163715858984,3.469652634792987e-05,0,1,0,1,0,0,0,0,0,0,4,0,0,0,0,1,0,0,0,0,0,7,0,0,0,0,0,0,0,1,0,0,0
2523,0,1,1,0,1,0,0,10,107,6.969405674440261,3.1339675799084844e-05,0,4,0,0,0,0,1,0,0,0,9,0,0,0,0,0,0,0,0,0,1,8,0,0,0,0,0,0,0,0,1,0,0
2524,0,1,1,0,0,0,0,20,112,15.394303316124326,0.12502334962305867,0,4,0,0,0,0,1,0,0,0,9,0,0,0,0,0,0,0,0,0,1,7,0,0,0,0,0,0,0,1,0,0,1
2527,1,1,0,0,0,0,0,17,111,71.47016424898187,1.0,1,0,1,0,0,0,0,0,0,0,6,0,0,0,0,0,0,1,0,0,0,7,0,0,0,0,0,0,0,1,0,0,1
2528,1,1,1,0,0,0,0,19,118,33.736245218760054,0.9999999242816496,1,7,0,0,0,0,0,0,0,1,0,1,0,0,0,0,0,0,0,0,0,7,0,0,0,0,0,0,0,1,0,0,1
2530,1,1,1,0,0,0,0,15,115,14.979035910689387,0.08619822471994296,0,4,0,0,0,0,1,0,0,0,9,0,0,0,0,0,0,0,0,0,1,0,1,0,0,0,0,0,0,0,0,0,1
2531,0,0,1,0,1,0,0,15,83,8.057755552377735,9.305335633380332e-05,0,6,0,0,0,0,0,0,1,0,6,0,0,0,0,0,0,1,0,0,0,7,0,0,0,0,0,0,0,1,0,0,0
2532,1,1,0,0,0,0,0,7,160,64.46879261622922,1.0,1,4,0,0,0,0,1,0,0,0,9,0,0,0,0,0,0,0,0,0,1,7,0,0,0,0,0,0,0,1,0,0,0
2534,1,1,1,0,0,0,0,9,112,35.42341442164896,0.9999999859888786,1,4,0,0,0,0,1,0,0,0,9,0,0,0,0,0,0,0,0,0,1,7,0,0,0,0,0,0,0,1,0,0,1
2535,1,1,1,0,0,0,0,21,116,28.87481005093034,0.9999902165642742,1,4,0,0,0,0,1,0,0,0,9,0,0,0,0,0,0,0,0,0,1,4,0,0,0,0,1,0,0,0,0,0,1
2536,1,1,1,1,0,0,0,9,161,126.27277446432369,1.0,1,4,0,0,0,0,1,0,0,0,6,0,0,0,0,0,0,1,0,0,0,7,0,0,0,0,0,0,0,1,0,0,1
2537,1,1,0,0,0,0,0,14,174,75.3967531386149,1.0,1,4,0,0,0,0,1,0,0,0,2,0,0,1,0,0,0,0,0,0,0,7,0,0,0,0,0,0,0,1,0,0,1
2538,1,1,1,0,0,0,0,3,134,50.40308098654592,0.9999999999999956,1,6,0,0,0,0,0,0,1,0,6,0,0,0,0,0,0,1,0,0,0,7,0,0,0,0,0,0,0,1,0,0,0
2539,1,1,1,0,1,0,0,12,153,51.213450430250276,0.9999999999999979,1,4,0,0,0,0,1,0,0,0,9,0,0,0,0,0,0,0,0,0,1,7,0,0,0,0,0,0,0,1,0,0,1
2540,1,1,1,0,0,0,0,16,129,48.05898589675042,0.9999999999999544,1,4,0,0,0,0,1,0,0,0,9,0,0,0,0,0,0,0,0,0,1,7,0,0,0,0,0,0,0,1,0,0,1
2541,1,1,0,0,1,0,0,26,157,140.2105973835001,1.0,1,4,0,0,0,0,1,0,0,0,2,0,0,1,0,0,0,0,0,0,0,7,0,0,0,0,0,0,0,1,0,0,1
2542,0,0,0,0,0,0,0,6,98,35.060497964015,0.9999999798587922,1,6,0,0,0,0,0,0,1,0,6,0,0,0,0,0,0,1,0,0,0,7,0,0,0,0,0,0,0,1,0,0,1
2543,1,1,1,0,0,0,0,19,110,17.729996840064047,0.5962819386063062,1,7,0,0,0,0,0,0,0,1,0,1,0,0,0,0,0,0,0,0,0,7,0,0,0,0,0,0,0,1,0,0,1
2544,1,1,1,0,0,0,0,17,118,51.55561318870372,0.9999999999999988,1,7,0,0,0,0,0,0,0,1,6,0,0,0,0,0,0,1,0,0,0,7,0,0,0,0,0,0,0,1,0,0,1
2545,1,1,0,0,1,0,0,26,117,17.24892833755152,0.4772478078617294,0,4,0,0,0,0,1,0,0,0,2,0,0,1,0,0,0,0,0,0,0,7,0,0,0,0,0,0,0,1,0,0,1
2546,1,1,1,0,0,0,0,8,112,35.42341442164896,0.9999999859888786,1,4,0,0,0,0,1,0,0,0,9,0,0,0,0,0,0,0,0,0,1,7,0,0,0,0,0,0,0,1,0,0,1
2547,1,1,1,1,0,0,0,6,133,40.65866247658616,0.9999999999253836,1,4,0,0,0,0,1,0,0,0,9,0,0,0,0,0,0,0,0,0,1,7,0,0,0,0,0,0,0,1,0,0,1
2548,1,1,1,0,0,0,0,18,104,24.65154451536616,0.9993326607878285,1,7,0,0,0,0,0,0,0,1,6,0,0,0,0,0,0,1,0,0,0,7,0,0,0,0,0,0,0,1,0,0,1
2550,0,1,1,0,1,0,0,11,81,4.978968319012439,4.282232966693428e-06,0,0,1,0,0,0,0,0,0,0,6,0,0,0,0,0,0,1,0,0,0,7,0,0,0,0,0,0,0,1,0,0,0
2552,0,0,0,0,0,0,0,1,176,93.74365135743996,1.0,1,6,0,0,0,0,0,0,1,0,6,0,0,0,0,0,0,1,0,0,0,7,0,0,0,0,0,0,0,1,0,0,0
2553,0,1,1,1,0,0,0,26,143,23.444731891419398,0.9977726921909856,1,6,0,0,0,0,0,0,1,0,6,0,0,0,0,0,0,1,0,0,0,7,0,0,0,0,0,0,0,1,0,0,0
2554,0,0,0,0,0,0,0,3,60,9.233443292362473,0.0003014645228298581,0,6,0,0,0,0,0,0,1,0,6,0,0,0,0,0,0,1,0,0,0,7,0,0,0,0,0,0,0,1,0,0,0
2555,0,1,1,0,0,0,0,12,115,2.275616823148336,2.868278968271217e-07,0,6,0,0,0,0,0,0,1,0,6,0,0,0,0,0,0,1,0,0,0,7,0,0,0,0,0,0,0,1,0,0,0
2556,0,1,0,1,0,4,0,4,140,14.453019155544446,0.05280091167719463,0,4,0,0,0,0,1,0,0,0,9,0,0,0,0,0,0,0,0,0,1,7,0,0,0,0,0,0,0,1,0,0,0
2557,1,1,1,0,1,0,0,16,89,3.6378003467527114,1.1199788315622338e-06,0,6,0,0,0,0,0,0,1,0,6,0,0,0,0,0,0,1,0,0,0,7,0,0,0,0,0,0,0,1,0,0,0
2559,0,0,0,0,0,0,2,2,85,23.35195222268619,0.9975566824950436,1,6,0,0,0,0,0,0,1,0,6,0,0,0,0,0,0,1,0,0,0,7,0,0,0,0,0,0,0,1,0,0,0
2560,0,0,0,1,0,1,7,8,111,14.453268888872868,0.05281340297897668,0,6,0,0,0,0,0,0,1,0,6,0,0,0,0,0,0,1,0,0,0,7,0,0,0,0,0,0,0,1,0,0,1
2561,0,1,0,1,0,0,0,5,87,8.464808128554361,0.0001397952541071769,0,2,0,0,1,0,0,0,0,0,6,0,0,0,0,0,0,1,0,0,0,7,0,0,0,0,0,0,0,1,0,0,0
2564,1,1,1,0,0,0,0,9,118,48.1035647981763,0.9999999999999564,1,5,0,0,0,0,0,1,0,0,1,0,1,0,0,0,0,0,0,0,0,7,0,0,0,0,0,0,0,1,0,0,1
2565,1,1,0,0,0,0,0,14,73,19.591982720407906,0.9048214233265582,1,4,0,0,0,0,1,0,0,0,9,0,0,0,0,0,0,0,0,0,1,2,0,0,1,0,0,0,0,0,0,0,1
2566,1,1,1,0,1,0,0,14,102,11.173882646369307,0.0020949731868206926,0,6,0,0,0,0,0,0,1,0,6,0,0,0,0,0,0,1,0,0,0,7,0,0,0,0,0,0,0,1,0,0,1
2568,0,1,1,0,0,0,0,14,137,17.573901185928506,0.5582101495241493,1,6,0,0,0,0,0,0,1,0,6,0,0,0,0,0,0,1,0,0,0,7,0,0,0,0,0,0,0,1,0,0,0
2569,0,1,1,1,0,0,0,6,65,3.226844861978264,7.425646639351501e-07,0,4,0,0,0,0,1,0,0,0,9,0,0,0,0,0,0,0,0,0,1,7,0,0,0,0,0,0,0,1,0,0,1
2570,1,0,0,0,0,0,6,1,34,11.556504887325108,0.003068494205981092,0,6,0,0,0,0,0,0,1,0,6,0,0,0,0,0,0,1,0,0,0,7,0,0,0,0,0,0,0,1,0,0,0
2571,1,0,0,0,1,0,0,22,163,109.38660686611333,1.0,1,5,0,0,0,0,0,1,0,0,1,0,1,0,0,0,0,0,0,0,0,7,0,0,0,0,0,0,0,1,0,0,1
2572,0,0,0,0,0,0,0,1,40,9.209739823912317,0.00029440487141964414,0,6,0,0,0,0,0,0,1,0,6,0,0,0,0,0,0,1,0,0,0,7,0,0,0,0,0,0,0,1,0,0,0
2573,0,1,0,0,0,0,0,3,139,70.89446871899048,1.0,1,2,0,0,1,0,0,0,0,0,8,0,0,0,0,0,0,0,0,1,0,7,0,0,0,0,0,0,0,1,0,0,0
2575,1,1,1,0,0,0,2,5,48,4.028223184618209,1.6548859394541119e-06,0,6,0,0,0,0,0,0,1,0,6,0,0,0,0,0,0,1,0,0,0,7,0,0,0,0,0,0,0,1,0,0,1
2576,0,1,1,0,1,0,0,10,80,3.0725829554483632,6.364132751354979e-07,0,6,0,0,0,0,0,0,1,0,6,0,0,0,0,0,0,1,0,0,0,7,0,0,0,0,0,0,0,1,0,0,1
2579,0,0,0,1,0,0,0,10,160,33.508096366159144,0.9999999048771346,1,5,0,0,0,0,0,1,0,0,1,0,1,0,0,0,0,0,0,0,0,7,0,0,0,0,0,0,0,1,0,0,0
2582,1,1,0,1,0,0,0,3,64,4.0901810584861655,1.7606619667142906e-06,0,4,0,0,0,0,1,0,0,0,9,0,0,0,0,0,0,0,0,0,1,7,0,0,0,0,0,0,0,1,0,0,0
2585,0,1,1,0,0,0,0,17,164,24.909634079218346,0.9994843848104498,1,6,0,0,0,0,0,0,1,0,6,0,0,0,0,0,0,1,0,0,0,7,0,0,0,0,0,0,0,1,0,0,1
2587,0,1,1,0,0,0,2,8,123,19.174488897885574,0.8622956144056553,1,6,0,0,0,0,0,0,1,0,6,0,0,0,0,0,0,1,0,0,0,7,0,0,0,0,0,0,0,1,0,0,0
2588,1,1,1,0,0,0,0,8,82,20.606717759648973,0.9632692171238816,1,4,0,0,0,0,1,0,0,0,9,0,0,0,0,0,0,0,0,0,1,7,0,0,0,0,0,0,0,1,0,0,1
2590,0,1,1,0,1,0,0,15,121,6.579477750892654,2.1220487109817e-05,0,6,0,0,0,0,0,0,1,0,6,0,0,0,0,0,0,1,0,0,0,7,0,0,0,0,0,0,0,1,0,0,0
2591,0,1,1,0,1,0,0,15,87,3.0890668633918104,6.469907860391817e-07,0,6,0,0,0,0,0,0,1,0,6,0,0,0,0,0,0,1,0,0,0,7,0,0,0,0,0,0,0,1,0,0,0
2592,0,1,1,0,1,0,0,15,116,3.4611815127149583,9.386535089027646e-07,0,6,0,0,0,0,0,0,1,0,6,0,0,0,0,0,0,1,0,0,0,7,0,0,0,0,0,0,0,1,0,0,0
2593,1,1,1,0,0,0,0,8,105,25.72921390539059,0.9997727457641444,1,4,0,0,0,0,1,0,0,0,9,0,0,0,0,0,0,0,0,0,1,7,0,0,0,0,0,0,0,1,0,0,1
2594,0,0,0,0,0,0,4,1,52,14.263926207320564,0.044105047513775086,0,6,0,0,0,0,0,0,1,0,6,0,0,0,0,0,0,1,0,0,0,7,0,0,0,0,0,0,0,1,0,0,0
2597,1,1,1,0,0,3,0,19,106,42.7807072719607,0.999999999991062,1,6,0,0,0,0,0,0,1,0,6,0,0,0,0,0,0,1,0,0,0,7,0,0,0,0,0,0,0,1,0,0,1
2598,1,1,1,0,0,0,0,10,143,127.88627997406029,1.0,1,6,0,0,0,0,0,0,1,0,6,0,0,0,0,0,0,1,0,0,0,7,0,0,0,0,0,0,0,1,0,0,1
2599,0,1,0,0,0,0,0,7,73,6.2995242706839685,1.60389283577325e-05,0,6,0,0,0,0,0,0,1,0,6,0,0,0,0,0,0,1,0,0,0,7,0,0,0,0,0,0,0,1,0,0,0
2602,0,1,1,0,0,0,0,17,132,15.403908763933694,0.1260779038897217,0,7,0,0,0,0,0,0,0,1,0,1,0,0,0,0,0,0,0,0,0,7,0,0,0,0,0,0,0,1,0,0,0
2603,0,0,0,1,0,0,0,4,114,29.69157358833097,0.999995677073313,1,6,0,0,0,0,0,0,1,0,6,0,0,0,0,0,0,1,0,0,0,7,0,0,0,0,0,0,0,1,0,0,0
2604,1,1,1,0,0,0,0,11,101,34.323851224109,0.999999957926648,1,1,0,1,0,0,0,0,0,0,6,0,0,0,0,0,0,1,0,0,0,7,0,0,0,0,0,0,0,1,0,0,1
2605,1,1,1,0,1,0,0,18,175,33.47151240612573,0.999999901332725,1,4,0,0,0,0,1,0,0,0,6,0,0,0,0,0,0,1,0,0,0,7,0,0,0,0,0,0,0,1,0,0,1
2606,0,1,0,0,0,1,6,2,113,39.22487452661314,0.9999999996870176,1,6,0,0,0,0,0,0,1,0,6,0,0,0,0,0,0,1,0,0,0,7,0,0,0,0,0,0,0,1,0,0,0
2608,1,1,1,0,0,2,0,25,153,74.47525749814218,1.0,1,2,0,0,1,0,0,0,0,0,6,0,0,0,0,0,0,1,0,0,0,7,0,0,0,0,0,0,0,1,0,0,1
2609,1,1,1,0,0,0,0,6,145,82.27246933451231,1.0,1,6,0,0,0,0,0,0,1,0,6,0,0,0,0,0,0,1,0,0,0,7,0,0,0,0,0,0,0,1,0,0,1
2611,1,1,0,1,0,0,0,8,148,205.85840955388687,1.0,1,6,0,0,0,0,0,0,1,0,6,0,0,0,0,0,0,1,0,0,0,7,0,0,0,0,0,0,0,1,0,0,0
2612,1,1,1,0,0,0,0,9,97,46.57023120210002,0.999999999999798,1,6,0,0,0,0,0,0,1,0,6,0,0,0,0,0,0,1,0,0,0,7,0,0,0,0,0,0,0,1,0,0,1
2614,1,1,1,0,1,0,0,12,163,89.07592008619311,1.0,1,4,0,0,0,0,1,0,0,0,9,0,0,0,0,0,0,0,0,0,1,7,0,0,0,0,0,0,0,1,0,0,1
2616,0,0,0,1,0,0,0,0,90,14.892075372032508,0.0795904496545986,0,6,0,0,0,0,0,0,1,0,6,0,0,0,0,0,0,1,0,0,0,7,0,0,0,0,0,0,0,1,0,0,0
2617,1,1,1,0,1,0,0,9,159,98.1636584250348,1.0,1,6,0,0,0,0,0,0,1,0,6,0,0,0,0,0,0,1,0,0,0,7,0,0,0,0,0,0,0,1,0,0,1
2619,1,0,0,0,1,0,0,12,73,4.667941117303616,3.1375697575512407e-06,0,6,0,0,0,0,0,0,1,0,6,0,0,0,0,0,0,1,0,0,0,7,0,0,0,0,0,0,0,1,0,0,0
2621,0,0,0,1,0,0,0,3,119,34.18898802578579,0.9999999518520885,1,2,0,0,1,0,0,0,0,0,8,0,0,0,0,0,0,0,0,1,0,7,0,0,0,0,0,0,0,1,0,0,0
2622,0,1,0,1,0,0,3,1,63,5.923288826334058,1.1009828505993297e-05,0,4,0,0,0,0,1,0,0,0,9,0,0,0,0,0,0,0,0,0,1,7,0,0,0,0,0,0,0,1,0,0,0
2624,0,1,1,0,1,1,0,15,128,27.06401204314553,0.9999401740994276,1,6,0,0,0,0,0,0,1,0,6,0,0,0,0,0,0,1,0,0,0,7,0,0,0,0,0,0,0,1,0,0,0
2625,1,1,1,1,1,0,0,22,143,2.170728007915307,2.5826691040079445e-07,0,7,0,0,0,0,0,0,0,1,0,1,0,0,0,0,0,0,0,0,0,7,0,0,0,0,0,0,0,1,0,0,1
2627,1,0,0,0,0,0,0,6,68,14.247632748055386,0.0434231985858712,0,1,0,1,0,0,0,0,0,0,6,0,0,0,0,0,0,1,0,0,0,7,0,0,0,0,0,0,0,1,0,0,1
2628,1,1,1,0,0,0,0,12,87,17.87759417325216,0.6312525838550924,1,7,0,0,0,0,0,0,0,1,0,1,0,0,0,0,0,0,0,0,0,7,0,0,0,0,0,0,0,1,0,0,0
2629,1,1,1,0,0,0,0,8,123,56.5256932245222,1.0,1,6,0,0,0,0,0,0,1,0,6,0,0,0,0,0,0,1,0,0,0,7,0,0,0,0,0,0,0,1,0,0,1
2631,1,1,1,0,1,0,0,6,128,76.86154519501437,1.0,1,6,0,0,0,0,0,0,1,0,6,0,0,0,0,0,0,1,0,0,0,7,0,0,0,0,0,0,0,1,0,0,1
2632,1,1,0,0,0,0,8,3,159,156.05765915556444,1.0,1,4,0,0,0,0,1,0,0,0,2,0,0,1,0,0,0,0,0,0,0,3,0,0,0,1,0,0,0,0,0,0,0
2633,1,1,1,0,0,0,0,15,167,132.48275387998564,1.0,1,1,0,1,0,0,0,0,0,0,6,0,0,0,0,0,0,1,0,0,0,7,0,0,0,0,0,0,0,1,0,0,1
2635,0,1,1,0,0,0,0,18,130,16.077563567092138,0.22055475900915736,0,4,0,0,0,0,1,0,0,0,9,0,0,0,0,0,0,0,0,0,1,7,0,0,0,0,0,0,0,1,0,0,1
2637,1,1,0,0,0,0,0,3,158,126.94474832110187,1.0,1,1,0,1,0,0,0,0,0,0,6,0,0,0,0,0,0,1,0,0,0,7,0,0,0,0,0,0,0,1,0,0,1
2640,0,1,0,1,0,0,0,4,55,6.292083082310294,1.5920024512155804e-05,0,6,0,0,0,0,0,0,1,0,6,0,0,0,0,0,0,1,0,0,0,7,0,0,0,0,0,0,0,1,0,0,0
2641,0,1,0,0,0,0,0,2,137,102.73346628122871,1.0,1,6,0,0,0,0,0,0,1,0,6,0,0,0,0,0,0,1,0,0,0,7,0,0,0,0,0,0,0,1,0,0,0
2642,0,1,0,0,0,0,0,2,117,40.14504474124893,0.9999999998752918,1,6,0,0,0,0,0,0,1,0,6,0,0,0,0,0,0,1,0,0,0,7,0,0,0,0,0,0,0,1,0,0,0
2643,0,0,0,0,0,0,0,4,116,33.28620084129786,0.9999998812447234,1,2,0,0,1,0,0,0,0,0,8,0,0,0,0,0,0,0,0,1,0,7,0,0,0,0,0,0,0,1,0,0,0
2644,0,0,0,0,0,0,0,4,160,63.188759824187,1.0,1,6,0,0,0,0,0,0,1,0,6,0,0,0,0,0,0,1,0,0,0,7,0,0,0,0,0,0,0,1,0,0,0
2645,0,0,0,0,1,0,0,1,89,17.899593603457507,0.6363585027499113,1,6,0,0,0,0,0,0,1,0,6,0,0,0,0,0,0,1,0,0,0,7,0,0,0,0,0,0,0,1,0,0,0
2647,1,1,0,0,0,0,0,4,110,42.34058014244229,0.9999999999861202,1,6,0,0,0,0,0,0,1,0,6,0,0,0,0,0,0,1,0,0,0,7,0,0,0,0,0,0,0,1,0,0,1
2648,1,1,1,0,0,0,0,13,155,103.27887907392264,1.0,1,6,0,0,0,0,0,0,1,0,6,0,0,0,0,0,0,1,0,0,0,7,0,0,0,0,0,0,0,1,0,0,1
2649,1,1,0,1,1,0,0,29,150,46.083052075794356,0.9999999999996712,1,7,0,0,0,0,0,0,0,1,6,0,0,0,0,0,0,1,0,0,0,7,0,0,0,0,0,0,0,1,0,0,1
2651,1,1,1,0,0,0,0,8,107,43.59288128533101,0.9999999999960324,1,7,0,0,0,0,0,0,0,1,0,1,0,0,0,0,0,0,0,0,0,7,0,0,0,0,0,0,0,1,0,0,1
2655,0,0,0,1,0,0,0,2,119,18.194614505201766,0.7015342434637425,1,4,0,0,0,0,1,0,0,0,9,0,0,0,0,0,0,0,0,0,1,7,0,0,0,0,0,0,0,1,0,0,0
2656,0,0,0,1,0,0,18,5,68,3.2971640671736298,7.966608918113666e-07,0,4,0,0,0,0,1,0,0,0,9,0,0,0,0,0,0,0,0,0,1,7,0,0,0,0,0,0,0,1,0,0,0
2657,1,1,1,1,0,0,4,1,56,1.016436098850969,8.142658806423769e-08,0,6,0,0,0,0,0,0,1,0,6,0,0,0,0,0,0,1,0,0,0,7,0,0,0,0,0,0,0,1,0,0,0
2658,0,0,0,0,0,0,4,1,69,9.272711258010457,0.00031353413342011737,0,6,0,0,0,0,0,0,1,0,6,0,0,0,0,0,0,1,0,0,0,7,0,0,0,0,0,0,0,1,0,0,0
2659,0,0,0,1,0,0,4,9,137,36.747405914499886,0.9999999962720448,1,6,0,0,0,0,0,0,1,0,6,0,0,0,0,0,0,1,0,0,0,7,0,0,0,0,0,0,0,1,0,0,0
2660,0,0,1,0,0,0,4,11,61,2.9982524069679126,5.908236929926234e-07,0,7,0,0,0,0,0,0,0,1,6,0,0,0,0,0,0,1,0,0,0,7,0,0,0,0,0,0,0,1,0,0,0
2661,0,0,1,1,1,0,0,7,130,6.144388761043514,1.3734152098888949e-05,0,4,0,0,0,0,1,0,0,0,9,0,0,0,0,0,0,0,0,0,1,7,0,0,0,0,0,0,0,1,0,0,0
2663,0,0,0,1,0,0,4,1,71,3.39152993756206,8.754997787457701e-07,0,6,0,0,0,0,0,0,1,0,6,0,0,0,0,0,0,1,0,0,0,7,0,0,0,0,0,0,0,1,0,0,0
2664,1,0,0,0,0,0,2,4,29,10.505582776343587,0.0010749375207363165,0,6,0,0,0,0,0,0,1,0,6,0,0,0,0,0,0,1,0,0,0,7,0,0,0,0,0,0,0,1,0,0,0
2666,0,1,1,0,0,0,0,5,64,1.8361301750806218,1.84822485613698e-07,0,6,0,0,0,0,0,0,1,0,6,0,0,0,0,0,0,1,0,0,0,7,0,0,0,0,0,0,0,1,0,0,0
2667,0,0,0,0,0,0,4,1,34,2.3075433509015486,2.9613306336726103e-07,0,6,0,0,0,0,0,0,1,0,6,0,0,0,0,0,0,1,0,0,0,7,0,0,0,0,0,0,0,1,0,0,0
2668,0,0,0,0,0,0,3,4,76,7.004585939567533,3.246180070734738e-05,0,4,0,0,0,0,1,0,0,0,6,0,0,0,0,0,0,1,0,0,0,7,0,0,0,0,0,0,0,1,0,0,0
2670,0,0,0,0,0,0,2,7,86,11.14556889836592,0.0020366076215126137,0,6,0,0,0,0,0,0,1,0,6,0,0,0,0,0,0,1,0,0,0,7,0,0,0,0,0,0,0,1,0,0,0
2671,0,0,0,1,1,0,2,9,70,0.1782068820372514,3.521501956444767e-08,0,6,0,0,0,0,0,0,1,0,6,0,0,0,0,0,0,1,0,0,0,7,0,0,0,0,0,0,0,1,0,0,0
2672,0,1,1,0,0,0,0,5,67,1.8361301750806218,1.84822485613698e-07,0,6,0,0,0,0,0,0,1,0,6,0,0,0,0,0,0,1,0,0,0,7,0,0,0,0,0,0,0,1,0,0,0
2673,0,0,0,0,0,0,6,2,50,9.29037186762316,0.0003191187389430458,0,6,0,0,0,0,0,0,1,0,6,0,0,0,0,0,0,1,0,0,0,7,0,0,0,0,0,0,0,1,0,0,0
2675,1,1,1,1,0,0,0,11,84,15.134909902520594,0.09929432701924827,0,6,0,0,0,0,0,0,1,0,6,0,0,0,0,0,0,1,0,0,0,7,0,0,0,0,0,0,0,1,0,0,0
2676,0,1,1,1,0,0,4,9,117,9.395614224300074,0.000354521927037467,0,6,0,0,0,0,0,0,1,0,6,0,0,0,0,0,0,1,0,0,0,7,0,0,0,0,0,0,0,1,0,0,0
2677,0,0,0,0,0,0,0,3,77,8.012623924291496,8.894743087263736e-05,0,6,0,0,0,0,0,0,1,0,6,0,0,0,0,0,0,1,0,0,0,7,0,0,0,0,0,0,0,1,0,0,0
2679,0,0,0,0,0,0,2,4,95,28.589683473637123,0.9999869887538364,1,0,1,0,0,0,0,0,0,0,6,0,0,0,0,0,0,1,0,0,0,7,0,0,0,0,0,0,0,1,0,0,0
2680,0,0,0,0,1,0,2,16,165,39.806418107371094,0.9999999998250321,1,4,0,0,0,0,1,0,0,0,9,0,0,0,0,0,0,0,0,0,1,9,0,0,0,0,0,0,0,0,0,1,0
2682,0,0,0,0,0,0,0,3,65,8.393738218947098,0.00013020609774230685,0,6,0,0,0,0,0,0,1,0,6,0,0,0,0,0,0,1,0,0,0,7,0,0,0,0,0,0,0,1,0,0,0
2683,0,0,1,1,0,0,0,7,89,6.5518766334588125,2.0642799134728897e-05,0,6,0,0,0,0,0,0,1,0,6,0,0,0,0,0,0,1,0,0,0,7,0,0,0,0,0,0,0,1,0,0,0
2684,0,1,1,0,0,0,0,4,86,3.274885663160538,7.791088145231616e-07,0,6,0,0,0,0,0,0,1,0,6,0,0,0,0,0,0,1,0,0,0,7,0,0,0,0,0,0,0,1,0,0,0
2687,0,0,0,1,0,0,0,5,58,8.7926226304853,0.0001940157136370835,0,4,0,0,0,0,1,0,0,0,9,0,0,0,0,0,0,0,0,0,1,7,0,0,0,0,0,0,0,1,0,0,0
2688,0,1,1,0,0,0,0,4,80,6.37513438249768,1.7298635778781617e-05,0,6,0,0,0,0,0,0,1,0,6,0,0,0,0,0,0,1,0,0,0,7,0,0,0,0,0,0,0,1,0,0,0
2689,0,1,1,0,0,0,0,16,92,0.7561462633550644,6.276590660086505e-08,0,4,0,0,0,0,1,0,0,0,9,0,0,0,0,0,0,0,0,0,1,7,0,0,0,0,0,0,0,1,0,0,0
2691,0,0,0,0,0,0,0,1,84,24.178895693622078,0.9989298606506808,1,6,0,0,0,0,0,0,1,0,6,0,0,0,0,0,0,1,0,0,0,7,0,0,0,0,0,0,0,1,0,0,0
2692,1,1,1,0,0,0,0,6,62,5.904713880779092,1.0807211377828926e-05,0,6,0,0,0,0,0,0,1,0,6,0,0,0,0,0,0,1,0,0,0,7,0,0,0,0,0,0,0,1,0,0,0
2693,0,1,1,0,0,0,28,25,85,7.526419297005942,5.470062595866576e-05,0,6,0,0,0,0,0,0,1,0,6,0,0,0,0,0,0,1,0,0,0,7,0,0,0,0,0,0,0,1,0,0,0
2694,0,1,1,0,0,0,0,4,68,1.9880472141124261,2.151451326368032e-07,0,6,0,0,0,0,0,0,1,0,6,0,0,0,0,0,0,1,0,0,0,7,0,0,0,0,0,0,0,1,0,0,0
2695,0,1,1,1,0,0,22,9,93,4.964576908374548,4.221047184637799e-06,0,6,0,0,0,0,0,0,1,0,6,0,0,0,0,0,0,1,0,0,0,7,0,0,0,0,0,0,0,1,0,0,0
2696,0,0,0,1,0,0,0,0,107,32.63509577565811,0.9999997722679238,1,6,0,0,0,0,0,0,1,0,6,0,0,0,0,0,0,1,0,0,0,7,0,0,0,0,0,0,0,1,0,0,0
2698,0,1,1,0,1,0,0,21,131,9.167857656331766,0.0002823326093862392,0,4,0,0,0,0,1,0,0,0,2,0,0,1,0,0,0,0,0,0,0,7,0,0,0,0,0,0,0,1,0,0,0
2700,0,1,1,1,0,0,4,6,71,2.0314231724947382,2.2468261014390416e-07,0,6,0,0,0,0,0,0,1,0,6,0,0,0,0,0,0,1,0,0,0,7,0,0,0,0,0,0,0,1,0,0,0
2701,0,0,0,0,0,0,0,2,73,39.34563660920523,0.999999999722621,1,6,0,0,0,0,0,0,1,0,6,0,0,0,0,0,0,1,0,0,0,7,0,0,0,0,0,0,0,1,0,0,0
2702,0,0,0,0,0,0,0,0,34,1.3814980398553791,1.1730340219964711e-07,0,6,0,0,0,0,0,0,1,0,6,0,0,0,0,0,0,1,0,0,0,7,0,0,0,0,0,0,0,1,0,0,0
2703,0,0,0,0,0,0,0,1,16,0.506356304917456,4.889240624807545e-08,0,6,0,0,0,0,0,0,1,0,6,0,0,0,0,0,0,1,0,0,0,7,0,0,0,0,0,0,0,1,0,0,0
2706,0,0,0,0,0,0,2,1,44,3.911753857268928,1.4729437395564586e-06,0,6,0,0,0,0,0,0,1,0,6,0,0,0,0,0,0,1,0,0,0,7,0,0,0,0,0,0,0,1,0,0,0
2707,0,0,0,0,0,0,0,1,42,3.230038887725386,7.44940224605223e-07,0,6,0,0,0,0,0,0,1,0,6,0,0,0,0,0,0,1,0,0,0,7,0,0,0,0,0,0,0,1,0,0,0
2708,0,0,0,0,0,0,0,34,74,26.031915067829537,0.9998320900932642,1,6,0,0,0,0,0,0,1,0,6,0,0,0,0,0,0,1,0,0,0,7,0,0,0,0,0,0,0,1,0,0,0
2709,0,1,1,0,0,1,0,5,44,0.506356304917456,4.889240624807545e-08,0,6,0,0,0,0,0,0,1,0,6,0,0,0,0,0,0,1,0,0,0,7,0,0,0,0,0,0,0,1,0,0,0
2711,0,1,1,0,0,0,0,19,128,7.457662128428037,5.10661381453276e-05,0,6,0,0,0,0,0,0,1,0,6,0,0,0,0,0,0,1,0,0,0,7,0,0,0,0,0,0,0,1,0,0,0
2714,0,0,0,1,1,0,0,7,145,25.03106121010881,0.9995433156010832,1,4,0,0,0,0,1,0,0,0,9,0,0,0,0,0,0,0,0,0,1,1,0,1,0,0,0,0,0,0,0,0,0
2715,0,0,0,0,0,0,0,5,35,0.19925372443358053,3.596403910344207e-08,0,6,0,0,0,0,0,0,1,0,6,0,0,0,0,0,0,1,0,0,0,7,0,0,0,0,0,0,0,1,0,0,0
2719,0,0,0,0,0,0,2,1,55,1.3362850762450322,1.1211787812407274e-07,0,6,0,0,0,0,0,0,1,0,6,0,0,0,0,0,0,1,0,0,0,7,0,0,0,0,0,0,0,1,0,0,0
2720,1,1,1,0,0,0,0,8,67,6.3763860189108525,1.7320300561595486e-05,0,6,0,0,0,0,0,0,1,0,6,0,0,0,0,0,0,1,0,0,0,7,0,0,0,0,0,0,0,1,0,0,1
2723,1,1,0,0,0,0,0,2,147,116.27829723190924,1.0,1,6,0,0,0,0,0,0,1,0,6,0,0,0,0,0,0,1,0,0,0,7,0,0,0,0,0,0,0,1,0,0,0
2724,0,0,0,0,1,2,0,10,48,0.9639688229820534,7.726449862736545e-08,0,6,0,0,0,0,0,0,1,0,6,0,0,0,0,0,0,1,0,0,0,7,0,0,0,0,0,0,0,1,0,0,0
2725,0,0,0,0,0,0,2,1,97,13.246397503088568,0.016405412496781967,0,6,0,0,0,0,0,0,1,0,6,0,0,0,0,0,0,1,0,0,0,7,0,0,0,0,0,0,0,1,0,0,0
2726,0,1,1,0,0,0,0,17,112,8.828104317317539,0.0002010218951415615,0,6,0,0,0,0,0,0,1,0,6,0,0,0,0,0,0,1,0,0,0,7,0,0,0,0,0,0,0,1,0,0,0
2727,0,0,0,1,0,0,1,4,130,12.975194593394013,0.012557435074564107,0,6,0,0,0,0,0,0,1,0,6,0,0,0,0,0,0,1,0,0,0,7,0,0,0,0,0,0,0,1,0,0,0
2728,0,0,0,1,0,1,0,9,109,11.345923451296061,0.0024872765461470465,0,4,0,0,0,0,1,0,0,0,9,0,0,0,0,0,0,0,0,0,1,7,0,0,0,0,0,0,0,1,0,0,0
2729,0,0,0,0,1,2,0,6,80,3.3299813378360392,8.2323882880941e-07,0,4,0,0,0,0,1,0,0,0,9,0,0,0,0,0,0,0,0,0,1,7,0,0,0,0,0,0,0,1,0,0,0
2730,0,1,1,0,1,0,0,10,122,20.83098173233129,0.9704300801742132,1,7,0,0,0,0,0,0,0,1,6,0,0,0,0,0,0,1,0,0,0,7,0,0,0,0,0,0,0,1,0,0,0
2731,0,0,0,0,0,0,0,1,61,2.0227659744289492,2.2274588412556938e-07,0,2,0,0,1,0,0,0,0,0,6,0,0,0,0,0,0,1,0,0,0,7,0,0,0,0,0,0,0,1,0,0,0
2732,0,1,0,0,0,0,0,3,62,5.314046985561834,5.9867671389532475e-06,0,6,0,0,0,0,0,0,1,0,6,0,0,0,0,0,0,1,0,0,0,7,0,0,0,0,0,0,0,1,0,0,0
2733,0,1,1,0,0,0,0,18,125,12.544758342639847,0.008201184722408475,0,4,0,0,0,0,1,0,0,0,9,0,0,0,0,0,0,0,0,0,1,2,0,0,1,0,0,0,0,0,0,0,0
2734,0,0,1,0,0,0,0,7,85,9.245767594339547,0.0003052017105285518,0,6,0,0,0,0,0,0,1,0,6,0,0,0,0,0,0,1,0,0,0,7,0,0,0,0,0,0,0,1,0,0,1
2736,0,1,1,0,1,0,0,11,123,20.831180005716575,0.9704357692053496,1,6,0,0,0,0,0,0,1,0,6,0,0,0,0,0,0,1,0,0,0,7,0,0,0,0,0,0,0,1,0,0,0
2739,0,0,0,0,0,0,0,4,73,9.693376094874424,0.0004774259707694759,0,4,0,0,0,0,1,0,0,0,9,0,0,0,0,0,0,0,0,0,1,7,0,0,0,0,0,0,0,1,0,0,0
2740,1,0,0,0,0,0,0,1,36,7.744505261670893,6.802993217629279e-05,0,6,0,0,0,0,0,0,1,0,6,0,0,0,0,0,0,1,0,0,0,7,0,0,0,0,0,0,0,1,0,0,0
2741,0,1,1,0,1,0,0,17,137,1.768113607139007,1.7266948423402647e-07,0,6,0,0,0,0,0,0,1,0,6,0,0,0,0,0,0,1,0,0,0,7,0,0,0,0,0,0,0,1,0,0,0
2743,1,0,0,0,0,0,0,5,139,123.33982414924078,1.0,1,6,0,0,0,0,0,0,1,0,6,0,0,0,0,0,0,1,0,0,0,7,0,0,0,0,0,0,0,1,0,0,0
2744,0,0,0,0,0,0,0,12,166,12.252916245061453,0.006138095488418898,0,7,0,0,0,0,0,0,0,1,6,0,0,0,0,0,0,1,0,0,0,7,0,0,0,0,0,0,0,1,0,0,0
2748,0,0,0,0,0,0,1,10,90,15.424606454811627,0.1283761270208881,0,4,0,0,0,0,1,0,0,0,9,0,0,0,0,0,0,0,0,0,1,7,0,0,0,0,0,0,0,1,0,0,0
2749,0,1,1,1,0,0,0,10,100,6.693891562810171,2.3792688504882432e-05,0,4,0,0,0,0,1,0,0,0,9,0,0,0,0,0,0,0,0,0,1,7,0,0,0,0,0,0,0,1,0,0,0
2752,0,1,1,0,1,0,0,15,162,8.298002554468493,0.00011832023271166409,0,0,1,0,0,0,0,0,0,0,6,0,0,0,0,0,0,1,0,0,0,7,0,0,0,0,0,0,0,1,0,0,0
2753,0,1,0,1,0,0,12,8,87,3.3870751578593365,8.716082977818464e-07,0,6,0,0,0,0,0,0,1,0,6,0,0,0,0,0,0,1,0,0,0,7,0,0,0,0,0,0,0,1,0,0,0
2755,1,0,0,0,0,0,0,13,177,334.67222318319415,1.0,1,1,0,1,0,0,0,0,0,0,7,0,0,0,0,0,0,0,1,0,0,7,0,0,0,0,0,0,0,1,0,0,1
2756,0,0,0,1,0,0,0,0,40,2.286540144177222,2.8997818358847257e-07,0,6,0,0,0,0,0,0,1,0,6,0,0,0,0,0,0,1,0,0,0,7,0,0,0,0,0,0,0,1,0,0,0
2757,0,0,0,0,0,0,0,1,41,7.292449926057763,4.3289806573116665e-05,0,6,0,0,0,0,0,0,1,0,6,0,0,0,0,0,0,1,0,0,0,7,0,0,0,0,0,0,0,1,0,0,0
2758,0,0,0,1,0,2,4,0,169,55.674064496027995,1.0,1,4,0,0,0,0,1,0,0,0,9,0,0,0,0,0,0,0,0,0,1,0,1,0,0,0,0,0,0,0,0,0,0
2759,0,1,1,0,0,0,1,11,122,10.478396159638256,0.001046137440827811,0,4,0,0,0,0,1,0,0,0,9,0,0,0,0,0,0,0,0,0,1,7,0,0,0,0,0,0,0,1,0,0,0
2760,1,0,0,0,1,0,0,8,156,84.01575763508752,1.0,1,4,0,0,0,0,1,0,0,0,9,0,0,0,0,0,0,0,0,0,1,1,0,1,0,0,0,0,0,0,0,0,1
2761,0,0,0,0,0,0,0,0,96,30.724017361466466,0.9999984604477044,1,6,0,0,0,0,0,0,1,0,6,0,0,0,0,0,0,1,0,0,0,7,0,0,0,0,0,0,0,1,0,0,0
2763,0,0,0,1,0,0,0,13,69,12.595955798916542,0.00862828152512963,0,7,0,0,0,0,0,0,0,1,6,0,0,0,0,0,0,1,0,0,0,7,0,0,0,0,0,0,0,1,0,0,0
2765,0,0,0,0,1,0,0,7,77,9.613530886933859,0.0004408040931923937,0,2,0,0,1,0,0,0,0,0,6,0,0,0,0,0,0,1,0,0,0,7,0,0,0,0,0,0,0,1,0,0,0
2766,0,1,1,0,0,0,0,10,83,7.569566831764603,5.7112344018236645e-05,0,4,0,0,0,0,1,0,0,0,9,0,0,0,0,0,0,0,0,0,1,7,0,0,0,0,0,0,0,1,0,0,0
2767,0,1,1,0,0,0,0,81,169,107.80010428371644,1.0,1,5,0,0,0,0,0,1,0,0,1,0,1,0,0,0,0,0,0,0,0,7,0,0,0,0,0,0,0,1,0,0,0
2768,0,0,0,1,0,0,6,1,73,8.291064522433878,0.00011750226044556621,0,6,0,0,0,0,0,0,1,0,6,0,0,0,0,0,0,1,0,0,0,7,0,0,0,0,0,0,0,1,0,0,0
2769,0,0,0,0,0,0,2,1,52,6.688224855040452,2.365824676261501e-05,0,6,0,0,0,0,0,0,1,0,6,0,0,0,0,0,0,1,0,0,0,7,0,0,0,0,0,0,0,1,0,0,0
2770,0,1,0,0,0,0,0,8,119,27.207430757499232,0.9999481669505508,1,6,0,0,0,0,0,0,1,0,6,0,0,0,0,0,0,1,0,0,0,7,0,0,0,0,0,0,0,1,0,0,0
2771,0,0,0,1,0,0,0,1,49,2.4019060168735398,3.254378571544841e-07,0,6,0,0,0,0,0,0,1,0,6,0,0,0,0,0,0,1,0,0,0,7,0,0,0,0,0,0,0,1,0,0,0
2773,0,0,0,0,0,0,0,3,58,10.189629368049824,0.0007839581669081666,0,6,0,0,0,0,0,0,1,0,6,0,0,0,0,0,0,1,0,0,0,7,0,0,0,0,0,0,0,1,0,0,0
2774,1,1,0,1,0,0,0,5,115,60.07446979756272,1.0,1,4,0,0,0,0,1,0,0,0,9,0,0,0,0,0,0,0,0,0,1,7,0,0,0,0,0,0,0,1,0,0,0
2777,0,0,0,1,0,0,0,8,105,22.586457565847894,0.9947614466057944,1,6,0,0,0,0,0,0,1,0,6,0,0,0,0,0,0,1,0,0,0,7,0,0,0,0,0,0,0,1,0,0,0
2778,0,1,1,0,0,0,0,6,63,2.5651189187249708,3.8313383720454825e-07,0,6,0,0,0,0,0,0,1,0,6,0,0,0,0,0,0,1,0,0,0,7,0,0,0,0,0,0,0,1,0,0,0
2780,1,0,0,1,0,0,0,2,137,196.06578753554797,1.0,1,6,0,0,0,0,0,0,1,0,6,0,0,0,0,0,0,1,0,0,0,7,0,0,0,0,0,0,0,1,0,0,0
2782,1,0,0,0,0,0,0,8,118,25.406557802288326,0.9996862366801902,1,0,1,0,0,0,0,0,0,0,6,0,0,0,0,0,0,1,0,0,0,7,0,0,0,0,0,0,0,1,0,0,0
2783,0,1,0,1,0,0,1,8,153,52.43502049716157,0.9999999999999992,1,0,1,0,0,0,0,0,0,0,6,0,0,0,0,0,0,1,0,0,0,7,0,0,0,0,0,0,0,1,0,0,0
2784,0,1,0,0,0,0,2,1,96,10.98548755849306,0.001735864334374346,0,6,0,0,0,0,0,0,1,0,6,0,0,0,0,0,0,1,0,0,0,7,0,0,0,0,0,0,0,1,0,0,0
2785,0,0,0,1,0,0,0,1,69,8.639144340796927,0.00016641563249884542,0,6,0,0,0,0,0,0,1,0,6,0,0,0,0,0,0,1,0,0,0,7,0,0,0,0,0,0,0,1,0,0,0
2786,0,0,0,0,0,0,0,4,130,44.70012810111023,0.9999999999986888,1,4,0,0,0,0,1,0,0,0,9,0,0,0,0,0,0,0,0,0,1,7,0,0,0,0,0,0,0,1,0,0,0
2787,0,1,1,0,0,0,0,79,166,107.80010428371644,1.0,1,5,0,0,0,0,0,1,0,0,1,0,1,0,0,0,0,0,0,0,0,7,0,0,0,0,0,0,0,1,0,0,0
2788,0,0,0,0,1,0,0,4,148,58.297996704690846,1.0,1,4,0,0,0,0,1,0,0,0,9,0,0,0,0,0,0,0,0,0,1,0,1,0,0,0,0,0,0,0,0,0,0
2792,0,1,1,0,0,0,0,81,169,107.80010428371644,1.0,1,5,0,0,0,0,0,1,0,0,1,0,1,0,0,0,0,0,0,0,0,7,0,0,0,0,0,0,0,1,0,0,0
2793,0,0,0,0,0,0,0,6,147,63.86910414116922,1.0,1,6,0,0,0,0,0,0,1,0,6,0,0,0,0,0,0,1,0,0,0,7,0,0,0,0,0,0,0,1,0,0,0
2794,0,1,0,0,1,0,0,5,72,9.181990772055666,0.0002863500286766367,0,6,0,0,0,0,0,0,1,0,6,0,0,0,0,0,0,1,0,0,0,7,0,0,0,0,0,0,0,1,0,0,0
2795,0,0,0,0,0,0,4,4,38,4.7840249585847925,3.5237719506513587e-06,0,6,0,0,0,0,0,0,1,0,6,0,0,0,0,0,0,1,0,0,0,7,0,0,0,0,0,0,0,1,0,0,0
2796,0,1,0,0,0,0,0,1,106,32.77220562798038,0.9999998014462168,1,6,0,0,0,0,0,0,1,0,6,0,0,0,0,0,0,1,0,0,0,7,0,0,0,0,0,0,0,1,0,0,0
2797,0,1,0,0,0,0,6,12,56,7.516583431487877,5.416526428919352e-05,0,6,0,0,0,0,0,0,1,0,6,0,0,0,0,0,0,1,0,0,0,7,0,0,0,0,0,0,0,1,0,0,0
2799,0,1,0,0,0,0,0,4,145,85.21314505858908,1.0,1,4,0,0,0,0,1,0,0,0,9,0,0,0,0,0,0,0,0,0,1,7,0,0,0,0,0,0,0,1,0,0,0
2801,0,1,0,0,0,0,0,5,78,10.800672587001273,0.001443374030046204,0,6,0,0,0,0,0,0,1,0,6,0,0,0,0,0,0,1,0,0,0,7,0,0,0,0,0,0,0,1,0,0,0
2802,0,1,1,0,0,0,0,42,88,96.15518379067993,1.0,1,4,0,0,0,0,1,0,0,0,6,0,0,0,0,0,0,1,0,0,0,7,0,0,0,0,0,0,0,1,0,0,0
2803,0,0,1,0,1,0,0,7,83,5.940243449941455,1.1198085315994687e-05,0,2,0,0,1,0,0,0,0,0,8,0,0,0,0,0,0,0,0,1,0,7,0,0,0,0,0,0,0,1,0,0,1
2807,1,0,0,0,0,0,0,7,148,110.07450212577135,1.0,1,4,0,0,0,0,1,0,0,0,9,0,0,0,0,0,0,0,0,0,1,7,0,0,0,0,0,0,0,1,0,0,1
2808,0,1,1,0,1,0,0,31,154,10.437990643456793,0.0010047519201494511,0,6,0,0,0,0,0,0,1,0,6,0,0,0,0,0,0,1,0,0,0,7,0,0,0,0,0,0,0,1,0,0,0
2811,0,1,0,1,0,0,0,9,169,55.45773904114965,1.0,1,4,0,0,0,0,1,0,0,0,9,0,0,0,0,0,0,0,0,0,1,7,0,0,0,0,0,0,0,1,0,0,1
2813,1,0,0,0,0,0,0,6,127,76.88890741309629,1.0,1,1,0,1,0,0,0,0,0,0,6,0,0,0,0,0,0,1,0,0,0,6,0,0,0,0,0,0,1,0,0,0,1
2815,0,1,1,0,0,0,0,22,145,41.1256329156457,0.9999999999532232,1,6,0,0,0,0,0,0,1,0,6,0,0,0,0,0,0,1,0,0,0,7,0,0,0,0,0,0,0,1,0,0,1
2817,1,0,0,1,0,0,0,4,93,58.03966087162608,1.0,1,6,0,0,0,0,0,0,1,0,6,0,0,0,0,0,0,1,0,0,0,7,0,0,0,0,0,0,0,1,0,0,1
2819,1,0,1,1,0,0,0,13,105,46.813758757314126,0.9999999999998416,1,6,0,0,0,0,0,0,1,0,6,0,0,0,0,0,0,1,0,0,0,7,0,0,0,0,0,0,0,1,0,0,1
2820,1,1,1,0,0,0,0,28,125,25.745667921001786,0.99977645358507,1,6,0,0,0,0,0,0,1,0,6,0,0,0,0,0,0,1,0,0,0,7,0,0,0,0,0,0,0,1,0,0,1
2821,1,1,1,0,1,0,0,84,163,24.72113090572001,0.9993774917071406,1,1,0,1,0,0,0,0,0,0,6,0,0,0,0,0,0,1,0,0,0,7,0,0,0,0,0,0,0,1,0,0,1
2822,1,0,0,0,0,0,0,8,116,100.29927138593641,1.0,1,4,0,0,0,0,1,0,0,0,9,0,0,0,0,0,0,0,0,0,1,9,0,0,0,0,0,0,0,0,0,1,1
2825,1,1,0,1,0,0,1,3,79,60.54520108886548,1.0,1,1,0,1,0,0,0,0,0,0,4,0,0,0,0,1,0,0,0,0,0,7,0,0,0,0,0,0,0,1,0,0,1
2826,1,0,1,0,0,0,0,12,143,49.88277724985798,0.9999999999999928,1,4,0,0,0,0,1,0,0,0,2,0,0,1,0,0,0,0,0,0,0,7,0,0,0,0,0,0,0,1,0,0,1
2827,1,1,1,0,1,0,0,67,168,68.6572079940443,1.0,1,1,0,1,0,0,0,0,0,0,6,0,0,0,0,0,0,1,0,0,0,7,0,0,0,0,0,0,0,1,0,0,1
2828,1,1,1,0,1,0,0,19,150,42.954955078819,0.9999999999924912,1,4,0,0,0,0,1,0,0,0,9,0,0,0,0,0,0,0,0,0,1,7,0,0,0,0,0,0,0,1,0,0,1
2829,0,0,0,0,0,0,0,6,137,35.15201965975633,0.9999999816203116,1,4,0,0,0,0,1,0,0,0,9,0,0,0,0,0,0,0,0,0,1,7,0,0,0,0,0,0,0,1,0,0,0
2830,0,1,1,0,0,0,0,10,76,8.769742465813271,0.0001896278330744405,0,4,0,0,0,0,1,0,0,0,9,0,0,0,0,0,0,0,0,0,1,7,0,0,0,0,0,0,0,1,0,0,1
2831,1,1,1,1,0,0,0,15,113,54.28995931734239,1.0,1,4,0,0,0,0,1,0,0,0,2,0,0,1,0,0,0,0,0,0,0,7,0,0,0,0,0,0,0,1,0,0,1
2832,1,0,0,0,1,0,0,14,112,68.67992392936338,1.0,1,6,0,0,0,0,0,0,1,0,6,0,0,0,0,0,0,1,0,0,0,7,0,0,0,0,0,0,0,1,0,0,1
2833,1,1,1,0,1,0,1,13,157,40.68761938760385,0.9999999999275132,1,2,0,0,1,0,0,0,0,0,6,0,0,0,0,0,0,1,0,0,0,7,0,0,0,0,0,0,0,1,0,0,1
2835,1,1,1,0,0,0,0,9,159,138.2820429040112,1.0,1,6,0,0,0,0,0,0,1,0,6,0,0,0,0,0,0,1,0,0,0,7,0,0,0,0,0,0,0,1,0,0,1
2836,0,1,1,0,0,0,0,34,126,47.24447045429616,0.9999999999998971,1,6,0,0,0,0,0,0,1,0,6,0,0,0,0,0,0,1,0,0,0,7,0,0,0,0,0,0,0,1,0,0,1
2838,0,0,1,0,0,0,0,8,66,4.725093399496584,3.3221117013126393e-06,0,6,0,0,0,0,0,0,1,0,6,0,0,0,0,0,0,1,0,0,0,7,0,0,0,0,0,0,0,1,0,0,0
2839,0,1,0,0,0,0,0,118,149,179.6937462573034,1.0,1,6,0,0,0,0,0,0,1,0,6,0,0,0,0,0,0,1,0,0,0,7,0,0,0,0,0,0,0,1,0,0,1
2841,1,1,1,0,0,0,0,20,131,33.84221497511861,0.999999931894989,1,6,0,0,0,0,0,0,1,0,6,0,0,0,0,0,0,1,0,0,0,7,0,0,0,0,0,0,0,1,0,0,1
2842,1,1,1,0,0,0,0,17,129,43.10997945556221,0.9999999999935696,1,6,0,0,0,0,0,0,1,0,6,0,0,0,0,0,0,1,0,0,0,7,0,0,0,0,0,0,0,1,0,0,1
2843,0,0,0,1,0,0,1,7,96,15.695104681084626,0.1618000558691434,0,5,0,0,0,0,0,1,0,0,1,0,1,0,0,0,0,0,0,0,0,7,0,0,0,0,0,0,0,1,0,0,1
2844,0,1,1,0,0,0,0,11,87,7.048209684659891,3.3909198943790996e-05,0,2,0,0,1,0,0,0,0,0,6,0,0,0,0,0,0,1,0,0,0,7,0,0,0,0,0,0,0,1,0,0,1
2846,0,1,1,0,1,0,0,14,138,20.64940768993966,0.9647501434696228,1,4,0,0,0,0,1,0,0,0,9,0,0,0,0,0,0,0,0,0,1,7,0,0,0,0,0,0,0,1,0,0,1
2849,1,1,1,0,0,0,0,29,146,73.37423486972611,1.0,1,6,0,0,0,0,0,0,1,0,6,0,0,0,0,0,0,1,0,0,0,7,0,0,0,0,0,0,0,1,0,0,1
2851,1,0,0,1,1,0,0,15,145,196.79350206624284,1.0,1,6,0,0,0,0,0,0,1,0,6,0,0,0,0,0,0,1,0,0,0,7,0,0,0,0,0,0,0,1,0,0,1
2852,0,1,1,0,1,1,0,20,151,33.77441300314706,0.9999999271171937,1,6,0,0,0,0,0,0,1,0,6,0,0,0,0,0,0,1,0,0,0,7,0,0,0,0,0,0,0,1,0,0,0
2853,0,1,0,1,0,0,0,6,134,41.10403913371823,0.999999999952202,1,6,0,0,0,0,0,0,1,0,6,0,0,0,0,0,0,1,0,0,0,7,0,0,0,0,0,0,0,1,0,0,0
2854,0,0,0,0,0,1,2,1,46,9.745528967055415,0.0005029729672024061,0,6,0,0,0,0,0,0,1,0,6,0,0,0,0,0,0,1,0,0,0,7,0,0,0,0,0,0,0,1,0,0,0
2855,0,1,1,0,0,0,1,8,163,18.526997169836157,0.7662035803330643,1,6,0,0,0,0,0,0,1,0,6,0,0,0,0,0,0,1,0,0,0,7,0,0,0,0,0,0,0,1,0,0,0
2856,0,1,1,1,0,1,0,38,117,31.978961646408514,0.9999995610858872,1,4,0,0,0,0,1,0,0,0,9,0,0,0,0,0,0,0,0,0,1,8,0,0,0,0,0,0,0,0,1,0,0
2857,1,1,1,0,0,0,0,68,137,42.89798377157013,0.999999999992051,1,4,0,0,0,0,1,0,0,0,9,0,0,0,0,0,0,0,0,0,1,7,0,0,0,0,0,0,0,1,0,0,1
2858,0,0,1,0,1,0,0,11,63,3.2164442550253574,7.348815700819437e-07,0,6,0,0,0,0,0,0,1,0,6,0,0,0,0,0,0,1,0,0,0,7,0,0,0,0,0,0,0,1,0,0,0
2860,0,1,0,0,0,0,0,10,166,62.82544497805939,1.0,1,6,0,0,0,0,0,0,1,0,6,0,0,0,0,0,0,1,0,0,0,7,0,0,0,0,0,0,0,1,0,0,0
2861,0,0,0,1,0,0,0,2,63,6.730819323833432,2.4687701231851515e-05,0,6,0,0,0,0,0,0,1,0,6,0,0,0,0,0,0,1,0,0,0,7,0,0,0,0,0,0,0,1,0,0,0
2863,1,1,0,0,1,0,0,9,78,31.42542741509443,0.9999992365576162,1,6,0,0,0,0,0,0,1,0,6,0,0,0,0,0,0,1,0,0,0,7,0,0,0,0,0,0,0,1,0,0,1
2864,0,0,0,0,0,0,0,1,64,19.594190620421923,0.9050113969496086,1,6,0,0,0,0,0,0,1,0,6,0,0,0,0,0,0,1,0,0,0,7,0,0,0,0,0,0,0,1,0,0,0
2865,0,0,0,1,0,0,0,5,82,9.416898783132275,0.00036214588562959036,0,4,0,0,0,0,1,0,0,0,9,0,0,0,0,0,0,0,0,0,1,7,0,0,0,0,0,0,0,1,0,0,1
2866,0,0,0,0,0,0,0,4,90,9.966183387532157,0.0006270753278163442,0,6,0,0,0,0,0,0,1,0,6,0,0,0,0,0,0,1,0,0,0,7,0,0,0,0,0,0,0,1,0,0,0
2867,0,1,0,1,0,1,1,6,158,76.24398576791403,1.0,1,6,0,0,0,0,0,0,1,0,6,0,0,0,0,0,0,1,0,0,0,7,0,0,0,0,0,0,0,1,0,0,0
2869,1,1,1,0,0,0,0,8,75,11.804508709175987,0.00392877422825604,0,4,0,0,0,0,1,0,0,0,9,0,0,0,0,0,0,0,0,0,1,8,0,0,0,0,0,0,0,0,1,0,1
2870,1,1,0,0,1,0,0,8,82,14.664279630464828,0.06442133465646377,0,4,0,0,0,0,1,0,0,0,9,0,0,0,0,0,0,0,0,0,1,7,0,0,0,0,0,0,0,1,0,0,0
2871,1,1,0,1,0,5,0,7,160,28.782130829532463,0.9999892665074792,1,6,0,0,0,0,0,0,1,0,6,0,0,0,0,0,0,1,0,0,0,7,0,0,0,0,0,0,0,1,0,0,0
2872,0,0,0,0,0,1,0,7,88,7.573612720947251,5.7343869029080396e-05,0,1,0,1,0,0,0,0,0,0,6,0,0,0,0,0,0,1,0,0,0,7,0,0,0,0,0,0,0,1,0,0,0
2873,1,1,0,1,0,0,0,3,153,64.4361216686053,1.0,1,6,0,0,0,0,0,0,1,0,6,0,0,0,0,0,0,1,0,0,0,7,0,0,0,0,0,0,0,1,0,0,0
2875,0,1,0,1,0,0,0,3,142,71.99365325590813,1.0,1,6,0,0,0,0,0,0,1,0,6,0,0,0,0,0,0,1,0,0,0,7,0,0,0,0,0,0,0,1,0,0,0
2877,0,1,1,0,0,0,1,16,157,29.832922790643586,0.9999962468930604,1,4,0,0,0,0,1,0,0,0,9,0,0,0,0,0,0,0,0,0,1,7,0,0,0,0,0,0,0,1,0,0,0
2878,1,1,0,1,0,0,0,15,110,74.05215407646129,1.0,1,4,0,0,0,0,1,0,0,0,9,0,0,0,0,0,0,0,0,0,1,7,0,0,0,0,0,0,0,1,0,0,1
2879,1,0,0,1,0,0,0,6,123,93.68243045322828,1.0,1,6,0,0,0,0,0,0,1,0,6,0,0,0,0,0,0,1,0,0,0,7,0,0,0,0,0,0,0,1,0,0,1
2880,0,1,0,1,0,0,0,6,159,118.46561863364613,1.0,1,4,0,0,0,0,1,0,0,0,9,0,0,0,0,0,0,0,0,0,1,7,0,0,0,0,0,0,0,1,0,0,0
2881,1,1,0,0,0,0,12,2,120,43.573414770263184,0.9999999999959546,1,6,0,0,0,0,0,0,1,0,6,0,0,0,0,0,0,1,0,0,0,7,0,0,0,0,0,0,0,1,0,0,0
2882,0,0,0,0,1,0,0,7,53,3.791100868001717,1.3055313470981314e-06,0,7,0,0,0,0,0,0,0,1,0,1,0,0,0,0,0,0,0,0,0,7,0,0,0,0,0,0,0,1,0,0,0
2883,1,1,1,0,0,0,0,13,126,68.40369457835168,1.0,1,4,0,0,0,0,1,0,0,0,2,0,0,1,0,0,0,0,0,0,0,7,0,0,0,0,0,0,0,1,0,0,1
2884,1,0,0,0,1,0,0,10,163,129.1054229538515,1.0,1,4,0,0,0,0,1,0,0,0,2,0,0,1,0,0,0,0,0,0,0,3,0,0,0,1,0,0,0,0,0,0,1
2885,1,1,1,0,0,0,1,16,162,23.429805291968304,0.9977392724186356,1,4,0,0,0,0,1,0,0,0,9,0,0,0,0,0,0,0,0,0,1,5,0,0,0,0,0,1,0,0,0,0,1
2886,1,0,0,0,0,0,0,1,35,6.345450694785682,1.67927032198137e-05,0,6,0,0,0,0,0,0,1,0,6,0,0,0,0,0,0,1,0,0,0,7,0,0,0,0,0,0,0,1,0,0,0
2887,0,0,0,1,0,0,0,4,99,11.422444855117087,0.002684546942699257,0,6,0,0,0,0,0,0,1,0,6,0,0,0,0,0,0,1,0,0,0,7,0,0,0,0,0,0,0,1,0,0,0
2888,0,1,1,0,1,0,0,8,148,4.058151286451428,1.7051620313197103e-06,0,6,0,0,0,0,0,0,1,0,6,0,0,0,0,0,0,1,0,0,0,7,0,0,0,0,0,0,0,1,0,0,0
2889,1,1,0,0,0,0,0,53,94,20.33893577934589,0.9525260257252524,1,4,0,0,0,0,1,0,0,0,9,0,0,0,0,0,0,0,0,0,1,7,0,0,0,0,0,0,0,1,0,0,1
2890,0,1,1,0,0,0,0,25,130,18.834934351570123,0.816817736939039,1,6,0,0,0,0,0,0,1,0,6,0,0,0,0,0,0,1,0,0,0,7,0,0,0,0,0,0,0,1,0,0,0
2891,1,0,0,0,1,0,0,3,134,69.03195548672768,1.0,1,4,0,0,0,0,1,0,0,0,9,0,0,0,0,0,0,0,0,0,1,7,0,0,0,0,0,0,0,1,0,0,1
2893,1,1,1,0,1,0,0,12,144,18.104485946563152,0.6823268880054543,1,6,0,0,0,0,0,0,1,0,6,0,0,0,0,0,0,1,0,0,0,7,0,0,0,0,0,0,0,1,0,0,1
2895,1,1,0,0,1,0,0,3,121,70.80756035971929,1.0,1,6,0,0,0,0,0,0,1,0,6,0,0,0,0,0,0,1,0,0,0,7,0,0,0,0,0,0,0,1,0,0,1
2896,0,1,1,1,1,0,0,17,152,12.14155477842944,0.005494788606300619,0,5,0,0,0,0,0,1,0,0,1,0,1,0,0,0,0,0,0,0,0,7,0,0,0,0,0,0,0,1,0,0,0
2898,0,0,0,0,0,0,0,3,59,8.846643457531473,0.0002047826580043608,0,6,0,0,0,0,0,0,1,0,6,0,0,0,0,0,0,1,0,0,0,7,0,0,0,0,0,0,0,1,0,0,0
2899,0,0,0,1,0,0,0,5,71,7.4455876813011646,5.045328126934968e-05,0,6,0,0,0,0,0,0,1,0,6,0,0,0,0,0,0,1,0,0,0,7,0,0,0,0,0,0,0,1,0,0,0
2900,1,0,0,1,0,0,0,7,77,13.011823763199045,0.01301983168834812,0,1,0,1,0,0,0,0,0,0,4,0,0,0,0,1,0,0,0,0,0,7,0,0,0,0,0,0,0,1,0,0,0
2902,1,0,0,1,0,0,0,9,145,124.1358328038628,1.0,1,4,0,0,0,0,1,0,0,0,9,0,0,0,0,0,0,0,0,0,1,7,0,0,0,0,0,0,0,1,0,0,1
2905,0,1,0,1,0,0,0,9,154,29.95342878602745,0.9999966729752208,1,6,0,0,0,0,0,0,1,0,6,0,0,0,0,0,0,1,0,0,0,7,0,0,0,0,0,0,0,1,0,0,0
2907,0,0,0,0,0,0,0,4,152,61.551814714421724,1.0,1,6,0,0,0,0,0,0,1,0,6,0,0,0,0,0,0,1,0,0,0,7,0,0,0,0,0,0,0,1,0,0,0
2908,0,1,1,0,0,0,0,4,55,3.0023703623957068,5.9326169352621e-07,0,2,0,0,1,0,0,0,0,0,8,0,0,0,0,0,0,0,0,1,0,7,0,0,0,0,0,0,0,1,0,0,0
2909,1,1,1,0,0,0,0,20,129,29.190464769245825,0.9999928648116152,1,6,0,0,0,0,0,0,1,0,6,0,0,0,0,0,0,1,0,0,0,7,0,0,0,0,0,0,0,1,0,0,0
2910,0,1,1,1,1,1,0,18,153,9.0712800675718,0.0002563475767008109,0,6,0,0,0,0,0,0,1,0,6,0,0,0,0,0,0,1,0,0,0,7,0,0,0,0,0,0,0,1,0,0,0
2911,1,1,1,1,1,0,0,16,149,46.13924323465104,0.9999999999996892,1,4,0,0,0,0,1,0,0,0,9,0,0,0,0,0,0,0,0,0,1,0,1,0,0,0,0,0,0,0,0,0,1
2912,0,1,1,1,1,1,0,17,157,9.0712800675718,0.0002563475767008109,0,6,0,0,0,0,0,0,1,0,6,0,0,0,0,0,0,1,0,0,0,7,0,0,0,0,0,0,0,1,0,0,0
2913,1,0,0,0,0,0,1,5,81,12.590981711863794,0.008585837833997564,0,2,0,0,1,0,0,0,0,0,3,0,0,0,1,0,0,0,0,0,0,7,0,0,0,0,0,0,0,1,0,0,0
2915,0,1,1,0,0,0,0,20,148,57.77958364494837,1.0,1,6,0,0,0,0,0,0,1,0,6,0,0,0,0,0,0,1,0,0,0,7,0,0,0,0,0,0,0,1,0,0,0
2916,0,1,1,0,0,1,0,13,145,20.828808230781775,0.9703676465617088,1,4,0,0,0,0,1,0,0,0,9,0,0,0,0,0,0,0,0,0,1,7,0,0,0,0,0,0,0,1,0,0,0
2917,1,1,1,0,0,0,0,12,143,42.961574930834324,0.9999999999925407,1,1,0,1,0,0,0,0,0,0,4,0,0,0,0,1,0,0,0,0,0,7,0,0,0,0,0,0,0,1,0,0,1
2920,0,0,0,0,0,0,0,7,132,70.73223900650694,1.0,1,6,0,0,0,0,0,0,1,0,6,0,0,0,0,0,0,1,0,0,0,7,0,0,0,0,0,0,0,1,0,0,0
2921,0,1,1,1,1,0,0,76,140,56.715609727378165,1.0,1,4,0,0,0,0,1,0,0,0,9,0,0,0,0,0,0,0,0,0,1,7,0,0,0,0,0,0,0,1,0,0,0
2922,0,1,0,1,1,0,0,7,147,37.190273677285575,0.9999999976059364,1,6,0,0,0,0,0,0,1,0,6,0,0,0,0,0,0,1,0,0,0,7,0,0,0,0,0,0,0,1,0,0,0
2924,0,0,0,0,1,2,0,5,86,10.42595260631357,0.0009927411249020669,0,7,0,0,0,0,0,0,0,1,0,1,0,0,0,0,0,0,0,0,0,7,0,0,0,0,0,0,0,1,0,0,0
2925,0,1,1,0,1,0,0,10,149,24.859290544193538,0.9994577768440444,1,6,0,0,0,0,0,0,1,0,6,0,0,0,0,0,0,1,0,0,0,7,0,0,0,0,0,0,0,1,0,0,1
2927,0,0,0,1,0,0,0,2,77,4.673794324738382,3.1559883976994774e-06,0,6,0,0,0,0,0,0,1,0,6,0,0,0,0,0,0,1,0,0,0,7,0,0,0,0,0,0,0,1,0,0,0
2929,1,1,1,1,1,0,0,71,142,83.42989544166386,1.0,1,4,0,0,0,0,1,0,0,0,9,0,0,0,0,0,0,0,0,0,1,7,0,0,0,0,0,0,0,1,0,0,0
2931,0,1,1,1,1,0,0,5,122,12.387393735184267,0.007015408066500776,0,2,0,0,1,0,0,0,0,0,8,0,0,0,0,0,0,0,0,1,0,7,0,0,0,0,0,0,0,1,0,0,0
2932,0,0,0,0,0,0,0,7,91,27.597686130607638,0.999964914450828,1,4,0,0,0,0,1,0,0,0,9,0,0,0,0,0,0,0,0,0,1,7,0,0,0,0,0,0,0,1,0,0,0
2933,0,1,1,1,1,1,0,19,155,8.575847747731862,0.00015621012926724586,0,6,0,0,0,0,0,0,1,0,6,0,0,0,0,0,0,1,0,0,0,7,0,0,0,0,0,0,0,1,0,0,0
2934,0,1,0,1,1,0,1,15,170,43.744643961032764,0.9999999999965912,1,2,0,0,1,0,0,0,0,0,3,0,0,0,1,0,0,0,0,0,0,7,0,0,0,0,0,0,0,1,0,0,0
2935,0,1,1,1,1,0,0,74,139,56.715609727378165,1.0,1,4,0,0,0,0,1,0,0,0,9,0,0,0,0,0,0,0,0,0,1,7,0,0,0,0,0,0,0,1,0,0,0
2936,0,1,1,1,1,0,0,71,135,56.715609727378165,1.0,1,4,0,0,0,0,1,0,0,0,9,0,0,0,0,0,0,0,0,0,1,7,0,0,0,0,0,0,0,1,0,0,0
2937,0,1,1,0,0,0,0,11,105,8.592465115296438,0.00015882720232900232,0,6,0,0,0,0,0,0,1,0,6,0,0,0,0,0,0,1,0,0,0,7,0,0,0,0,0,0,0,1,0,0,0
2939,0,0,0,0,0,0,0,2,117,40.14763541112055,0.9999999998756144,1,6,0,0,0,0,0,0,1,0,6,0,0,0,0,0,0,1,0,0,0,7,0,0,0,0,0,0,0,1,0,0,0
2941,0,0,0,0,0,0,0,3,118,12.160065941130481,0.00559687621136244,0,6,0,0,0,0,0,0,1,0,6,0,0,0,0,0,0,1,0,0,0,7,0,0,0,0,0,0,0,1,0,0,0
2942,1,0,0,0,0,0,0,57,74,90.62928797385626,1.0,1,6,0,0,0,0,0,0,1,0,6,0,0,0,0,0,0,1,0,0,0,7,0,0,0,0,0,0,0,1,0,0,1
2943,1,1,1,0,1,0,0,12,138,20.54033671735829,0.9608469465070386,1,1,0,1,0,0,0,0,0,0,6,0,0,0,0,0,0,1,0,0,0,7,0,0,0,0,0,0,0,1,0,0,1
2944,0,0,0,0,0,0,0,0,118,32.936848725126076,0.9999998315873962,1,6,0,0,0,0,0,0,1,0,6,0,0,0,0,0,0,1,0,0,0,7,0,0,0,0,0,0,0,1,0,0,0
2945,0,1,1,0,0,0,0,2,129,48.80164258387437,0.9999999999999782,1,1,0,1,0,0,0,0,0,0,6,0,0,0,0,0,0,1,0,0,0,7,0,0,0,0,0,0,0,1,0,0,0
2946,0,0,0,0,0,0,0,17,81,26.137566010605248,0.9998489224232248,1,7,0,0,0,0,0,0,0,1,6,0,0,0,0,0,0,1,0,0,0,7,0,0,0,0,0,0,0,1,0,0,0
2947,0,1,1,0,0,0,0,12,118,39.37240955669878,0.9999999997299488,1,4,0,0,0,0,1,0,0,0,9,0,0,0,0,0,0,0,0,0,1,7,0,0,0,0,0,0,0,1,0,0,0
2948,0,1,1,0,0,0,0,11,166,29.722983002325503,0.9999958107431042,1,4,0,0,0,0,1,0,0,0,9,0,0,0,0,0,0,0,0,0,1,7,0,0,0,0,0,0,0,1,0,0,0
2950,1,0,0,0,1,0,0,6,157,149.7191639782523,1.0,1,2,0,0,1,0,0,0,0,0,6,0,0,0,0,0,0,1,0,0,0,7,0,0,0,0,0,0,0,1,0,0,0
2952,0,0,0,0,0,0,0,2,146,85.68137088151649,1.0,1,6,0,0,0,0,0,0,1,0,6,0,0,0,0,0,0,1,0,0,0,7,0,0,0,0,0,0,0,1,0,0,0
2953,0,1,1,0,0,0,2,7,62,3.630555132295398,1.1118936784643069e-06,0,6,0,0,0,0,0,0,1,0,6,0,0,0,0,0,0,1,0,0,0,7,0,0,0,0,0,0,0,1,0,0,0
2954,1,1,1,0,0,0,0,7,154,72.555425768163,1.0,1,1,0,1,0,0,0,0,0,0,6,0,0,0,0,0,0,1,0,0,0,7,0,0,0,0,0,0,0,1,0,0,1
2955,0,1,1,1,0,0,0,2,143,16.594882131673632,0.3218860221508923,0,2,0,0,1,0,0,0,0,0,6,0,0,0,0,0,0,1,0,0,0,7,0,0,0,0,0,0,0,1,0,0,0
2956,0,0,0,0,0,0,0,0,75,14.558713909971472,0.058343857799248326,0,6,0,0,0,0,0,0,1,0,6,0,0,0,0,0,0,1,0,0,0,7,0,0,0,0,0,0,0,1,0,0,0
2957,0,1,0,1,0,0,0,1,145,21.068098759330454,0.9765257893218892,1,6,0,0,0,0,0,0,1,0,6,0,0,0,0,0,0,1,0,0,0,7,0,0,0,0,0,0,0,1,0,0,1
2959,0,0,0,0,0,0,0,1,80,17.292030592621817,0.4880099472238949,0,4,0,0,0,0,1,0,0,0,2,0,0,1,0,0,0,0,0,0,0,3,0,0,0,1,0,0,0,0,0,0,0
2960,0,1,1,0,0,0,2,12,118,30.6792474565906,0.9999983899560266,1,4,0,0,0,0,1,0,0,0,9,0,0,0,0,0,0,0,0,0,1,7,0,0,0,0,0,0,0,1,0,0,0
2963,0,0,0,0,0,0,0,2,86,36.49986951219511,0.9999999952249888,1,6,0,0,0,0,0,0,1,0,6,0,0,0,0,0,0,1,0,0,0,7,0,0,0,0,0,0,0,1,0,0,0
2965,0,0,0,0,0,0,0,1,50,5.825928845258925,9.988449892683307e-06,0,6,0,0,0,0,0,0,1,0,6,0,0,0,0,0,0,1,0,0,0,7,0,0,0,0,0,0,0,1,0,0,0
2969,1,0,0,0,0,0,0,3,142,121.20342141737731,1.0,1,6,0,0,0,0,0,0,1,0,6,0,0,0,0,0,0,1,0,0,0,7,0,0,0,0,0,0,0,1,0,0,0
2970,0,0,0,1,0,0,0,1,97,33.34321926690761,0.9999998878265358,1,2,0,0,1,0,0,0,0,0,8,0,0,0,0,0,0,0,0,1,0,7,0,0,0,0,0,0,0,1,0,0,0
2971,0,0,0,1,1,0,0,12,147,12.016636956509345,0.004852663645474592,0,6,0,0,0,0,0,0,1,0,6,0,0,0,0,0,0,1,0,0,0,7,0,0,0,0,0,0,0,1,0,0,0
2973,1,1,1,0,0,0,0,11,142,36.411915480055015,0.999999994785984,1,6,0,0,0,0,0,0,1,0,6,0,0,0,0,0,0,1,0,0,0,7,0,0,0,0,0,0,0,1,0,0,1
2974,0,0,0,0,0,0,0,6,149,97.08234215061036,1.0,1,2,0,0,1,0,0,0,0,0,6,0,0,0,0,0,0,1,0,0,0,7,0,0,0,0,0,0,0,1,0,0,0
2975,0,1,0,1,0,0,4,4,58,8.502439334461142,0.0001451553758811676,0,6,0,0,0,0,0,0,1,0,6,0,0,0,0,0,0,1,0,0,0,7,0,0,0,0,0,0,0,1,0,0,0
2976,0,0,0,1,1,0,2,3,65,3.5489238035530213,1.02473427674622e-06,0,3,0,0,0,1,0,0,0,0,6,0,0,0,0,0,0,1,0,0,0,7,0,0,0,0,0,0,0,1,0,0,0
2980,0,0,0,0,0,0,0,1,138,51.78335854491407,0.9999999999999988,1,6,0,0,0,0,0,0,1,0,6,0,0,0,0,0,0,1,0,0,0,7,0,0,0,0,0,0,0,1,0,0,0
2982,1,1,1,0,0,0,0,14,132,26.208613216145864,0.99985928217922,1,6,0,0,0,0,0,0,1,0,6,0,0,0,0,0,0,1,0,0,0,7,0,0,0,0,0,0,0,1,0,0,0
2983,0,0,0,1,0,1,1,13,160,64.24919779940733,1.0,1,2,0,0,1,0,0,0,0,0,6,0,0,0,0,0,0,1,0,0,0,7,0,0,0,0,0,0,0,1,0,0,0
2984,0,1,0,1,1,0,0,7,123,13.534449565592869,0.021762792587698983,0,6,0,0,0,0,0,0,1,0,6,0,0,0,0,0,0,1,0,0,0,7,0,0,0,0,0,0,0,1,0,0,0
2987,0,1,0,1,0,0,0,5,83,18.54933031167185,0.7701804339642855,1,6,0,0,0,0,0,0,1,0,6,0,0,0,0,0,0,1,0,0,0,7,0,0,0,0,0,0,0,1,0,0,0
2988,0,0,0,1,0,0,0,27,71,15.00093695452468,0.08793903497200994,0,6,0,0,0,0,0,0,1,0,6,0,0,0,0,0,0,1,0,0,0,7,0,0,0,0,0,0,0,1,0,0,0
2990,0,1,0,0,0,0,0,10,161,77.41646134704924,1.0,1,2,0,0,1,0,0,0,0,0,8,0,0,0,0,0,0,0,0,1,0,7,0,0,0,0,0,0,0,1,0,0,0
2991,1,1,1,0,0,0,0,10,84,22.90432242342392,0.9961824532533922,1,4,0,0,0,0,1,0,0,0,9,0,0,0,0,0,0,0,0,0,1,7,0,0,0,0,0,0,0,1,0,0,1
2992,0,1,0,1,1,0,1,5,82,5.675944841679567,8.597287979620591e-06,0,6,0,0,0,0,0,0,1,0,6,0,0,0,0,0,0,1,0,0,0,7,0,0,0,0,0,0,0,1,0,0,0
2993,1,0,1,0,0,1,0,13,86,23.876440490726303,0.9985524590812418,1,6,0,0,0,0,0,0,1,0,6,0,0,0,0,0,0,1,0,0,0,7,0,0,0,0,0,0,0,1,0,0,1
2995,1,0,0,0,0,0,0,2,46,28.596509792855304,0.9999870772691476,1,6,0,0,0,0,0,0,1,0,6,0,0,0,0,0,0,1,0,0,0,7,0,0,0,0,0,0,0,1,0,0,0
2998,0,0,0,1,0,0,0,2,30,3.114901196993184,6.639231268886862e-07,0,6,0,0,0,0,0,0,1,0,6,0,0,0,0,0,0,1,0,0,0,7,0,0,0,0,0,0,0,1,0,0,0
3000,0,1,0,0,0,0,0,6,119,26.32276656269229,0.9998744607513228,1,4,0,0,0,0,1,0,0,0,9,0,0,0,0,0,0,0,0,0,1,7,0,0,0,0,0,0,0,1,0,0,0
3001,0,0,0,1,1,0,8,8,103,4.8539950105603005,3.7791601006884475e-06,0,2,0,0,1,0,0,0,0,0,8,0,0,0,0,0,0,0,0,1,0,7,0,0,0,0,0,0,0,1,0,0,0
3003,0,1,0,0,0,0,6,3,147,59.67929676402607,1.0,1,6,0,0,0,0,0,0,1,0,6,0,0,0,0,0,0,1,0,0,0,7,0,0,0,0,0,0,0,1,0,0,0
3004,0,0,0,0,0,3,10,28,136,58.483293738251284,1.0,1,6,0,0,0,0,0,0,1,0,6,0,0,0,0,0,0,1,0,0,0,7,0,0,0,0,0,0,0,1,0,0,0
3005,1,0,0,0,0,0,0,9,55,8.682549251367838,0.0001737966604192045,0,4,0,0,0,0,1,0,0,0,9,0,0,0,0,0,0,0,0,0,1,7,0,0,0,0,0,0,0,1,0,0,0
3006,0,0,0,0,0,0,0,0,42,1.7829770283720558,1.752551110915793e-07,0,6,0,0,0,0,0,0,1,0,6,0,0,0,0,0,0,1,0,0,0,7,0,0,0,0,0,0,0,1,0,0,0
3009,0,0,0,0,0,0,0,5,61,14.472478115816493,0.05378262409182877,0,6,0,0,0,0,0,0,1,0,6,0,0,0,0,0,0,1,0,0,0,7,0,0,0,0,0,0,0,1,0,0,0
3010,1,0,1,0,0,0,0,10,70,9.344306049426,0.0003367967908173338,0,4,0,0,0,0,1,0,0,0,9,0,0,0,0,0,0,0,0,0,1,7,0,0,0,0,0,0,0,1,0,0,1
3011,0,1,1,0,0,0,0,21,123,8.504427842040785,0.00014544426359744224,0,4,0,0,0,0,1,0,0,0,9,0,0,0,0,0,0,0,0,0,1,5,0,0,0,0,0,1,0,0,0,0,0
3012,1,0,0,0,0,0,0,5,79,17.09528959116678,0.4391258730829392,0,7,0,0,0,0,0,0,0,1,0,1,0,0,0,0,0,0,0,0,0,7,0,0,0,0,0,0,0,1,0,0,0
3013,0,1,1,0,0,0,0,15,96,25.7619549834351,0.9997800642156216,1,6,0,0,0,0,0,0,1,0,6,0,0,0,0,0,0,1,0,0,0,7,0,0,0,0,0,0,0,1,0,0,0
3014,0,1,1,0,1,0,0,13,143,56.31345228563708,1.0,1,6,0,0,0,0,0,0,1,0,6,0,0,0,0,0,0,1,0,0,0,7,0,0,0,0,0,0,0,1,0,0,0
3015,0,0,0,0,0,0,0,1,24,3.3382028342028525,8.300349772053074e-07,0,6,0,0,0,0,0,0,1,0,6,0,0,0,0,0,0,1,0,0,0,7,0,0,0,0,0,0,0,1,0,0,0
3016,0,1,1,1,0,0,0,13,100,28.042174014896307,0.9999775045279364,1,6,0,0,0,0,0,0,1,0,6,0,0,0,0,0,0,1,0,0,0,7,0,0,0,0,0,0,0,1,0,0,0
3018,0,0,0,0,0,0,0,2,125,55.42687995930468,1.0,1,6,0,0,0,0,0,0,1,0,6,0,0,0,0,0,0,1,0,0,0,7,0,0,0,0,0,0,0,1,0,0,0
3019,0,1,1,0,0,0,0,9,104,11.878205936689126,0.004227979725766328,0,6,0,0,0,0,0,0,1,0,6,0,0,0,0,0,0,1,0,0,0,7,0,0,0,0,0,0,0,1,0,0,0
3021,0,0,0,0,0,0,4,1,109,16.419959374408485,0.28494961662703266,0,6,0,0,0,0,0,0,1,0,6,0,0,0,0,0,0,1,0,0,0,7,0,0,0,0,0,0,0,1,0,0,0
3022,1,1,1,0,0,0,0,10,132,89.74491776553837,1.0,1,5,0,0,0,0,0,1,0,0,1,0,1,0,0,0,0,0,0,0,0,7,0,0,0,0,0,0,0,1,0,0,0
3023,1,0,0,1,0,0,0,6,84,38.9989752885854,0.9999999996076924,1,4,0,0,0,0,1,0,0,0,9,0,0,0,0,0,0,0,0,0,1,7,0,0,0,0,0,0,0,1,0,0,0
3025,0,1,1,1,0,0,0,11,77,1.5475047619047622,1.3848616935176986e-07,0,6,0,0,0,0,0,0,1,0,6,0,0,0,0,0,0,1,0,0,0,7,0,0,0,0,0,0,0,1,0,0,0
3026,1,1,0,1,0,0,0,3,60,3.6155911995835375,1.0953792629603184e-06,0,4,0,0,0,0,1,0,0,0,9,0,0,0,0,0,0,0,0,0,1,7,0,0,0,0,0,0,0,1,0,0,1
3027,0,0,0,0,0,0,0,0,31,4.31919743439892,2.2137895566484983e-06,0,6,0,0,0,0,0,0,1,0,6,0,0,0,0,0,0,1,0,0,0,7,0,0,0,0,0,0,0,1,0,0,0
3029,0,0,1,0,0,0,0,18,106,41.905921788605454,0.9999999999785634,1,6,0,0,0,0,0,0,1,0,6,0,0,0,0,0,0,1,0,0,0,7,0,0,0,0,0,0,0,1,0,0,0
3030,0,1,1,1,0,0,0,10,77,1.5475047619047622,1.3848616935176986e-07,0,6,0,0,0,0,0,0,1,0,6,0,0,0,0,0,0,1,0,0,0,7,0,0,0,0,0,0,0,1,0,0,0
3034,0,0,0,0,0,0,0,2,58,5.798178968500907,9.71508479778439e-06,0,6,0,0,0,0,0,0,1,0,6,0,0,0,0,0,0,1,0,0,0,7,0,0,0,0,0,0,0,1,0,0,0
3036,0,0,0,1,0,0,0,45,149,204.8005910751217,1.0,1,6,0,0,0,0,0,0,1,0,6,0,0,0,0,0,0,1,0,0,0,7,0,0,0,0,0,0,0,1,0,0,0
3037,1,1,1,0,1,1,0,22,134,84.7106806751582,1.0,1,1,0,1,0,0,0,0,0,0,7,0,0,0,0,0,0,0,1,0,0,6,0,0,0,0,0,0,1,0,0,0,0
3038,1,0,1,0,1,0,0,12,147,60.17992837348935,1.0,1,2,0,0,1,0,0,0,0,0,6,0,0,0,0,0,0,1,0,0,0,7,0,0,0,0,0,0,0,1,0,0,1
3039,0,0,0,0,0,0,8,1,52,3.1165233793739304,6.65001004591828e-07,0,4,0,0,0,0,1,0,0,0,9,0,0,0,0,0,0,0,0,0,1,7,0,0,0,0,0,0,0,1,0,0,0
3042,0,1,1,1,0,0,0,26,135,15.998565558613432,0.20727426416864586,0,4,0,0,0,0,1,0,0,0,9,0,0,0,0,0,0,0,0,0,1,4,0,0,0,0,1,0,0,0,0,0,1
3043,0,0,0,0,0,0,0,5,131,56.244790740684856,1.0,1,4,0,0,0,0,1,0,0,0,9,0,0,0,0,0,0,0,0,0,1,7,0,0,0,0,0,0,0,1,0,0,0
3044,0,0,0,0,1,3,0,9,105,38.1688993876595,0.9999999991002456,1,6,0,0,0,0,0,0,1,0,6,0,0,0,0,0,0,1,0,0,0,7,0,0,0,0,0,0,0,1,0,0,1
3045,0,0,0,0,0,0,0,35,70,53.51682107320118,0.9999999999999998,1,1,0,1,0,0,0,0,0,0,7,0,0,0,0,0,0,0,1,0,0,6,0,0,0,0,0,0,1,0,0,0,0
3047,0,1,1,0,1,0,0,13,135,24.033156609243125,0.9987621697200816,1,4,0,0,0,0,1,0,0,0,9,0,0,0,0,0,0,0,0,0,1,5,0,0,0,0,0,1,0,0,0,0,0
3048,0,1,0,0,0,0,0,11,84,20.82063075042425,0.9701316024157272,1,6,0,0,0,0,0,0,1,0,6,0,0,0,0,0,0,1,0,0,0,7,0,0,0,0,0,0,0,1,0,0,0
3049,0,0,0,0,0,0,11,1,72,7.709802291363437,6.570973824609722e-05,0,6,0,0,0,0,0,0,1,0,6,0,0,0,0,0,0,1,0,0,0,7,0,0,0,0,0,0,0,1,0,0,0
3051,0,0,0,0,0,0,0,1,46,8.43387517520828,0.00013553774822902014,0,4,0,0,0,0,1,0,0,0,9,0,0,0,0,0,0,0,0,0,1,1,0,1,0,0,0,0,0,0,0,0,0
3052,1,1,1,0,1,0,0,13,125,14.734401098482179,0.06877895266585697,0,2,0,0,1,0,0,0,0,0,6,0,0,0,0,0,0,1,0,0,0,7,0,0,0,0,0,0,0,1,0,0,1
3053,1,1,0,0,1,0,0,1,142,121.00928793556022,1.0,1,6,0,0,0,0,0,0,1,0,6,0,0,0,0,0,0,1,0,0,0,7,0,0,0,0,0,0,0,1,0,0,1
3054,0,1,0,0,0,0,0,6,152,87.01442091381905,1.0,1,6,0,0,0,0,0,0,1,0,6,0,0,0,0,0,0,1,0,0,0,7,0,0,0,0,0,0,0,1,0,0,0
3055,1,1,0,0,0,0,0,4,126,58.32488887867135,1.0,1,4,0,0,0,0,1,0,0,0,9,0,0,0,0,0,0,0,0,0,1,7,0,0,0,0,0,0,0,1,0,0,1
3056,1,1,0,1,1,1,1,56,159,96.1983354075078,1.0,1,4,0,0,0,0,1,0,0,0,9,0,0,0,0,0,0,0,0,0,1,7,0,0,0,0,0,0,0,1,0,0,1
3057,1,1,1,0,1,0,0,12,92,2.15514976089058,2.542747419238615e-07,0,2,0,0,1,0,0,0,0,0,6,0,0,0,0,0,0,1,0,0,0,7,0,0,0,0,0,0,0,1,0,0,1
3058,1,1,1,0,1,1,0,25,147,146.10518772377742,1.0,1,6,0,0,0,0,0,0,1,0,6,0,0,0,0,0,0,1,0,0,0,7,0,0,0,0,0,0,0,1,0,0,1
3059,0,1,0,0,1,0,0,10,174,35.9823146277972,0.9999999919879136,1,6,0,0,0,0,0,0,1,0,6,0,0,0,0,0,0,1,0,0,0,7,0,0,0,0,0,0,0,1,0,0,1
3060,1,1,1,0,0,0,0,3,162,98.51815620165392,1.0,1,4,0,0,0,0,1,0,0,0,9,0,0,0,0,0,0,0,0,0,1,7,0,0,0,0,0,0,0,1,0,0,1
3061,1,1,1,1,1,0,0,15,151,23.446812454602775,0.9977773111388768,1,6,0,0,0,0,0,0,1,0,6,0,0,0,0,0,0,1,0,0,0,7,0,0,0,0,0,0,0,1,0,0,1
3062,1,1,0,0,1,0,0,4,150,121.00928793556022,1.0,1,6,0,0,0,0,0,0,1,0,6,0,0,0,0,0,0,1,0,0,0,7,0,0,0,0,0,0,0,1,0,0,1
3064,0,1,1,0,1,0,0,4,141,69.38119754328922,1.0,1,6,0,0,0,0,0,0,1,0,6,0,0,0,0,0,0,1,0,0,0,7,0,0,0,0,0,0,0,1,0,0,1
3066,1,1,1,1,0,0,0,10,143,28.073905592352272,0.9999782071230172,1,6,0,0,0,0,0,0,1,0,6,0,0,0,0,0,0,1,0,0,0,7,0,0,0,0,0,0,0,1,0,0,1
3068,0,1,1,1,1,0,0,14,158,21.11780015116529,0.9776385199262472,1,4,0,0,0,0,1,0,0,0,9,0,0,0,0,0,0,0,0,0,1,7,0,0,0,0,0,0,0,1,0,0,1
3070,0,1,1,0,0,1,4,7,82,10.703585877936037,0.0013100041353676546,0,6,0,0,0,0,0,0,1,0,6,0,0,0,0,0,0,1,0,0,0,7,0,0,0,0,0,0,0,1,0,0,1
3071,0,0,0,1,0,0,0,11,145,32.98908929240646,0.9999998401595094,1,6,0,0,0,0,0,0,1,0,6,0,0,0,0,0,0,1,0,0,0,7,0,0,0,0,0,0,0,1,0,0,0
3072,1,1,1,0,1,0,1,7,107,24.03685300336887,0.9987667311502094,1,0,1,0,0,0,0,0,0,0,5,0,0,0,0,0,1,0,0,0,0,7,0,0,0,0,0,0,0,1,0,0,1
3073,1,1,1,0,0,1,0,7,61,4.813998934795832,3.6309919004441382e-06,0,6,0,0,0,0,0,0,1,0,6,0,0,0,0,0,0,1,0,0,0,7,0,0,0,0,0,0,0,1,0,0,0
3074,1,0,0,1,0,0,0,2,146,126.46445864900817,1.0,1,6,0,0,0,0,0,0,1,0,6,0,0,0,0,0,0,1,0,0,0,7,0,0,0,0,0,0,0,1,0,0,1
3075,1,1,1,0,0,0,0,9,150,66.28533924018059,1.0,1,6,0,0,0,0,0,0,1,0,6,0,0,0,0,0,0,1,0,0,0,7,0,0,0,0,0,0,0,1,0,0,1
3077,1,0,1,0,1,0,0,9,115,14.378156071970688,0.04917971033147168,0,4,0,0,0,0,1,0,0,0,9,0,0,0,0,0,0,0,0,0,1,7,0,0,0,0,0,0,0,1,0,0,1
3079,0,1,1,0,0,1,0,7,61,4.813998934795832,3.6309919004441382e-06,0,6,0,0,0,0,0,0,1,0,6,0,0,0,0,0,0,1,0,0,0,7,0,0,0,0,0,0,0,1,0,0,0
3080,0,1,1,0,0,0,0,9,155,42.111795945227655,0.999999999982552,1,2,0,0,1,0,0,0,0,0,8,0,0,0,0,0,0,0,0,1,0,7,0,0,0,0,0,0,0,1,0,0,0
3082,1,1,1,0,0,0,0,13,123,49.977525931890575,0.9999999999999932,1,6,0,0,0,0,0,0,1,0,6,0,0,0,0,0,0,1,0,0,0,7,0,0,0,0,0,0,0,1,0,0,1
3083,0,0,0,0,0,0,0,9,174,64.64277008181368,1.0,1,0,1,0,0,0,0,0,0,0,5,0,0,0,0,0,1,0,0,0,0,7,0,0,0,0,0,0,0,1,0,0,0
3084,1,0,1,0,0,0,0,12,61,8.84344342255658,0.00020412852728309794,0,6,0,0,0,0,0,0,1,0,6,0,0,0,0,0,0,1,0,0,0,7,0,0,0,0,0,0,0,1,0,0,1
3085,0,0,0,1,0,0,0,6,152,79.87493293880189,1.0,1,6,0,0,0,0,0,0,1,0,6,0,0,0,0,0,0,1,0,0,0,7,0,0,0,0,0,0,0,1,0,0,1
3086,1,1,1,0,1,0,0,11,156,61.19518642386799,1.0,1,2,0,0,1,0,0,0,0,0,8,0,0,0,0,0,0,0,0,1,0,7,0,0,0,0,0,0,0,1,0,0,1
3089,1,1,1,1,0,0,1,9,156,148.9566312166531,1.0,1,6,0,0,0,0,0,0,1,0,6,0,0,0,0,0,0,1,0,0,0,7,0,0,0,0,0,0,0,1,0,0,1
3090,0,0,0,0,1,0,2,1,113,28.386476880081712,0.9999840570339048,1,4,0,0,0,0,1,0,0,0,2,0,0,1,0,0,0,0,0,0,0,3,0,0,0,1,0,0,0,0,0,0,1
3091,1,1,0,1,0,0,0,7,145,43.603176711902904,0.9999999999960733,1,4,0,0,0,0,1,0,0,0,9,0,0,0,0,0,0,0,0,0,1,7,0,0,0,0,0,0,0,1,0,0,1
3092,1,1,1,1,0,0,0,12,156,98.23739867311136,1.0,1,1,0,1,0,0,0,0,0,0,6,0,0,0,0,0,0,1,0,0,0,7,0,0,0,0,0,0,0,1,0,0,1
3093,1,1,1,0,1,0,0,12,156,61.19518642386799,1.0,1,2,0,0,1,0,0,0,0,0,8,0,0,0,0,0,0,0,0,1,0,7,0,0,0,0,0,0,0,1,0,0,1
3095,1,1,1,0,0,0,0,8,97,19.441467703235787,0.8910457499641993,1,4,0,0,0,0,1,0,0,0,9,0,0,0,0,0,0,0,0,0,1,9,0,0,0,0,0,0,0,0,0,1,1
3097,1,1,0,0,0,0,0,3,112,71.05276074351612,1.0,1,6,0,0,0,0,0,0,1,0,6,0,0,0,0,0,0,1,0,0,0,7,0,0,0,0,0,0,0,1,0,0,0
3099,0,1,1,0,0,1,0,10,158,55.911627651585995,1.0,1,4,0,0,0,0,1,0,0,0,9,0,0,0,0,0,0,0,0,0,1,7,0,0,0,0,0,0,0,1,0,0,0
3100,1,1,1,0,1,0,0,15,144,38.125569195197976,0.9999999990604024,1,6,0,0,0,0,0,0,1,0,6,0,0,0,0,0,0,1,0,0,0,7,0,0,0,0,0,0,0,1,0,0,1
3101,1,1,1,0,0,0,0,9,183,78.77289045430273,1.0,1,6,0,0,0,0,0,0,1,0,6,0,0,0,0,0,0,1,0,0,0,7,0,0,0,0,0,0,0,1,0,0,1
3102,1,0,0,1,1,0,0,20,166,171.40620693418904,1.0,1,6,0,0,0,0,0,0,1,0,6,0,0,0,0,0,0,1,0,0,0,7,0,0,0,0,0,0,0,1,0,0,1
3104,1,1,1,0,1,0,0,10,169,94.56328079497408,1.0,1,2,0,0,1,0,0,0,0,0,3,0,0,0,1,0,0,0,0,0,0,7,0,0,0,0,0,0,0,1,0,0,1
3105,1,1,1,0,0,0,0,16,130,51.733803234674,0.9999999999999988,1,6,0,0,0,0,0,0,1,0,6,0,0,0,0,0,0,1,0,0,0,7,0,0,0,0,0,0,0,1,0,0,1
3106,1,1,1,0,1,0,10,13,130,54.83882526625171,1.0,1,6,0,0,0,0,0,0,1,0,6,0,0,0,0,0,0,1,0,0,0,7,0,0,0,0,0,0,0,1,0,0,1
3107,1,1,1,0,0,0,0,20,131,80.4118263778951,1.0,1,6,0,0,0,0,0,0,1,0,6,0,0,0,0,0,0,1,0,0,0,7,0,0,0,0,0,0,0,1,0,0,1
3108,1,1,0,0,0,0,2,3,42,8.62284846969225,0.00016372616195813286,0,6,0,0,0,0,0,0,1,0,6,0,0,0,0,0,0,1,0,0,0,7,0,0,0,0,0,0,0,1,0,0,1
3109,1,1,1,0,1,0,10,11,130,54.83882526625171,1.0,1,6,0,0,0,0,0,0,1,0,6,0,0,0,0,0,0,1,0,0,0,7,0,0,0,0,0,0,0,1,0,0,1
3111,1,1,1,0,0,0,0,9,118,59.537633911689866,1.0,1,0,1,0,0,0,0,0,0,0,5,0,0,0,0,0,1,0,0,0,0,7,0,0,0,0,0,0,0,1,0,0,1
3112,1,1,1,0,1,0,12,13,132,54.83882526625171,1.0,1,6,0,0,0,0,0,0,1,0,6,0,0,0,0,0,0,1,0,0,0,7,0,0,0,0,0,0,0,1,0,0,1
3114,1,0,1,0,0,0,0,17,127,47.17209031175563,0.9999999999998894,1,6,0,0,0,0,0,0,1,0,6,0,0,0,0,0,0,1,0,0,0,7,0,0,0,0,0,0,0,1,0,0,1
3115,1,1,1,0,0,0,0,17,110,40.08468059780114,0.9999999998675322,1,6,0,0,0,0,0,0,1,0,6,0,0,0,0,0,0,1,0,0,0,7,0,0,0,0,0,0,0,1,0,0,1
3116,1,1,1,0,0,0,0,19,110,40.08468059780114,0.9999999998675322,1,6,0,0,0,0,0,0,1,0,6,0,0,0,0,0,0,1,0,0,0,7,0,0,0,0,0,0,0,1,0,0,1
3117,1,1,0,0,1,0,0,8,156,121.4893758221011,1.0,1,6,0,0,0,0,0,0,1,0,6,0,0,0,0,0,0,1,0,0,0,7,0,0,0,0,0,0,0,1,0,0,1
3118,1,1,1,0,1,0,12,11,132,54.83882526625171,1.0,1,6,0,0,0,0,0,0,1,0,6,0,0,0,0,0,0,1,0,0,0,7,0,0,0,0,0,0,0,1,0,0,1
3119,1,1,1,0,0,0,0,15,127,58.96143250547473,1.0,1,7,0,0,0,0,0,0,0,1,6,0,0,0,0,0,0,1,0,0,0,7,0,0,0,0,0,0,0,1,0,0,1
3120,1,1,1,0,1,0,0,24,153,61.83564684603518,1.0,1,4,0,0,0,0,1,0,0,0,9,0,0,0,0,0,0,0,0,0,1,9,0,0,0,0,0,0,0,0,0,1,1
3122,1,1,0,0,1,0,2,2,87,10.643635725291837,0.0012338709870569132,0,6,0,0,0,0,0,0,1,0,6,0,0,0,0,0,0,1,0,0,0,7,0,0,0,0,0,0,0,1,0,0,1
3123,1,1,1,0,1,0,0,13,153,70.1214477351774,1.0,1,4,0,0,0,0,1,0,0,0,9,0,0,0,0,0,0,0,0,0,1,7,0,0,0,0,0,0,0,1,0,0,1
3124,1,1,1,0,0,0,0,13,130,28.269191619375054,0.9999820731244976,1,4,0,0,0,0,1,0,0,0,2,0,0,1,0,0,0,0,0,0,0,7,0,0,0,0,0,0,0,1,0,0,1
3125,1,1,1,1,1,0,0,23,132,58.806118456030724,1.0,1,4,0,0,0,0,1,0,0,0,9,0,0,0,0,0,0,0,0,0,1,5,0,0,0,0,0,1,0,0,0,0,1
3126,1,1,1,0,1,0,11,12,131,54.83882526625171,1.0,1,6,0,0,0,0,0,0,1,0,6,0,0,0,0,0,0,1,0,0,0,7,0,0,0,0,0,0,0,1,0,0,1
3130,1,1,1,0,0,0,0,11,92,32.90726807693744,0.9999998265312294,1,6,0,0,0,0,0,0,1,0,6,0,0,0,0,0,0,1,0,0,0,7,0,0,0,0,0,0,0,1,0,0,1
3131,1,1,1,0,0,0,0,9,94,31.998804406007103,0.9999995697093114,1,6,0,0,0,0,0,0,1,0,6,0,0,0,0,0,0,1,0,0,0,7,0,0,0,0,0,0,0,1,0,0,1
3132,1,1,0,0,0,0,0,12,95,47.4186063824536,0.9999999999999134,1,1,0,1,0,0,0,0,0,0,6,0,0,0,0,0,0,1,0,0,0,7,0,0,0,0,0,0,0,1,0,0,1
3133,1,1,1,0,0,0,0,19,129,79.94452663854989,1.0,1,1,0,1,0,0,0,0,0,0,4,0,0,0,0,1,0,0,0,0,0,7,0,0,0,0,0,0,0,1,0,0,1
3134,1,1,1,0,0,0,0,11,93,35.08308286898398,0.9999999803085812,1,1,0,1,0,0,0,0,0,0,6,0,0,0,0,0,0,1,0,0,0,7,0,0,0,0,0,0,0,1,0,0,1
3136,1,1,1,0,1,0,0,12,106,28.61873008465327,0.999987361245664,1,2,0,0,1,0,0,0,0,0,6,0,0,0,0,0,0,1,0,0,0,7,0,0,0,0,0,0,0,1,0,0,1
3137,1,1,1,0,0,0,0,12,118,59.537633911689866,1.0,1,0,1,0,0,0,0,0,0,0,5,0,0,0,0,0,1,0,0,0,0,7,0,0,0,0,0,0,0,1,0,0,1
3138,1,1,1,0,1,0,0,22,148,36.61573121097571,0.9999999957473826,1,1,0,1,0,0,0,0,0,0,6,0,0,0,0,0,0,1,0,0,0,7,0,0,0,0,0,0,0,1,0,0,1
3139,1,1,1,0,0,0,0,14,113,52.33507596034186,0.9999999999999992,1,6,0,0,0,0,0,0,1,0,6,0,0,0,0,0,0,1,0,0,0,7,0,0,0,0,0,0,0,1,0,0,1
3140,1,1,1,0,0,0,0,16,153,64.84412489721348,1.0,1,4,0,0,0,0,1,0,0,0,9,0,0,0,0,0,0,0,0,0,1,7,0,0,0,0,0,0,0,1,0,0,1
3141,1,1,0,0,0,0,0,17,154,198.71162436744626,1.0,1,6,0,0,0,0,0,0,1,0,6,0,0,0,0,0,0,1,0,0,0,7,0,0,0,0,0,0,0,1,0,0,1
3142,1,1,1,1,0,0,0,20,127,34.75071189366913,0.999999972544846,1,1,0,1,0,0,0,0,0,0,6,0,0,0,0,0,0,1,0,0,0,7,0,0,0,0,0,0,0,1,0,0,1
3144,1,1,1,1,1,0,0,10,122,43.96039021230548,0.9999999999972526,1,6,0,0,0,0,0,0,1,0,6,0,0,0,0,0,0,1,0,0,0,7,0,0,0,0,0,0,0,1,0,0,1
3145,1,1,1,0,0,0,0,8,74,20.744782734674413,0.9678536736693768,1,1,0,1,0,0,0,0,0,0,6,0,0,0,0,0,0,1,0,0,0,7,0,0,0,0,0,0,0,1,0,0,1
3147,1,1,1,0,1,0,0,19,144,77.00521197265394,1.0,1,6,0,0,0,0,0,0,1,0,6,0,0,0,0,0,0,1,0,0,0,7,0,0,0,0,0,0,0,1,0,0,1
3150,1,1,1,0,0,0,0,21,155,111.87590180880879,1.0,1,2,0,0,1,0,0,0,0,0,8,0,0,0,0,0,0,0,0,1,0,7,0,0,0,0,0,0,0,1,0,0,1
3152,1,1,1,0,0,0,0,11,116,36.00474625366032,0.9999999921656371,1,1,0,1,0,0,0,0,0,0,6,0,0,0,0,0,0,1,0,0,0,7,0,0,0,0,0,0,0,1,0,0,1
3153,0,0,0,1,0,0,0,6,106,8.709947589167541,0.00017862336943936326,0,2,0,0,1,0,0,0,0,0,8,0,0,0,0,0,0,0,0,1,0,7,0,0,0,0,0,0,0,1,0,0,0
3154,0,0,0,1,0,0,0,0,97,25.867418911725483,0.9998020739055712,1,6,0,0,0,0,0,0,1,0,6,0,0,0,0,0,0,1,0,0,0,7,0,0,0,0,0,0,0,1,0,0,0
3155,0,0,0,1,0,0,1,8,110,31.733979655764585,0.9999994392441418,1,6,0,0,0,0,0,0,1,0,6,0,0,0,0,0,0,1,0,0,0,7,0,0,0,0,0,0,0,1,0,0,0
3157,0,0,0,1,0,3,0,10,162,64.314674575579,1.0,1,6,0,0,0,0,0,0,1,0,6,0,0,0,0,0,0,1,0,0,0,7,0,0,0,0,0,0,0,1,0,0,0
3158,0,0,0,0,0,0,0,11,54,6.309400269405557,1.6198110977751555e-05,0,6,0,0,0,0,0,0,1,0,6,0,0,0,0,0,0,1,0,0,0,7,0,0,0,0,0,0,0,1,0,0,0
3159,0,0,0,0,1,0,0,8,161,39.06912904826942,0.9999999996342712,1,2,0,0,1,0,0,0,0,0,3,0,0,0,1,0,0,0,0,0,0,3,0,0,0,1,0,0,0,0,0,0,0
3161,1,1,1,1,1,0,0,19,146,54.99922685255073,1.0,1,4,0,0,0,0,1,0,0,0,9,0,0,0,0,0,0,0,0,0,1,4,0,0,0,0,1,0,0,0,0,0,1
3162,1,1,1,0,0,0,0,6,70,20.008965014577253,0.9351703117934512,1,6,0,0,0,0,0,0,1,0,6,0,0,0,0,0,0,1,0,0,0,7,0,0,0,0,0,0,0,1,0,0,1
3163,0,0,0,0,1,0,0,6,115,12.050715004482749,0.005020038496232023,0,6,0,0,0,0,0,0,1,0,6,0,0,0,0,0,0,1,0,0,0,7,0,0,0,0,0,0,0,1,0,0,0
3165,0,1,1,1,0,0,0,10,102,15.053012979855176,0.09220643995809187,0,5,0,0,0,0,0,1,0,0,1,0,1,0,0,0,0,0,0,0,0,7,0,0,0,0,0,0,0,1,0,0,0
3166,0,1,1,0,0,0,0,6,152,49.30801165082764,0.9999999999999868,1,5,0,0,0,0,0,1,0,0,1,0,1,0,0,0,0,0,0,0,0,7,0,0,0,0,0,0,0,1,0,0,0
3167,0,0,0,0,1,0,0,6,145,19.86687038509494,0.9260041965505851,1,5,0,0,0,0,0,1,0,0,1,0,1,0,0,0,0,0,0,0,0,7,0,0,0,0,0,0,0,1,0,0,0
3168,0,1,1,0,0,0,0,20,89,0.8141265548845169,6.651266131933224e-08,0,6,0,0,0,0,0,0,1,0,6,0,0,0,0,0,0,1,0,0,0,7,0,0,0,0,0,0,0,1,0,0,0
3170,0,1,1,0,1,0,0,15,136,14.822828814411473,0.07466314888985902,0,4,0,0,0,0,1,0,0,0,2,0,0,1,0,0,0,0,0,0,0,7,0,0,0,0,0,0,0,1,0,0,0
3171,0,0,0,0,0,1,1,5,147,51.26600549959565,0.9999999999999982,1,4,0,0,0,0,1,0,0,0,2,0,0,1,0,0,0,0,0,0,0,3,0,0,0,1,0,0,0,0,0,0,0
3172,0,0,0,1,0,0,0,1,123,47.64982509968921,0.9999999999999314,1,6,0,0,0,0,0,0,1,0,6,0,0,0,0,0,0,1,0,0,0,7,0,0,0,0,0,0,0,1,0,0,0
3173,0,1,0,0,0,0,1,4,157,48.64760799328536,0.9999999999999748,1,2,0,0,1,0,0,0,0,0,3,0,0,0,1,0,0,0,0,0,0,7,0,0,0,0,0,0,0,1,0,0,0
3174,0,1,1,0,1,0,0,9,136,17.171856437356393,0.4580628675975723,0,6,0,0,0,0,0,0,1,0,6,0,0,0,0,0,0,1,0,0,0,7,0,0,0,0,0,0,0,1,0,0,0
3175,0,0,0,1,0,0,0,13,65,13.667224267617115,0.024776386914996226,0,6,0,0,0,0,0,0,1,0,6,0,0,0,0,0,0,1,0,0,0,7,0,0,0,0,0,0,0,1,0,0,0
3176,0,1,1,0,0,0,0,9,105,6.2863221074255415,1.5828574775236658e-05,0,6,0,0,0,0,0,0,1,0,6,0,0,0,0,0,0,1,0,0,0,7,0,0,0,0,0,0,0,1,0,0,0
3177,1,0,1,0,0,0,0,11,168,81.03033792427352,1.0,1,3,0,0,0,1,0,0,0,0,6,0,0,0,0,0,0,1,0,0,0,7,0,0,0,0,0,0,0,1,0,0,1
3179,0,0,0,1,0,1,0,10,135,15.634431314886534,0.1537393614455461,0,2,0,0,1,0,0,0,0,0,8,0,0,0,0,0,0,0,0,1,0,7,0,0,0,0,0,0,0,1,0,0,1
3180,1,0,0,0,1,0,0,5,150,159.98994715778218,1.0,1,4,0,0,0,0,1,0,0,0,2,0,0,1,0,0,0,0,0,0,0,3,0,0,0,1,0,0,0,0,0,0,0
3181,0,0,0,1,1,0,0,2,148,37.215785024469454,0.9999999976662396,1,6,0,0,0,0,0,0,1,0,6,0,0,0,0,0,0,1,0,0,0,7,0,0,0,0,0,0,0,1,0,0,0
3182,0,1,1,0,0,0,0,17,100,7.332873867064568,4.507552194454829e-05,0,6,0,0,0,0,0,0,1,0,6,0,0,0,0,0,0,1,0,0,0,7,0,0,0,0,0,0,0,1,0,0,0
3183,0,0,0,0,1,1,0,5,88,12.300564517360385,0.006435717153973082,0,6,0,0,0,0,0,0,1,0,6,0,0,0,0,0,0,1,0,0,0,7,0,0,0,0,0,0,0,1,0,0,0
3184,0,1,1,0,0,0,0,27,163,19.694442610529247,0.9132867026982966,1,6,0,0,0,0,0,0,1,0,6,0,0,0,0,0,0,1,0,0,0,7,0,0,0,0,0,0,0,1,0,0,0
3185,0,0,1,1,1,0,0,12,127,25.759799312559625,0.9997795896996888,1,6,0,0,0,0,0,0,1,0,6,0,0,0,0,0,0,1,0,0,0,7,0,0,0,0,0,0,0,1,0,0,0
3186,0,0,0,1,0,0,0,5,83,12.573060816081984,0.00843462867932185,0,6,0,0,0,0,0,0,1,0,6,0,0,0,0,0,0,1,0,0,0,7,0,0,0,0,0,0,0,1,0,0,0
3188,0,0,0,0,0,0,0,1,47,4.612253271601361,2.9676217128402437e-06,0,6,0,0,0,0,0,0,1,0,6,0,0,0,0,0,0,1,0,0,0,7,0,0,0,0,0,0,0,1,0,0,0
3189,0,0,0,1,0,1,0,4,148,32.467381122109984,0.9999997306842602,1,6,0,0,0,0,0,0,1,0,6,0,0,0,0,0,0,1,0,0,0,7,0,0,0,0,0,0,0,1,0,0,0
3190,0,0,1,0,0,0,0,24,159,19.005959595077126,0.8410363865540281,1,4,0,0,0,0,1,0,0,0,9,0,0,0,0,0,0,0,0,0,1,7,0,0,0,0,0,0,0,1,0,0,0
3191,0,1,1,0,1,0,0,15,147,4.823288273648584,3.6648784390570207e-06,0,6,0,0,0,0,0,0,1,0,6,0,0,0,0,0,0,1,0,0,0,7,0,0,0,0,0,0,0,1,0,0,0
3192,0,1,1,0,0,0,0,4,151,36.985211151908935,0.9999999970610433,1,6,0,0,0,0,0,0,1,0,6,0,0,0,0,0,0,1,0,0,0,7,0,0,0,0,0,0,0,1,0,0,0
3193,0,1,1,0,0,0,0,13,159,25.231863992790093,0.9996263674369356,1,4,0,0,0,0,1,0,0,0,9,0,0,0,0,0,0,0,0,0,1,7,0,0,0,0,0,0,0,1,0,0,0
3195,0,0,0,0,0,0,0,7,155,62.66009071388383,1.0,1,4,0,0,0,0,1,0,0,0,9,0,0,0,0,0,0,0,0,0,1,5,0,0,0,0,0,1,0,0,0,0,0
3196,1,1,1,0,0,0,0,10,169,74.68787804584129,1.0,1,4,0,0,0,0,1,0,0,0,9,0,0,0,0,0,0,0,0,0,1,7,0,0,0,0,0,0,0,1,0,0,0
3197,0,1,1,0,1,0,1,9,124,9.126641775754656,0.0002709356561081358,0,4,0,0,0,0,1,0,0,0,9,0,0,0,0,0,0,0,0,0,1,7,0,0,0,0,0,0,0,1,0,0,0
3198,0,1,1,0,1,0,0,12,149,14.126872459323527,0.03867468784604329,0,6,0,0,0,0,0,0,1,0,6,0,0,0,0,0,0,1,0,0,0,7,0,0,0,0,0,0,0,1,0,0,0
3199,1,0,0,0,0,0,0,10,151,88.23241152451935,1.0,1,2,0,0,1,0,0,0,0,0,8,0,0,0,0,0,0,0,0,1,0,7,0,0,0,0,0,0,0,1,0,0,0
3200,0,1,0,0,0,0,0,6,161,50.808804710413554,0.9999999999999972,1,6,0,0,0,0,0,0,1,0,6,0,0,0,0,0,0,1,0,0,0,7,0,0,0,0,0,0,0,1,0,0,0
3201,0,1,1,0,1,0,0,12,155,18.999355407874077,0.8401514552550383,1,2,0,0,1,0,0,0,0,0,6,0,0,0,0,0,0,1,0,0,0,7,0,0,0,0,0,0,0,1,0,0,0
3205,0,0,0,0,0,1,1,6,115,21.155635915346426,0.9784508865258172,1,4,0,0,0,0,1,0,0,0,9,0,0,0,0,0,0,0,0,0,1,7,0,0,0,0,0,0,0,1,0,0,0
3210,0,0,0,1,0,0,1,8,121,24.174196126969104,0.9989248250434232,1,2,0,0,1,0,0,0,0,0,3,0,0,0,1,0,0,0,0,0,0,7,0,0,0,0,0,0,0,1,0,0,0
3211,0,0,0,0,0,0,0,1,141,70.70522780578048,1.0,1,6,0,0,0,0,0,0,1,0,6,0,0,0,0,0,0,1,0,0,0,7,0,0,0,0,0,0,0,1,0,0,0
3212,1,1,1,0,1,0,0,16,120,16.439599399741876,0.28896818085620585,0,1,0,1,0,0,0,0,0,0,6,0,0,0,0,0,0,1,0,0,0,7,0,0,0,0,0,0,0,1,0,0,1
3216,0,0,0,0,0,0,0,2,141,78.69397918497381,1.0,1,6,0,0,0,0,0,0,1,0,6,0,0,0,0,0,0,1,0,0,0,7,0,0,0,0,0,0,0,1,0,0,0
3217,0,0,0,0,0,0,0,3,155,61.48443581514625,1.0,1,6,0,0,0,0,0,0,1,0,6,0,0,0,0,0,0,1,0,0,0,7,0,0,0,0,0,0,0,1,0,0,0
3218,0,0,0,0,0,0,0,2,141,52.03113808721219,0.9999999999999992,1,6,0,0,0,0,0,0,1,0,6,0,0,0,0,0,0,1,0,0,0,7,0,0,0,0,0,0,0,1,0,0,0
3219,0,0,0,0,0,0,0,2,141,79.34252422851682,1.0,1,6,0,0,0,0,0,0,1,0,6,0,0,0,0,0,0,1,0,0,0,7,0,0,0,0,0,0,0,1,0,0,0
3221,1,1,1,0,0,0,1,14,116,8.82088532064364,0.00019957623276367444,0,4,0,0,0,0,1,0,0,0,2,0,0,1,0,0,0,0,0,0,0,3,0,0,0,1,0,0,0,0,0,0,0
3222,0,0,0,0,0,0,0,2,141,61.72925700285343,1.0,1,6,0,0,0,0,0,0,1,0,6,0,0,0,0,0,0,1,0,0,0,7,0,0,0,0,0,0,0,1,0,0,0
3225,0,1,0,1,0,1,0,12,162,61.51535553928694,1.0,1,4,0,0,0,0,1,0,0,0,9,0,0,0,0,0,0,0,0,0,1,7,0,0,0,0,0,0,0,1,0,0,0
3227,0,1,1,0,0,0,1,9,120,9.199609197427325,0.0002914382868997313,0,2,0,0,1,0,0,0,0,0,8,0,0,0,0,0,0,0,0,1,0,7,0,0,0,0,0,0,0,1,0,0,0
3229,0,0,1,1,0,0,0,3,127,19.122967906402682,0.8560629554788569,1,2,0,0,1,0,0,0,0,0,8,0,0,0,0,0,0,0,0,1,0,7,0,0,0,0,0,0,0,1,0,0,0
3231,1,0,0,0,0,0,0,2,82,40.8262522884715,0.9999999999368968,1,6,0,0,0,0,0,0,1,0,6,0,0,0,0,0,0,1,0,0,0,7,0,0,0,0,0,0,0,1,0,0,1
3235,0,0,0,0,0,0,0,2,141,72.94534424892515,1.0,1,6,0,0,0,0,0,0,1,0,6,0,0,0,0,0,0,1,0,0,0,7,0,0,0,0,0,0,0,1,0,0,0
3236,1,1,1,0,0,0,5,14,162,55.700681647749974,1.0,1,0,1,0,0,0,0,0,0,0,6,0,0,0,0,0,0,1,0,0,0,7,0,0,0,0,0,0,0,1,0,0,1
3237,0,0,0,0,0,0,0,2,141,73.31234506052111,1.0,1,6,0,0,0,0,0,0,1,0,6,0,0,0,0,0,0,1,0,0,0,7,0,0,0,0,0,0,0,1,0,0,0
3239,0,0,0,0,0,0,0,2,141,70.13197683443562,1.0,1,6,0,0,0,0,0,0,1,0,6,0,0,0,0,0,0,1,0,0,0,7,0,0,0,0,0,0,0,1,0,0,0
3240,1,0,0,0,0,0,0,2,141,116.35083483999531,1.0,1,6,0,0,0,0,0,0,1,0,6,0,0,0,0,0,0,1,0,0,0,7,0,0,0,0,0,0,0,1,0,0,0
3241,0,1,1,1,0,0,0,12,145,37.05040366742335,0.9999999972465294,1,6,0,0,0,0,0,0,1,0,6,0,0,0,0,0,0,1,0,0,0,7,0,0,0,0,0,0,0,1,0,0,0
3242,0,1,1,0,0,0,1,15,117,7.990074213284856,8.696430987437256e-05,0,5,0,0,0,0,0,1,0,0,1,0,1,0,0,0,0,0,0,0,0,7,0,0,0,0,0,0,0,1,0,0,0
3243,0,0,0,0,0,0,0,2,141,73.39614829894417,1.0,1,6,0,0,0,0,0,0,1,0,6,0,0,0,0,0,0,1,0,0,0,7,0,0,0,0,0,0,0,1,0,0,0
3244,0,0,0,0,0,0,0,2,141,67.30843167349893,1.0,1,6,0,0,0,0,0,0,1,0,6,0,0,0,0,0,0,1,0,0,0,7,0,0,0,0,0,0,0,1,0,0,0
3245,0,1,0,1,0,0,0,6,124,40.10141818756997,0.9999999998697308,1,4,0,0,0,0,1,0,0,0,9,0,0,0,0,0,0,0,0,0,1,4,0,0,0,0,1,0,0,0,0,0,0
3248,1,0,0,0,0,0,0,5,76,22.401997120075947,0.9937069539124671,1,1,0,1,0,0,0,0,0,0,6,0,0,0,0,0,0,1,0,0,0,7,0,0,0,0,0,0,0,1,0,0,1
3249,0,0,0,0,0,0,0,3,154,84.2743187063828,1.0,1,7,0,0,0,0,0,0,0,1,0,1,0,0,0,0,0,0,0,0,0,7,0,0,0,0,0,0,0,1,0,0,0
3252,1,1,1,0,0,2,0,9,138,79.38297283698456,1.0,1,6,0,0,0,0,0,0,1,0,6,0,0,0,0,0,0,1,0,0,0,7,0,0,0,0,0,0,0,1,0,0,1
3253,1,1,1,0,0,0,0,11,161,78.51236767911918,1.0,1,4,0,0,0,0,1,0,0,0,9,0,0,0,0,0,0,0,0,0,1,9,0,0,0,0,0,0,0,0,0,1,0
3255,0,0,1,0,0,0,0,19,133,21.29578327248424,0.9812159280688508,1,0,1,0,0,0,0,0,0,0,5,0,0,0,0,0,1,0,0,0,0,7,0,0,0,0,0,0,0,1,0,0,1
3256,0,1,1,0,0,0,0,15,158,27.766749678368196,0.9999703716625152,1,6,0,0,0,0,0,0,1,0,6,0,0,0,0,0,0,1,0,0,0,7,0,0,0,0,0,0,0,1,0,0,0
3259,0,0,0,0,0,0,0,9,169,19.540478717403353,0.9002924916244461,1,2,0,0,1,0,0,0,0,0,3,0,0,0,1,0,0,0,0,0,0,7,0,0,0,0,0,0,0,1,0,0,0
3260,0,1,1,1,0,0,2,13,128,7.673068497718146,6.333991592570324e-05,0,1,0,1,0,0,0,0,0,0,7,0,0,0,0,0,0,0,1,0,0,6,0,0,0,0,0,0,1,0,0,0,0
3262,0,1,1,0,1,0,0,10,146,27.498109184586557,0.9999612410144668,1,6,0,0,0,0,0,0,1,0,6,0,0,0,0,0,0,1,0,0,0,7,0,0,0,0,0,0,0,1,0,0,0
3263,0,0,0,1,0,0,0,4,145,38.3384676195156,0.9999999992405809,1,6,0,0,0,0,0,0,1,0,6,0,0,0,0,0,0,1,0,0,0,7,0,0,0,0,0,0,0,1,0,0,0
3264,0,0,0,0,0,1,0,3,56,4.9386346744290535,4.11295241362277e-06,0,6,0,0,0,0,0,0,1,0,6,0,0,0,0,0,0,1,0,0,0,7,0,0,0,0,0,0,0,1,0,0,0
3265,0,0,0,0,0,0,0,2,89,0.5068119051607718,4.8914686714276174e-08,0,6,0,0,0,0,0,0,1,0,6,0,0,0,0,0,0,1,0,0,0,7,0,0,0,0,0,0,0,1,0,0,0
3266,0,1,1,0,0,0,0,10,128,21.69717268475256,0.9873475681383024,1,6,0,0,0,0,0,0,1,0,6,0,0,0,0,0,0,1,0,0,0,7,0,0,0,0,0,0,0,1,0,0,1
3270,1,0,1,0,0,0,0,12,137,24.690979750048147,0.999358448763439,1,0,1,0,0,0,0,0,0,0,5,0,0,0,0,0,1,0,0,0,0,7,0,0,0,0,0,0,0,1,0,0,1
3274,0,0,0,1,0,0,0,15,105,15.851083232903347,0.18408437041909445,0,6,0,0,0,0,0,0,1,0,6,0,0,0,0,0,0,1,0,0,0,7,0,0,0,0,0,0,0,1,0,0,0
3275,0,0,0,0,0,1,0,5,143,38.851199470205565,0.9999999995452163,1,0,1,0,0,0,0,0,0,0,6,0,0,0,0,0,0,1,0,0,0,7,0,0,0,0,0,0,0,1,0,0,0
3276,0,0,0,0,0,0,0,49,86,88.21156401066672,1.0,1,6,0,0,0,0,0,0,1,0,6,0,0,0,0,0,0,1,0,0,0,7,0,0,0,0,0,0,0,1,0,0,0
3277,0,0,0,0,1,0,2,5,79,4.6048967096311015,2.945870389693101e-06,0,4,0,0,0,0,1,0,0,0,9,0,0,0,0,0,0,0,0,0,1,7,0,0,0,0,0,0,0,1,0,0,0
3278,0,0,0,0,0,1,1,9,46,2.1692837359891985,2.5789417208139323e-07,0,6,0,0,0,0,0,0,1,0,6,0,0,0,0,0,0,1,0,0,0,7,0,0,0,0,0,0,0,1,0,0,0
3280,1,1,1,0,1,0,0,21,159,15.741023208775768,0.16812467099165213,0,6,0,0,0,0,0,0,1,0,6,0,0,0,0,0,0,1,0,0,0,7,0,0,0,0,0,0,0,1,0,0,1
3281,0,1,0,1,0,0,0,10,134,34.856774861748335,0.9999999753077125,1,6,0,0,0,0,0,0,1,0,6,0,0,0,0,0,0,1,0,0,0,7,0,0,0,0,0,0,0,1,0,0,0
3282,0,1,1,0,0,1,0,16,170,20.04379135983765,0.9372499930738659,1,0,1,0,0,0,0,0,0,0,5,0,0,0,0,0,1,0,0,0,0,7,0,0,0,0,0,0,0,1,0,0,0
3283,0,1,1,0,0,0,2,9,158,22.756703235458346,0.9955778760468428,1,6,0,0,0,0,0,0,1,0,6,0,0,0,0,0,0,1,0,0,0,7,0,0,0,0,0,0,0,1,0,0,0
3284,0,0,0,0,0,0,0,9,69,9.470388232890283,0.00038203670147779744,0,4,0,0,0,0,1,0,0,0,2,0,0,1,0,0,0,0,0,0,0,3,0,0,0,1,0,0,0,0,0,0,0
3285,0,1,1,0,1,0,0,16,106,2.7149364996769605,4.4505678980648774e-07,0,6,0,0,0,0,0,0,1,0,6,0,0,0,0,0,0,1,0,0,0,7,0,0,0,0,0,0,0,1,0,0,0
3286,1,1,1,0,1,2,0,10,159,31.068872463152232,0.9999989094992392,1,4,0,0,0,0,1,0,0,0,2,0,0,1,0,0,0,0,0,0,0,3,0,0,0,1,0,0,0,0,0,0,0
3287,0,1,1,0,0,1,0,6,72,4.6917165172843935,3.213060347291565e-06,0,4,0,0,0,0,1,0,0,0,2,0,0,1,0,0,0,0,0,0,0,3,0,0,0,1,0,0,0,0,0,0,0
3288,0,1,1,0,0,0,0,9,101,11.885630811495915,0.0042593545683206014,0,4,0,0,0,0,1,0,0,0,9,0,0,0,0,0,0,0,0,0,1,7,0,0,0,0,0,0,0,1,0,0,0
3289,0,1,1,0,0,0,0,13,161,38.57247189326884,0.9999999993990274,1,0,1,0,0,0,0,0,0,0,5,0,0,0,0,0,1,0,0,0,0,7,0,0,0,0,0,0,0,1,0,0,1
3292,0,1,1,0,1,0,0,10,142,19.561258573800004,0.9021423607614936,1,6,0,0,0,0,0,0,1,0,6,0,0,0,0,0,0,1,0,0,0,7,0,0,0,0,0,0,0,1,0,0,0
3295,0,0,0,1,1,0,2,11,148,40.83403709914929,0.9999999999373864,1,1,0,1,0,0,0,0,0,0,4,0,0,0,0,1,0,0,0,0,0,7,0,0,0,0,0,0,0,1,0,0,1
3296,0,0,0,0,0,0,0,0,177,56.98379372206272,1.0,1,2,0,0,1,0,0,0,0,0,8,0,0,0,0,0,0,0,0,1,0,7,0,0,0,0,0,0,0,1,0,0,0
3297,0,0,0,0,0,0,0,6,154,72.72536377370697,1.0,1,6,0,0,0,0,0,0,1,0,6,0,0,0,0,0,0,1,0,0,0,7,0,0,0,0,0,0,0,1,0,0,0
3299,1,0,0,0,0,0,0,7,132,104.89315509098556,1.0,1,6,0,0,0,0,0,0,1,0,6,0,0,0,0,0,0,1,0,0,0,7,0,0,0,0,0,0,0,1,0,0,0
3300,0,1,1,1,0,0,0,17,129,36.084957640709256,0.9999999927695,1,2,0,0,1,0,0,0,0,0,6,0,0,0,0,0,0,1,0,0,0,7,0,0,0,0,0,0,0,1,0,0,0
3301,0,1,0,0,0,0,0,8,165,25.64562788778649,0.9997529389236888,1,6,0,0,0,0,0,0,1,0,6,0,0,0,0,0,0,1,0,0,0,7,0,0,0,0,0,0,0,1,0,0,0
3302,0,0,0,0,1,0,0,3,113,13.978154931606053,0.03350941644932398,0,6,0,0,0,0,0,0,1,0,6,0,0,0,0,0,0,1,0,0,0,7,0,0,0,0,0,0,0,1,0,0,0
3303,0,0,1,0,1,1,0,8,114,6.495223980857682,1.9505861941310925e-05,0,2,0,0,1,0,0,0,0,0,8,0,0,0,0,0,0,0,0,1,0,7,0,0,0,0,0,0,0,1,0,0,0
3304,0,0,0,0,0,0,6,3,47,3.3166861782769304,8.123661830513976e-07,0,6,0,0,0,0,0,0,1,0,6,0,0,0,0,0,0,1,0,0,0,7,0,0,0,0,0,0,0,1,0,0,0
3308,0,1,0,0,0,0,0,5,96,19.280180785837377,0.8743720033580787,1,4,0,0,0,0,1,0,0,0,9,0,0,0,0,0,0,0,0,0,1,7,0,0,0,0,0,0,0,1,0,0,0
3309,0,1,1,1,1,0,0,16,166,19.714119252300037,0.9148323573826008,1,2,0,0,1,0,0,0,0,0,8,0,0,0,0,0,0,0,0,1,0,7,0,0,0,0,0,0,0,1,0,0,0
3311,0,1,0,1,0,0,0,3,97,11.189403430686053,0.002127672736088896,0,4,0,0,0,0,1,0,0,0,2,0,0,1,0,0,0,0,0,0,0,7,0,0,0,0,0,0,0,1,0,0,0
3312,0,0,0,1,0,0,0,13,164,37.72075161655425,0.9999999985915156,1,2,0,0,1,0,0,0,0,0,6,0,0,0,0,0,0,1,0,0,0,7,0,0,0,0,0,0,0,1,0,0,0
3317,0,0,0,1,0,0,0,11,62,7.170415216004781,3.8316762225933314e-05,0,6,0,0,0,0,0,0,1,0,6,0,0,0,0,0,0,1,0,0,0,7,0,0,0,0,0,0,0,1,0,0,0
3318,1,0,0,0,1,0,6,11,139,76.56932207928351,1.0,1,6,0,0,0,0,0,0,1,0,6,0,0,0,0,0,0,1,0,0,0,7,0,0,0,0,0,0,0,1,0,0,0
3319,1,1,0,1,1,0,0,12,123,80.2492963330036,1.0,1,6,0,0,0,0,0,0,1,0,6,0,0,0,0,0,0,1,0,0,0,7,0,0,0,0,0,0,0,1,0,0,0
3320,0,0,0,0,0,0,2,6,71,10.12890983489551,0.0007378070300527764,0,6,0,0,0,0,0,0,1,0,6,0,0,0,0,0,0,1,0,0,0,7,0,0,0,0,0,0,0,1,0,0,0
3322,0,1,1,0,0,0,11,9,161,34.259908220076454,0.9999999551484756,1,6,0,0,0,0,0,0,1,0,6,0,0,0,0,0,0,1,0,0,0,7,0,0,0,0,0,0,0,1,0,0,0
3323,0,0,0,0,0,0,0,4,98,13.931102837332904,0.03201856050231621,0,4,0,0,0,0,1,0,0,0,9,0,0,0,0,0,0,0,0,0,1,7,0,0,0,0,0,0,0,1,0,0,0
3324,0,0,0,0,0,0,0,3,101,10.242897778392221,0.0008268151730565949,0,6,0,0,0,0,0,0,1,0,6,0,0,0,0,0,0,1,0,0,0,7,0,0,0,0,0,0,0,1,0,0,0
3328,0,0,0,0,0,0,2,2,41,2.5277107064906525,3.690662526388504e-07,0,6,0,0,0,0,0,0,1,0,6,0,0,0,0,0,0,1,0,0,0,7,0,0,0,0,0,0,0,1,0,0,0
3329,0,1,1,0,0,0,0,6,159,37.942241660436395,0.9999999988713476,1,5,0,0,0,0,0,1,0,0,1,0,1,0,0,0,0,0,0,0,0,7,0,0,0,0,0,0,0,1,0,0,0
3334,1,1,1,1,0,0,0,16,158,57.59735294603469,1.0,1,4,0,0,0,0,1,0,0,0,9,0,0,0,0,0,0,0,0,0,1,1,0,1,0,0,0,0,0,0,0,0,1
3335,0,0,0,0,0,0,0,2,81,14.920342842901881,0.08168596957564668,0,6,0,0,0,0,0,0,1,0,6,0,0,0,0,0,0,1,0,0,0,7,0,0,0,0,0,0,0,1,0,0,0
3336,0,1,1,0,0,0,0,15,166,26.06180117792495,0.9998370332161508,1,3,0,0,0,1,0,0,0,0,6,0,0,0,0,0,0,1,0,0,0,7,0,0,0,0,0,0,0,1,0,0,0
3337,1,1,1,0,1,0,0,21,146,36.994930480391,0.9999999970894696,1,6,0,0,0,0,0,0,1,0,6,0,0,0,0,0,0,1,0,0,0,7,0,0,0,0,0,0,0,1,0,0,1
3338,0,1,0,1,0,0,0,2,98,7.801557753243297,7.202377586394359e-05,0,6,0,0,0,0,0,0,1,0,6,0,0,0,0,0,0,1,0,0,0,7,0,0,0,0,0,0,0,1,0,0,0
3339,0,1,1,0,0,0,4,4,154,34.259908220076454,0.9999999551484756,1,6,0,0,0,0,0,0,1,0,6,0,0,0,0,0,0,1,0,0,0,7,0,0,0,0,0,0,0,1,0,0,0
3340,1,1,0,1,0,0,0,3,141,80.92953902233704,1.0,1,2,0,0,1,0,0,0,0,0,8,0,0,0,0,0,0,0,0,1,0,7,0,0,0,0,0,0,0,1,0,0,0
3341,0,1,1,0,0,0,0,6,102,7.11835899317241,3.6373234100250604e-05,0,4,0,0,0,0,1,0,0,0,9,0,0,0,0,0,0,0,0,0,1,7,0,0,0,0,0,0,0,1,0,0,0
3342,0,0,1,0,0,0,0,13,79,3.922835600515119,1.4893572769155e-06,0,2,0,0,1,0,0,0,0,0,6,0,0,0,0,0,0,1,0,0,0,7,0,0,0,0,0,0,0,1,0,0,0
3345,0,1,1,0,0,0,0,4,83,7.381924658270058,4.734152766278708e-05,0,3,0,0,0,1,0,0,0,0,6,0,0,0,0,0,0,1,0,0,0,7,0,0,0,0,0,0,0,1,0,0,0
3346,0,1,0,1,0,1,0,18,129,12.394591347637936,0.0070657263453546846,0,6,0,0,0,0,0,0,1,0,6,0,0,0,0,0,0,1,0,0,0,7,0,0,0,0,0,0,0,1,0,0,0
3347,1,1,1,0,0,0,0,5,86,11.559979915377367,0.0030791429678621784,0,6,0,0,0,0,0,0,1,0,6,0,0,0,0,0,0,1,0,0,0,7,0,0,0,0,0,0,0,1,0,0,1
3351,1,1,1,0,0,0,0,16,148,44.89214929621322,0.999999999998918,1,4,0,0,0,0,1,0,0,0,9,0,0,0,0,0,0,0,0,0,1,7,0,0,0,0,0,0,0,1,0,0,1
3355,1,1,1,0,1,0,0,13,93,21.234989269607784,0.9800620174543024,1,6,0,0,0,0,0,0,1,0,6,0,0,0,0,0,0,1,0,0,0,7,0,0,0,0,0,0,0,1,0,0,1
3356,0,1,0,1,0,0,0,2,85,13.274481975233224,0.016864800240538998,0,6,0,0,0,0,0,0,1,0,6,0,0,0,0,0,0,1,0,0,0,7,0,0,0,0,0,0,0,1,0,0,0
3357,0,1,1,0,0,0,0,13,166,13.303394961560752,0.017350945544789224,0,2,0,0,1,0,0,0,0,0,6,0,0,0,0,0,0,1,0,0,0,7,0,0,0,0,0,0,0,1,0,0,0
3359,0,1,0,0,0,0,0,2,70,8.767482176854816,0.0001891997844098189,0,6,0,0,0,0,0,0,1,0,6,0,0,0,0,0,0,1,0,0,0,7,0,0,0,0,0,0,0,1,0,0,0
3361,0,1,1,0,1,1,0,14,125,2.091598136743034,2.3861794945738485e-07,0,4,0,0,0,0,1,0,0,0,2,0,0,1,0,0,0,0,0,0,0,7,0,0,0,0,0,0,0,1,0,0,0
3362,0,0,0,0,1,0,0,2,141,19.148834408296928,0.8592209429518919,1,6,0,0,0,0,0,0,1,0,6,0,0,0,0,0,0,1,0,0,0,7,0,0,0,0,0,0,0,1,0,0,0
3363,0,0,0,0,0,0,0,9,70,10.422118380785566,0.00098894577661526,0,6,0,0,0,0,0,0,1,0,6,0,0,0,0,0,0,1,0,0,0,7,0,0,0,0,0,0,0,1,0,0,0
3364,0,1,1,0,0,0,0,18,142,10.263545668457077,0.0008440500720743179,0,4,0,0,0,0,1,0,0,0,9,0,0,0,0,0,0,0,0,0,1,7,0,0,0,0,0,0,0,1,0,0,0
3365,0,1,0,0,0,0,0,0,151,29.633136208371425,0.9999954169268502,1,6,0,0,0,0,0,0,1,0,6,0,0,0,0,0,0,1,0,0,0,7,0,0,0,0,0,0,0,1,0,0,0
3367,1,1,1,1,0,0,0,15,142,81.38998760846971,1.0,1,4,0,0,0,0,1,0,0,0,9,0,0,0,0,0,0,0,0,0,1,1,0,1,0,0,0,0,0,0,0,0,1
3368,1,0,0,0,1,0,0,2,120,39.92064758920599,0.9999999998439192,1,6,0,0,0,0,0,0,1,0,6,0,0,0,0,0,0,1,0,0,0,7,0,0,0,0,0,0,0,1,0,0,1
3369,1,1,1,0,1,0,0,3,87,2.1385144973634733,2.5007980432670183e-07,0,6,0,0,0,0,0,0,1,0,6,0,0,0,0,0,0,1,0,0,0,7,0,0,0,0,0,0,0,1,0,0,0
3370,1,0,1,0,0,0,0,16,132,55.278253819819135,1.0,1,6,0,0,0,0,0,0,1,0,6,0,0,0,0,0,0,1,0,0,0,7,0,0,0,0,0,0,0,1,0,0,1
3372,0,1,1,0,1,0,6,6,82,0.3711098859154333,4.270754831567211e-08,0,6,0,0,0,0,0,0,1,0,6,0,0,0,0,0,0,1,0,0,0,7,0,0,0,0,0,0,0,1,0,0,0
3373,0,1,1,1,0,0,0,12,149,40.71299414812537,0.9999999999293296,1,6,0,0,0,0,0,0,1,0,6,0,0,0,0,0,0,1,0,0,0,7,0,0,0,0,0,0,0,1,0,0,1
3376,1,1,1,0,0,0,0,15,112,40.823489132978665,0.9999999999367224,1,7,0,0,0,0,0,0,0,1,0,1,0,0,0,0,0,0,0,0,0,7,0,0,0,0,0,0,0,1,0,0,0
3377,0,0,0,1,0,0,2,0,55,2.743791837606583,4.580861269145499e-07,0,6,0,0,0,0,0,0,1,0,6,0,0,0,0,0,0,1,0,0,0,7,0,0,0,0,0,0,0,1,0,0,0
3379,1,1,1,0,1,0,0,7,117,11.309129363407777,0.0023976380941830365,0,6,0,0,0,0,0,0,1,0,6,0,0,0,0,0,0,1,0,0,0,7,0,0,0,0,0,0,0,1,0,0,1
3380,0,0,0,1,0,0,0,1,47,3.807072692419152,1.3265504467413592e-06,0,6,0,0,0,0,0,0,1,0,6,0,0,0,0,0,0,1,0,0,0,7,0,0,0,0,0,0,0,1,0,0,0
3381,0,1,0,0,0,0,0,9,155,78.21936190736088,1.0,1,6,0,0,0,0,0,0,1,0,6,0,0,0,0,0,0,1,0,0,0,7,0,0,0,0,0,0,0,1,0,0,0
3383,0,0,0,0,0,0,0,1,103,25.31427916889382,0.9996559155073554,1,6,0,0,0,0,0,0,1,0,6,0,0,0,0,0,0,1,0,0,0,7,0,0,0,0,0,0,0,1,0,0,0
3387,0,1,1,1,0,0,0,12,149,40.71299414812537,0.9999999999293296,1,6,0,0,0,0,0,0,1,0,6,0,0,0,0,0,0,1,0,0,0,7,0,0,0,0,0,0,0,1,0,0,1
3388,0,0,1,1,0,0,0,23,164,89.82321703336873,1.0,1,4,0,0,0,0,1,0,0,0,9,0,0,0,0,0,0,0,0,0,1,5,0,0,0,0,0,1,0,0,0,0,0
3389,0,1,1,1,0,0,0,12,161,14.960716126760659,0.0847661069096715,0,6,0,0,0,0,0,0,1,0,6,0,0,0,0,0,0,1,0,0,0,7,0,0,0,0,0,0,0,1,0,0,0
3390,0,1,1,0,0,0,0,15,98,4.25410471675659,2.0742781226197726e-06,0,6,0,0,0,0,0,0,1,0,6,0,0,0,0,0,0,1,0,0,0,7,0,0,0,0,0,0,0,1,0,0,0
3391,1,1,1,0,0,0,0,19,126,16.378705993735906,0.27661918808013825,0,0,1,0,0,0,0,0,0,0,5,0,0,0,0,0,1,0,0,0,0,7,0,0,0,0,0,0,0,1,0,0,1
3393,0,0,0,0,0,0,0,1,130,33.412076932190736,0.9999998952906098,1,6,0,0,0,0,0,0,1,0,6,0,0,0,0,0,0,1,0,0,0,7,0,0,0,0,0,0,0,1,0,0,0
3394,0,0,0,1,0,0,0,7,85,5.660129767774963,8.462391892872035e-06,0,6,0,0,0,0,0,0,1,0,6,0,0,0,0,0,0,1,0,0,0,7,0,0,0,0,0,0,0,1,0,0,0
3395,0,1,1,0,0,0,0,14,157,17.531415562698122,0.5477083105047156,1,4,0,0,0,0,1,0,0,0,9,0,0,0,0,0,0,0,0,0,1,9,0,0,0,0,0,0,0,0,0,1,1
3396,0,1,1,0,0,0,0,18,122,17.197411271478668,0.464413092184425,0,4,0,0,0,0,1,0,0,0,9,0,0,0,0,0,0,0,0,0,1,7,0,0,0,0,0,0,0,1,0,0,1
3397,1,1,1,0,0,0,0,18,131,27.197830636408767,0.9999476669769772,1,4,0,0,0,0,1,0,0,0,9,0,0,0,0,0,0,0,0,0,1,0,1,0,0,0,0,0,0,0,0,0,1
3398,0,1,1,0,0,0,0,8,150,38.465292063872404,0.9999999993310368,1,6,0,0,0,0,0,0,1,0,6,0,0,0,0,0,0,1,0,0,0,7,0,0,0,0,0,0,0,1,0,0,1
3400,0,1,1,0,0,0,0,13,123,20.561144007231352,0.9616222562655864,1,1,0,1,0,0,0,0,0,0,6,0,0,0,0,0,0,1,0,0,0,7,0,0,0,0,0,0,0,1,0,0,1
3401,0,1,1,0,0,0,0,9,97,7.6583391425526655,6.241385492064575e-05,0,6,0,0,0,0,0,0,1,0,6,0,0,0,0,0,0,1,0,0,0,7,0,0,0,0,0,0,0,1,0,0,0
3402,0,1,1,0,0,0,0,10,159,15.551693123366865,0.1432804308200307,0,6,0,0,0,0,0,0,1,0,6,0,0,0,0,0,0,1,0,0,0,7,0,0,0,0,0,0,0,1,0,0,0
3403,0,1,1,1,0,1,0,9,178,138.7800655709481,1.0,1,6,0,0,0,0,0,0,1,0,6,0,0,0,0,0,0,1,0,0,0,7,0,0,0,0,0,0,0,1,0,0,0
3404,1,1,1,0,0,0,0,13,108,21.88804793231216,0.9895230756996836,1,4,0,0,0,0,1,0,0,0,9,0,0,0,0,0,0,0,0,0,1,9,0,0,0,0,0,0,0,0,0,1,1
3405,0,1,1,0,1,1,0,13,164,36.839708857337754,0.9999999966007428,1,4,0,0,0,0,1,0,0,0,9,0,0,0,0,0,0,0,0,0,1,9,0,0,0,0,0,0,0,0,0,1,0
3406,0,1,1,1,0,1,0,11,179,138.7800655709481,1.0,1,6,0,0,0,0,0,0,1,0,6,0,0,0,0,0,0,1,0,0,0,7,0,0,0,0,0,0,0,1,0,0,0
3408,0,1,0,1,0,0,0,5,148,38.60817756807683,0.999999999420107,1,6,0,0,0,0,0,0,1,0,6,0,0,0,0,0,0,1,0,0,0,7,0,0,0,0,0,0,0,1,0,0,0
3410,0,0,0,1,1,0,0,9,127,48.24387760328194,0.999999999999962,1,4,0,0,0,0,1,0,0,0,9,0,0,0,0,0,0,0,0,0,1,4,0,0,0,0,1,0,0,0,0,0,0
3411,0,0,0,1,1,0,0,6,154,32.751848431668805,0.999999797362797,1,6,0,0,0,0,0,0,1,0,6,0,0,0,0,0,0,1,0,0,0,7,0,0,0,0,0,0,0,1,0,0,0
3412,1,1,1,0,0,0,0,12,103,38.918854582758115,0.9999999995749672,1,6,0,0,0,0,0,0,1,0,6,0,0,0,0,0,0,1,0,0,0,7,0,0,0,0,0,0,0,1,0,0,1
3413,1,1,1,0,1,0,0,16,161,39.777482013724544,0.9999999998198952,1,2,0,0,1,0,0,0,0,0,6,0,0,0,0,0,0,1,0,0,0,7,0,0,0,0,0,0,0,1,0,0,1
3414,1,1,1,1,0,1,0,11,180,173.71945951034198,1.0,1,6,0,0,0,0,0,0,1,0,6,0,0,0,0,0,0,1,0,0,0,7,0,0,0,0,0,0,0,1,0,0,0
3415,1,1,1,0,1,0,0,14,140,57.60100804486277,1.0,1,0,1,0,0,0,0,0,0,0,6,0,0,0,0,0,0,1,0,0,0,7,0,0,0,0,0,0,0,1,0,0,1
3417,1,1,1,0,0,0,0,11,113,52.032248280020134,0.9999999999999992,1,6,0,0,0,0,0,0,1,0,6,0,0,0,0,0,0,1,0,0,0,7,0,0,0,0,0,0,0,1,0,0,1
3418,0,0,0,0,1,0,0,8,150,52.78377735856886,0.9999999999999996,1,1,0,1,0,0,0,0,0,0,7,0,0,0,0,0,0,0,1,0,0,6,0,0,0,0,0,0,1,0,0,0,0
3419,1,0,0,1,1,0,0,10,100,24.455920579403898,0.9991885861374769,1,6,0,0,0,0,0,0,1,0,6,0,0,0,0,0,0,1,0,0,0,7,0,0,0,0,0,0,0,1,0,0,1
3421,0,1,1,1,0,1,0,12,180,138.7800655709481,1.0,1,6,0,0,0,0,0,0,1,0,6,0,0,0,0,0,0,1,0,0,0,7,0,0,0,0,0,0,0,1,0,0,0
3423,1,1,1,0,0,0,0,9,74,13.830405951391814,0.029040480312652123,0,6,0,0,0,0,0,0,1,0,6,0,0,0,0,0,0,1,0,0,0,7,0,0,0,0,0,0,0,1,0,0,1
3425,0,1,1,1,0,1,0,11,178,138.7800655709481,1.0,1,6,0,0,0,0,0,0,1,0,6,0,0,0,0,0,0,1,0,0,0,7,0,0,0,0,0,0,0,1,0,0,0
3428,0,0,1,0,1,1,0,10,146,26.31081199439889,0.9998729511692488,1,4,0,0,0,0,1,0,0,0,2,0,0,1,0,0,0,0,0,0,0,3,0,0,0,1,0,0,0,0,0,0,0
3429,1,0,0,0,0,0,1,5,69,6.463939588947749,1.890509082550208e-05,0,4,0,0,0,0,1,0,0,0,9,0,0,0,0,0,0,0,0,0,1,9,0,0,0,0,0,0,0,0,0,1,1
3430,0,0,1,0,1,0,0,22,147,15.328685449671646,0.11802007578423435,0,6,0,0,0,0,0,0,1,0,6,0,0,0,0,0,0,1,0,0,0,7,0,0,0,0,0,0,0,1,0,0,0
3431,1,1,1,0,0,0,0,13,103,38.918854582758115,0.9999999995749672,1,6,0,0,0,0,0,0,1,0,6,0,0,0,0,0,0,1,0,0,0,7,0,0,0,0,0,0,0,1,0,0,1
3432,1,1,1,0,0,0,0,12,128,105.58857896121869,1.0,1,0,1,0,0,0,0,0,0,0,6,0,0,0,0,0,0,1,0,0,0,7,0,0,0,0,0,0,0,1,0,0,1
3433,0,1,1,0,0,0,0,6,91,9.728180273230436,0.0004943265753138816,0,6,0,0,0,0,0,0,1,0,6,0,0,0,0,0,0,1,0,0,0,7,0,0,0,0,0,0,0,1,0,0,1
3435,0,1,1,0,0,0,0,20,106,10.216508849758572,0.0008052991184992332,0,2,0,0,1,0,0,0,0,0,3,0,0,0,1,0,0,0,0,0,0,3,0,0,0,1,0,0,0,0,0,0,0
3436,1,1,1,0,0,0,0,12,106,22.795111355428507,0.9957437919614688,1,6,0,0,0,0,0,0,1,0,6,0,0,0,0,0,0,1,0,0,0,7,0,0,0,0,0,0,0,1,0,0,1
3437,1,1,1,0,1,0,0,12,140,57.60100804486277,1.0,1,0,1,0,0,0,0,0,0,0,6,0,0,0,0,0,0,1,0,0,0,7,0,0,0,0,0,0,0,1,0,0,1
3439,1,1,1,0,0,0,0,5,80,13.391892892451255,0.018926076951030244,0,6,0,0,0,0,0,0,1,0,6,0,0,0,0,0,0,1,0,0,0,7,0,0,0,0,0,0,0,1,0,0,1
3440,0,0,0,0,0,0,0,7,169,34.604120007912194,0.99999996821019,1,1,0,1,0,0,0,0,0,0,4,0,0,0,0,1,0,0,0,0,0,7,0,0,0,0,0,0,0,1,0,0,0
3445,0,1,1,1,0,1,0,12,178,138.7800655709481,1.0,1,6,0,0,0,0,0,0,1,0,6,0,0,0,0,0,0,1,0,0,0,7,0,0,0,0,0,0,0,1,0,0,0
3446,1,1,1,0,0,0,1,10,99,22.207937872174092,0.9923694676538418,1,6,0,0,0,0,0,0,1,0,6,0,0,0,0,0,0,1,0,0,0,7,0,0,0,0,0,0,0,1,0,0,1
3447,0,0,0,0,1,0,0,3,152,31.368955002621806,0.9999991922036162,1,6,0,0,0,0,0,0,1,0,6,0,0,0,0,0,0,1,0,0,0,7,0,0,0,0,0,0,0,1,0,0,0
3448,0,1,1,1,1,0,0,23,137,10.011398444236296,0.0006560603138649292,0,4,0,0,0,0,1,0,0,0,9,0,0,0,0,0,0,0,0,0,1,4,0,0,0,0,1,0,0,0,0,0,0
3450,0,0,0,1,0,0,0,35,139,110.8790387789802,1.0,1,4,0,0,0,0,1,0,0,0,9,0,0,0,0,0,0,0,0,0,1,7,0,0,0,0,0,0,0,1,0,0,0
3451,1,1,1,0,0,0,0,12,113,31.339500252668785,0.9999991680563148,1,4,0,0,0,0,1,0,0,0,9,0,0,0,0,0,0,0,0,0,1,9,0,0,0,0,0,0,0,0,0,1,1
3452,1,1,1,0,1,0,0,11,125,31.92476463557621,0.9999995366416456,1,2,0,0,1,0,0,0,0,0,8,0,0,0,0,0,0,0,0,1,0,7,0,0,0,0,0,0,0,1,0,0,1
3455,1,0,0,1,0,0,0,5,130,119.07931746350599,1.0,1,7,0,0,0,0,0,0,0,1,0,1,0,0,0,0,0,0,0,0,0,7,0,0,0,0,0,0,0,1,0,0,1
3459,1,1,1,1,1,0,0,10,163,50.88523942610252,0.9999999999999972,1,4,0,0,0,0,1,0,0,0,9,0,0,0,0,0,0,0,0,0,1,9,0,0,0,0,0,0,0,0,0,1,1
3460,0,1,1,1,1,1,0,11,156,18.314410371138862,0.7259977049485756,1,1,0,1,0,0,0,0,0,0,4,0,0,0,0,1,0,0,0,0,0,7,0,0,0,0,0,0,0,1,0,0,1
3462,1,0,0,0,1,1,0,11,153,95.06626663820988,1.0,1,4,0,0,0,0,1,0,0,0,9,0,0,0,0,0,0,0,0,0,1,9,0,0,0,0,0,0,0,0,0,1,1
3463,1,0,0,1,0,1,0,100,142,681.9327223359255,1.0,1,6,0,0,0,0,0,0,1,0,6,0,0,0,0,0,0,1,0,0,0,7,0,0,0,0,0,0,0,1,0,0,1
3464,0,0,0,0,0,0,1,6,115,21.157941023918696,0.9784994355965456,1,0,1,0,0,0,0,0,0,0,5,0,0,0,0,0,1,0,0,0,0,7,0,0,0,0,0,0,0,1,0,0,1
3465,1,0,0,1,0,0,0,8,135,117.67628612330576,1.0,1,1,0,1,0,0,0,0,0,0,7,0,0,0,0,0,0,0,1,0,0,6,0,0,0,0,0,0,1,0,0,0,1
3466,1,0,1,0,1,0,0,6,150,93.72761554253248,1.0,1,4,0,0,0,0,1,0,0,0,2,0,0,1,0,0,0,0,0,0,0,3,0,0,0,1,0,0,0,0,0,0,1
3468,1,0,0,1,0,0,0,8,79,14.638861345006664,0.06290620005612894,0,4,0,0,0,0,1,0,0,0,9,0,0,0,0,0,0,0,0,0,1,7,0,0,0,0,0,0,0,1,0,0,1
3469,1,1,1,0,0,0,0,27,164,69.85227177825467,1.0,1,4,0,0,0,0,1,0,0,0,9,0,0,0,0,0,0,0,0,0,1,9,0,0,0,0,0,0,0,0,0,1,1
3470,1,0,0,1,0,0,0,4,96,53.38260501383819,0.9999999999999998,1,6,0,0,0,0,0,0,1,0,6,0,0,0,0,0,0,1,0,0,0,7,0,0,0,0,0,0,0,1,0,0,1
3471,0,1,1,0,1,0,0,12,102,5.0310503163478915,4.511169186903852e-06,0,4,0,0,0,0,1,0,0,0,9,0,0,0,0,0,0,0,0,0,1,1,0,1,0,0,0,0,0,0,0,0,1
3472,0,0,1,0,1,0,0,9,150,49.530493242478144,0.9999999999999896,1,6,0,0,0,0,0,0,1,0,6,0,0,0,0,0,0,1,0,0,0,7,0,0,0,0,0,0,0,1,0,0,0
3473,1,0,0,0,1,0,1,9,82,18.87094590895205,0.8221446698296759,1,4,0,0,0,0,1,0,0,0,6,0,0,0,0,0,0,1,0,0,0,7,0,0,0,0,0,0,0,1,0,0,1
3474,1,1,0,0,1,0,0,6,142,74.65558698128042,1.0,1,4,0,0,0,0,1,0,0,0,9,0,0,0,0,0,0,0,0,0,1,9,0,0,0,0,0,0,0,0,0,1,1
3475,0,1,1,0,1,0,1,24,158,15.537499696121092,0.14154697702217822,0,4,0,0,0,0,1,0,0,0,9,0,0,0,0,0,0,0,0,0,1,7,0,0,0,0,0,0,0,1,0,0,1
3476,1,1,0,1,1,0,0,17,166,95.68316959045129,1.0,1,4,0,0,0,0,1,0,0,0,9,0,0,0,0,0,0,0,0,0,1,9,0,0,0,0,0,0,0,0,0,1,1
3477,1,1,1,0,0,0,0,13,147,51.38583766175108,0.9999999999999984,1,6,0,0,0,0,0,0,1,0,6,0,0,0,0,0,0,1,0,0,0,7,0,0,0,0,0,0,0,1,0,0,1
3478,1,0,0,0,0,0,1,11,156,153.5716492731411,1.0,1,6,0,0,0,0,0,0,1,0,6,0,0,0,0,0,0,1,0,0,0,7,0,0,0,0,0,0,0,1,0,0,1
3480,1,1,0,0,0,0,0,9,147,98.27626685621948,1.0,1,2,0,0,1,0,0,0,0,0,6,0,0,0,0,0,0,1,0,0,0,7,0,0,0,0,0,0,0,1,0,0,1
3481,0,0,0,0,0,0,0,5,145,88.96385831015726,1.0,1,6,0,0,0,0,0,0,1,0,6,0,0,0,0,0,0,1,0,0,0,7,0,0,0,0,0,0,0,1,0,0,0
3482,1,1,1,1,0,0,0,14,180,159.7974993287751,1.0,1,4,0,0,0,0,1,0,0,0,9,0,0,0,0,0,0,0,0,0,1,7,0,0,0,0,0,0,0,1,0,0,1
3483,0,0,0,0,0,0,0,2,64,7.870111970322227,7.713409426712176e-05,0,4,0,0,0,0,1,0,0,0,9,0,0,0,0,0,0,0,0,0,1,7,0,0,0,0,0,0,0,1,0,0,0
3484,1,0,0,0,0,0,0,5,108,68.26387216982434,1.0,1,6,0,0,0,0,0,0,1,0,6,0,0,0,0,0,0,1,0,0,0,7,0,0,0,0,0,0,0,1,0,0,1
3485,0,1,0,1,0,0,1,16,136,37.29589337363541,0.9999999978459012,1,6,0,0,0,0,0,0,1,0,6,0,0,0,0,0,0,1,0,0,0,7,0,0,0,0,0,0,0,1,0,0,0
3486,1,0,1,1,0,0,0,13,126,64.44838851834332,1.0,1,6,0,0,0,0,0,0,1,0,6,0,0,0,0,0,0,1,0,0,0,7,0,0,0,0,0,0,0,1,0,0,1
3487,1,0,1,1,0,0,1,5,138,108.08618140399142,1.0,1,6,0,0,0,0,0,0,1,0,6,0,0,0,0,0,0,1,0,0,0,7,0,0,0,0,0,0,0,1,0,0,1
3489,1,1,1,0,0,0,2,21,179,146.3840924324841,1.0,1,1,0,1,0,0,0,0,0,0,6,0,0,0,0,0,0,1,0,0,0,7,0,0,0,0,0,0,0,1,0,0,1
3490,0,1,0,1,0,0,0,5,117,31.6146598413799,0.9999993681794817,1,6,0,0,0,0,0,0,1,0,6,0,0,0,0,0,0,1,0,0,0,7,0,0,0,0,0,0,0,1,0,0,0
3492,0,1,1,1,0,1,0,13,103,12.07325884230415,0.005133907116208293,0,0,1,0,0,0,0,0,0,0,6,0,0,0,0,0,0,1,0,0,0,7,0,0,0,0,0,0,0,1,0,0,1
3493,0,1,1,0,1,0,1,11,154,17.75114394084545,0.6013621426582573,1,2,0,0,1,0,0,0,0,0,8,0,0,0,0,0,0,0,0,1,0,7,0,0,0,0,0,0,0,1,0,0,0
3494,1,0,0,1,1,0,1,4,96,6.479098156696402,1.9193842426325486e-05,0,0,1,0,0,0,0,0,0,0,6,0,0,0,0,0,0,1,0,0,0,7,0,0,0,0,0,0,0,1,0,0,1
3495,1,1,1,1,0,0,0,19,140,29.53768952899616,0.9999949579336562,1,6,0,0,0,0,0,0,1,0,6,0,0,0,0,0,0,1,0,0,0,7,0,0,0,0,0,0,0,1,0,0,1
3497,1,0,0,1,0,0,0,4,92,53.02468652051758,0.9999999999999998,1,6,0,0,0,0,0,0,1,0,6,0,0,0,0,0,0,1,0,0,0,7,0,0,0,0,0,0,0,1,0,0,1
3498,1,1,1,0,0,0,2,17,160,40.2592202189164,0.9999999998887475,1,4,0,0,0,0,1,0,0,0,9,0,0,0,0,0,0,0,0,0,1,8,0,0,0,0,0,0,0,0,1,0,1
3499,0,0,0,0,0,0,1,3,127,35.331376388859915,0.9999999846381152,1,4,0,0,0,0,1,0,0,0,2,0,0,1,0,0,0,0,0,0,0,7,0,0,0,0,0,0,0,1,0,0,0
3500,1,0,1,1,1,1,0,19,167,135.71127834422018,1.0,1,4,0,0,0,0,1,0,0,0,9,0,0,0,0,0,0,0,0,0,1,7,0,0,0,0,0,0,0,1,0,0,1
3501,1,0,0,1,0,0,0,7,70,36.42280663042522,0.9999999948424628,1,6,0,0,0,0,0,0,1,0,6,0,0,0,0,0,0,1,0,0,0,7,0,0,0,0,0,0,0,1,0,0,1
3503,1,0,0,0,0,0,0,11,89,39.102754634913566,0.9999999996463648,1,1,0,1,0,0,0,0,0,0,4,0,0,0,0,1,0,0,0,0,0,7,0,0,0,0,0,0,0,1,0,0,1
3504,1,0,0,0,0,0,0,7,124,89.94701877591488,1.0,1,4,0,0,0,0,1,0,0,0,9,0,0,0,0,0,0,0,0,0,1,1,0,1,0,0,0,0,0,0,0,0,1
3505,1,0,0,0,0,0,0,10,80,39.645001753573645,0.9999999997943824,1,1,0,1,0,0,0,0,0,0,4,0,0,0,0,1,0,0,0,0,0,7,0,0,0,0,0,0,0,1,0,0,1
3506,1,1,1,0,0,0,1,7,148,46.279634679217466,0.9999999999997298,1,6,0,0,0,0,0,0,1,0,6,0,0,0,0,0,0,1,0,0,0,7,0,0,0,0,0,0,0,1,0,0,1
3508,1,0,1,0,1,0,0,19,119,33.960546335056364,0.9999999394953972,1,6,0,0,0,0,0,0,1,0,6,0,0,0,0,0,0,1,0,0,0,7,0,0,0,0,0,0,0,1,0,0,1
3509,1,1,1,0,0,0,0,18,164,108.15228646526657,1.0,1,1,0,1,0,0,0,0,0,0,4,0,0,0,0,1,0,0,0,0,0,7,0,0,0,0,0,0,0,1,0,0,1
3510,1,0,0,0,1,0,0,15,114,46.60531010685154,0.9999999999998048,1,1,0,1,0,0,0,0,0,0,4,0,0,0,0,1,0,0,0,0,0,7,0,0,0,0,0,0,0,1,0,0,1
3512,1,1,1,0,1,0,0,15,112,33.960546335056364,0.9999999394953972,1,6,0,0,0,0,0,0,1,0,6,0,0,0,0,0,0,1,0,0,0,7,0,0,0,0,0,0,0,1,0,0,1
3513,1,1,0,0,1,0,0,8,145,93.34265324078648,1.0,1,4,0,0,0,0,1,0,0,0,9,0,0,0,0,0,0,0,0,0,1,1,0,1,0,0,0,0,0,0,0,0,1
3514,1,1,1,0,0,0,0,22,161,66.33367252031192,1.0,1,4,0,0,0,0,1,0,0,0,9,0,0,0,0,0,0,0,0,0,1,0,1,0,0,0,0,0,0,0,0,0,1
3517,1,0,0,0,0,0,0,9,75,33.960546335056364,0.9999999394953972,1,6,0,0,0,0,0,0,1,0,6,0,0,0,0,0,0,1,0,0,0,7,0,0,0,0,0,0,0,1,0,0,1
3518,1,1,0,0,0,0,0,10,148,144.9319001117583,1.0,1,6,0,0,0,0,0,0,1,0,6,0,0,0,0,0,0,1,0,0,0,7,0,0,0,0,0,0,0,1,0,0,1
3519,1,1,1,0,1,0,0,14,118,15.563741016226352,0.14476568876704862,0,6,0,0,0,0,0,0,1,0,6,0,0,0,0,0,0,1,0,0,0,7,0,0,0,0,0,0,0,1,0,0,1
3520,1,1,0,0,0,0,0,10,148,144.9319001117583,1.0,1,6,0,0,0,0,0,0,1,0,6,0,0,0,0,0,0,1,0,0,0,7,0,0,0,0,0,0,0,1,0,0,1
3521,1,0,0,1,0,0,0,1,122,138.38325235851872,1.0,1,6,0,0,0,0,0,0,1,0,6,0,0,0,0,0,0,1,0,0,0,7,0,0,0,0,0,0,0,1,0,0,1
3522,1,0,0,0,0,0,0,10,80,39.645001753573645,0.9999999997943824,1,1,0,1,0,0,0,0,0,0,4,0,0,0,0,1,0,0,0,0,0,7,0,0,0,0,0,0,0,1,0,0,1
3523,1,1,1,0,0,0,0,69,123,113.89082450900949,1.0,1,6,0,0,0,0,0,0,1,0,6,0,0,0,0,0,0,1,0,0,0,7,0,0,0,0,0,0,0,1,0,0,1
3524,1,1,0,0,0,0,0,10,148,144.9319001117583,1.0,1,6,0,0,0,0,0,0,1,0,6,0,0,0,0,0,0,1,0,0,0,7,0,0,0,0,0,0,0,1,0,0,1
3525,1,1,0,1,0,0,0,5,126,67.15820361318225,1.0,1,6,0,0,0,0,0,0,1,0,6,0,0,0,0,0,0,1,0,0,0,7,0,0,0,0,0,0,0,1,0,0,1
3526,1,1,1,0,0,0,0,11,102,43.271232545125606,0.9999999999945272,1,1,0,1,0,0,0,0,0,0,4,0,0,0,0,1,0,0,0,0,0,7,0,0,0,0,0,0,0,1,0,0,1
3527,1,1,1,0,1,0,0,13,154,66.99848048636912,1.0,1,1,0,1,0,0,0,0,0,0,4,0,0,0,0,1,0,0,0,0,0,7,0,0,0,0,0,0,0,1,0,0,1
3528,1,1,0,1,0,1,0,7,124,36.84772174941254,0.9999999966278716,1,4,0,0,0,0,1,0,0,0,9,0,0,0,0,0,0,0,0,0,1,4,0,0,0,0,1,0,0,0,0,0,1
3529,1,1,1,0,1,0,12,8,136,49.25070477424347,0.9999999999999862,1,6,0,0,0,0,0,0,1,0,6,0,0,0,0,0,0,1,0,0,0,7,0,0,0,0,0,0,0,1,0,0,1
3530,1,1,1,0,0,0,0,11,157,112.34638489513742,1.0,1,1,0,1,0,0,0,0,0,0,4,0,0,0,0,1,0,0,0,0,0,7,0,0,0,0,0,0,0,1,0,0,1
3531,1,1,1,0,0,0,0,9,100,35.149019211328785,0.9999999815650816,1,1,0,1,0,0,0,0,0,0,4,0,0,0,0,1,0,0,0,0,0,7,0,0,0,0,0,0,0,1,0,0,1
3532,1,1,1,0,1,0,0,19,153,69.49373404058821,1.0,1,1,0,1,0,0,0,0,0,0,4,0,0,0,0,1,0,0,0,0,0,7,0,0,0,0,0,0,0,1,0,0,1
3533,1,0,1,0,1,0,0,12,138,56.60340268271058,1.0,1,1,0,1,0,0,0,0,0,0,4,0,0,0,0,1,0,0,0,0,0,7,0,0,0,0,0,0,0,1,0,0,1
3534,1,1,1,0,1,0,0,16,154,66.99848048636912,1.0,1,1,0,1,0,0,0,0,0,0,4,0,0,0,0,1,0,0,0,0,0,7,0,0,0,0,0,0,0,1,0,0,1
3535,1,1,1,0,0,0,0,13,118,29.712888681911608,0.9999957682414301,1,6,0,0,0,0,0,0,1,0,6,0,0,0,0,0,0,1,0,0,0,7,0,0,0,0,0,0,0,1,0,0,1
3536,1,1,1,0,0,0,0,14,119,56.60340268271058,1.0,1,1,0,1,0,0,0,0,0,0,4,0,0,0,0,1,0,0,0,0,0,7,0,0,0,0,0,0,0,1,0,0,1
3537,1,1,1,0,0,0,0,21,131,22.219451511412373,0.9924561600547276,1,4,0,0,0,0,1,0,0,0,9,0,0,0,0,0,0,0,0,0,1,1,0,1,0,0,0,0,0,0,0,0,1
3540,1,1,1,0,1,0,0,10,111,37.244653099487046,0.9999999977326476,1,6,0,0,0,0,0,0,1,0,6,0,0,0,0,0,0,1,0,0,0,7,0,0,0,0,0,0,0,1,0,0,1
3542,1,1,1,0,0,0,0,20,153,39.657529239888994,0.999999999796942,1,4,0,0,0,0,1,0,0,0,9,0,0,0,0,0,0,0,0,0,1,7,0,0,0,0,0,0,0,1,0,0,1
3543,1,1,1,1,0,0,0,12,147,87.4062782061453,1.0,1,4,0,0,0,0,1,0,0,0,9,0,0,0,0,0,0,0,0,0,1,1,0,1,0,0,0,0,0,0,0,0,1
3544,1,1,0,1,0,0,0,8,151,230.81627264313184,1.0,1,6,0,0,0,0,0,0,1,0,6,0,0,0,0,0,0,1,0,0,0,7,0,0,0,0,0,0,0,1,0,0,1
3548,1,1,1,0,0,0,0,13,103,18.195433742619947,0.7017057503031685,1,4,0,0,0,0,1,0,0,0,9,0,0,0,0,0,0,0,0,0,1,1,0,1,0,0,0,0,0,0,0,0,1
3549,1,1,1,0,0,0,0,21,161,66.33367252031192,1.0,1,4,0,0,0,0,1,0,0,0,9,0,0,0,0,0,0,0,0,0,1,0,1,0,0,0,0,0,0,0,0,0,1
3550,1,1,1,0,0,0,0,16,152,88.78340091514197,1.0,1,1,0,1,0,0,0,0,0,0,4,0,0,0,0,1,0,0,0,0,0,7,0,0,0,0,0,0,0,1,0,0,1
3552,1,0,0,0,0,0,0,9,75,33.960546335056364,0.9999999394953972,1,6,0,0,0,0,0,0,1,0,6,0,0,0,0,0,0,1,0,0,0,7,0,0,0,0,0,0,0,1,0,0,1
3554,1,0,0,0,0,0,0,2,140,127.7202006218748,1.0,1,6,0,0,0,0,0,0,1,0,6,0,0,0,0,0,0,1,0,0,0,7,0,0,0,0,0,0,0,1,0,0,1
3555,0,0,0,0,0,0,0,6,141,20.248036901628407,0.948242302682716,1,2,0,0,1,0,0,0,0,0,8,0,0,0,0,0,0,0,0,1,0,7,0,0,0,0,0,0,0,1,0,0,0
3557,0,1,1,1,0,0,0,55,156,241.81651275709774,1.0,1,6,0,0,0,0,0,0,1,0,6,0,0,0,0,0,0,1,0,0,0,7,0,0,0,0,0,0,0,1,0,0,0
3560,1,1,1,1,0,0,0,11,106,4.310459692285312,2.194530340424606e-06,0,6,0,0,0,0,0,0,1,0,6,0,0,0,0,0,0,1,0,0,0,7,0,0,0,0,0,0,0,1,0,0,0
3565,0,0,0,0,0,0,0,3,93,11.96996447612994,0.004632406916267982,0,6,0,0,0,0,0,0,1,0,6,0,0,0,0,0,0,1,0,0,0,7,0,0,0,0,0,0,0,1,0,0,0
3566,0,1,1,1,1,0,0,21,153,12.538306225584506,0.008148869868336349,0,4,0,0,0,0,1,0,0,0,9,0,0,0,0,0,0,0,0,0,1,7,0,0,0,0,0,0,0,1,0,0,0
3567,0,1,1,1,0,0,0,9,95,10.610659047556268,0.0011938933864382734,0,6,0,0,0,0,0,0,1,0,6,0,0,0,0,0,0,1,0,0,0,7,0,0,0,0,0,0,0,1,0,0,0
3568,0,0,0,0,0,0,0,3,140,47.40533128018665,0.9999999999999124,1,4,0,0,0,0,1,0,0,0,9,0,0,0,0,0,0,0,0,0,1,7,0,0,0,0,0,0,0,1,0,0,0
3569,0,0,0,0,0,0,0,10,127,31.92038551920709,0.9999995346080972,1,6,0,0,0,0,0,0,1,0,6,0,0,0,0,0,0,1,0,0,0,7,0,0,0,0,0,0,0,1,0,0,0
3570,0,1,1,0,1,0,0,11,97,6.139527261090933,1.3667546464499096e-05,0,2,0,0,1,0,0,0,0,0,6,0,0,0,0,0,0,1,0,0,0,7,0,0,0,0,0,0,0,1,0,0,0
3572,1,1,1,0,0,0,0,7,171,54.4730285631575,1.0,1,6,0,0,0,0,0,0,1,0,6,0,0,0,0,0,0,1,0,0,0,7,0,0,0,0,0,0,0,1,0,0,1
3573,0,1,0,0,0,0,0,2,134,47.04024941682733,0.9999999999998735,1,6,0,0,0,0,0,0,1,0,6,0,0,0,0,0,0,1,0,0,0,7,0,0,0,0,0,0,0,1,0,0,0
3575,0,0,0,1,0,0,0,4,162,98.85839654430764,1.0,1,6,0,0,0,0,0,0,1,0,6,0,0,0,0,0,0,1,0,0,0,7,0,0,0,0,0,0,0,1,0,0,0
3578,1,0,0,0,0,0,0,4,64,16.526819923371647,0.30721325495784496,0,6,0,0,0,0,0,0,1,0,6,0,0,0,0,0,0,1,0,0,0,7,0,0,0,0,0,0,0,1,0,0,0
3581,0,0,0,1,0,0,1,4,149,10.387888119733141,0.0009556985338812335,0,4,0,0,0,0,1,0,0,0,9,0,0,0,0,0,0,0,0,0,1,7,0,0,0,0,0,0,0,1,0,0,0
3582,1,1,1,1,0,0,1,56,154,82.19291466348824,1.0,1,2,0,0,1,0,0,0,0,0,8,0,0,0,0,0,0,0,0,1,0,7,0,0,0,0,0,0,0,1,0,0,0
3583,0,1,0,0,0,0,0,7,132,35.45733197686498,0.9999999864561326,1,4,0,0,0,0,1,0,0,0,9,0,0,0,0,0,0,0,0,0,1,7,0,0,0,0,0,0,0,1,0,0,0
3584,0,0,0,1,0,0,0,6,134,47.03231870923688,0.9999999999998728,1,4,0,0,0,0,1,0,0,0,9,0,0,0,0,0,0,0,0,0,1,7,0,0,0,0,0,0,0,1,0,0,0
3585,0,0,0,0,0,0,0,0,23,0.9109195402298852,7.327249530596759e-08,0,6,0,0,0,0,0,0,1,0,6,0,0,0,0,0,0,1,0,0,0,7,0,0,0,0,0,0,0,1,0,0,0
3587,0,0,0,1,0,0,0,5,91,8.457179201906271,0.00013873297151495458,0,6,0,0,0,0,0,0,1,0,6,0,0,0,0,0,0,1,0,0,0,7,0,0,0,0,0,0,0,1,0,0,0
3588,0,1,0,0,0,0,0,3,121,30.340112220955767,0.9999977399293428,1,6,0,0,0,0,0,0,1,0,6,0,0,0,0,0,0,1,0,0,0,7,0,0,0,0,0,0,0,1,0,0,0
3589,0,1,1,1,0,0,1,53,153,59.846760817334385,1.0,1,2,0,0,1,0,0,0,0,0,8,0,0,0,0,0,0,0,0,1,0,7,0,0,0,0,0,0,0,1,0,0,0
3591,1,0,0,1,0,0,0,6,76,5.434706531416737,6.7545093578342625e-06,0,4,0,0,0,0,1,0,0,0,9,0,0,0,0,0,0,0,0,0,1,7,0,0,0,0,0,0,0,1,0,0,0
3592,0,1,1,0,0,0,0,11,147,17.856299236757977,0.6262819976993227,1,6,0,0,0,0,0,0,1,0,6,0,0,0,0,0,0,1,0,0,0,7,0,0,0,0,0,0,0,1,0,0,1
3593,0,1,1,1,0,0,0,17,79,4.256590336114948,2.0794403908137002e-06,0,6,0,0,0,0,0,0,1,0,6,0,0,0,0,0,0,1,0,0,0,7,0,0,0,0,0,0,0,1,0,0,0
3594,0,1,0,0,0,0,0,4,121,17.669101714999567,0.5815407942250671,1,6,0,0,0,0,0,0,1,0,6,0,0,0,0,0,0,1,0,0,0,7,0,0,0,0,0,0,0,1,0,0,1
3595,1,0,0,1,0,0,0,5,154,88.6421939665703,1.0,1,6,0,0,0,0,0,0,1,0,6,0,0,0,0,0,0,1,0,0,0,7,0,0,0,0,0,0,0,1,0,0,0
3596,0,1,1,0,0,0,1,9,110,5.243626069365772,5.5796778828358396e-06,0,2,0,0,1,0,0,0,0,0,8,0,0,0,0,0,0,0,0,1,0,7,0,0,0,0,0,0,0,1,0,0,0
3597,0,1,1,1,0,0,0,12,110,5.821928610237236,9.948573952856557e-06,0,6,0,0,0,0,0,0,1,0,6,0,0,0,0,0,0,1,0,0,0,7,0,0,0,0,0,0,0,1,0,0,0
3598,1,1,1,0,0,0,1,10,108,17.69563039092641,0.5879822648999113,1,2,0,0,1,0,0,0,0,0,6,0,0,0,0,0,0,1,0,0,0,7,0,0,0,0,0,0,0,1,0,0,0
3602,1,1,0,0,1,0,0,17,166,80.40659537013939,1.0,1,2,0,0,1,0,0,0,0,0,8,0,0,0,0,0,0,0,0,1,0,7,0,0,0,0,0,0,0,1,0,0,0
3603,0,0,1,0,0,1,0,14,160,6.233140941803907,1.5008796924867676e-05,0,4,0,0,0,0,1,0,0,0,9,0,0,0,0,0,0,0,0,0,1,8,0,0,0,0,0,0,0,0,1,0,0
3604,0,1,1,0,0,0,0,19,159,15.016590452221728,0.08920266049791048,0,4,0,0,0,0,1,0,0,0,9,0,0,0,0,0,0,0,0,0,1,5,0,0,0,0,0,1,0,0,0,0,0
3607,1,0,0,0,1,1,0,12,169,30.09803206990217,0.9999971209061508,1,2,0,0,1,0,0,0,0,0,3,0,0,0,1,0,0,0,0,0,0,7,0,0,0,0,0,0,0,1,0,0,0
3608,0,0,0,0,0,0,0,2,145,30.977708755354968,0.9999988054128937,1,6,0,0,0,0,0,0,1,0,6,0,0,0,0,0,0,1,0,0,0,7,0,0,0,0,0,0,0,1,0,0,0
3609,0,1,1,0,1,0,0,16,100,10.181252802179957,0.00077742380091203,0,6,0,0,0,0,0,0,1,0,6,0,0,0,0,0,0,1,0,0,0,7,0,0,0,0,0,0,0,1,0,0,0
3610,0,1,0,0,0,0,0,6,134,27.060414623613518,0.9999399585059288,1,0,1,0,0,0,0,0,0,0,5,0,0,0,0,0,1,0,0,0,0,7,0,0,0,0,0,0,0,1,0,0,0
3611,0,1,1,1,1,1,0,21,151,1.6992074069732652,1.6117215553630435e-07,0,6,0,0,0,0,0,0,1,0,6,0,0,0,0,0,0,1,0,0,0,7,0,0,0,0,0,0,0,1,0,0,0
3613,1,1,1,0,1,0,0,10,150,26.779417442073733,0.999920479600015,1,6,0,0,0,0,0,0,1,0,6,0,0,0,0,0,0,1,0,0,0,7,0,0,0,0,0,0,0,1,0,0,0
3617,0,1,1,0,1,1,0,17,149,22.591112759926478,0.9947856495504578,1,4,0,0,0,0,1,0,0,0,9,0,0,0,0,0,0,0,0,0,1,7,0,0,0,0,0,0,0,1,0,0,0
3618,0,0,0,0,0,0,0,10,103,28.627718362982502,0.9999874743358784,1,4,0,0,0,0,1,0,0,0,9,0,0,0,0,0,0,0,0,0,1,7,0,0,0,0,0,0,0,1,0,0,0
3619,0,1,1,0,0,0,1,12,139,12.290013274975642,0.006368599510847924,0,4,0,0,0,0,1,0,0,0,9,0,0,0,0,0,0,0,0,0,1,7,0,0,0,0,0,0,0,1,0,0,0
3621,0,0,0,0,0,1,0,5,102,28.058620267495122,0.9999778714603632,1,4,0,0,0,0,1,0,0,0,6,0,0,0,0,0,0,1,0,0,0,7,0,0,0,0,0,0,0,1,0,0,0
3623,0,1,1,1,0,0,0,10,107,6.673667728105857,2.3316353222863094e-05,0,6,0,0,0,0,0,0,1,0,6,0,0,0,0,0,0,1,0,0,0,7,0,0,0,0,0,0,0,1,0,0,0
3625,1,0,0,0,0,0,0,0,95,104.37028232250348,1.0,1,6,0,0,0,0,0,0,1,0,6,0,0,0,0,0,0,1,0,0,0,7,0,0,0,0,0,0,0,1,0,0,0
3626,0,1,1,1,0,0,0,17,126,16.601869430832345,0.32341307200093805,0,6,0,0,0,0,0,0,1,0,6,0,0,0,0,0,0,1,0,0,0,7,0,0,0,0,0,0,0,1,0,0,0
3627,0,1,1,0,0,0,0,12,177,25.340830151879953,0.9996649280523106,1,1,0,1,0,0,0,0,0,0,6,0,0,0,0,0,0,1,0,0,0,7,0,0,0,0,0,0,0,1,0,0,0
3628,0,0,0,1,0,0,1,7,130,22.43988551155257,0.9939395088963068,1,4,0,0,0,0,1,0,0,0,9,0,0,0,0,0,0,0,0,0,1,7,0,0,0,0,0,0,0,1,0,0,0
3629,0,0,0,0,0,0,0,4,160,50.12505485203961,0.9999999999999942,1,1,0,1,0,0,0,0,0,0,6,0,0,0,0,0,0,1,0,0,0,7,0,0,0,0,0,0,0,1,0,0,0
3631,0,0,0,0,0,0,0,15,167,126.68996970377412,1.0,1,6,0,0,0,0,0,0,1,0,6,0,0,0,0,0,0,1,0,0,0,7,0,0,0,0,0,0,0,1,0,0,0
3632,0,1,1,0,0,0,0,6,168,90.3805310711548,1.0,1,4,0,0,0,0,1,0,0,0,9,0,0,0,0,0,0,0,0,0,1,7,0,0,0,0,0,0,0,1,0,0,0
3633,0,0,1,0,0,0,6,18,107,18.329821864223995,0.7290527357623331,1,6,0,0,0,0,0,0,1,0,6,0,0,0,0,0,0,1,0,0,0,7,0,0,0,0,0,0,0,1,0,0,0
3634,0,1,1,0,1,0,0,10,155,26.117374864049033,0.9998458414646072,1,1,0,1,0,0,0,0,0,0,6,0,0,0,0,0,0,1,0,0,0,7,0,0,0,0,0,0,0,1,0,0,0
3635,1,1,1,0,0,0,0,16,172,74.19969571086958,1.0,1,6,0,0,0,0,0,0,1,0,6,0,0,0,0,0,0,1,0,0,0,7,0,0,0,0,0,0,0,1,0,0,0
3636,0,1,1,0,0,0,0,14,158,14.788289801512029,0.07231167668590889,0,6,0,0,0,0,0,0,1,0,6,0,0,0,0,0,0,1,0,0,0,7,0,0,0,0,0,0,0,1,0,0,0
3637,0,0,0,0,0,0,0,9,127,20.255730548050643,0.948618598353672,1,6,0,0,0,0,0,0,1,0,6,0,0,0,0,0,0,1,0,0,0,7,0,0,0,0,0,0,0,1,0,0,0
3638,0,1,1,0,1,0,0,15,149,29.88917890121772,0.9999964521985246,1,6,0,0,0,0,0,0,1,0,6,0,0,0,0,0,0,1,0,0,0,7,0,0,0,0,0,0,0,1,0,0,0
3639,0,0,0,1,0,0,0,5,104,20.19931561397688,0.9457982258957779,1,1,0,1,0,0,0,0,0,0,6,0,0,0,0,0,0,1,0,0,0,7,0,0,0,0,0,0,0,1,0,0,0
3640,1,0,0,0,0,0,0,7,153,39.148480588022274,0.9999999996621708,1,7,0,0,0,0,0,0,0,1,0,1,0,0,0,0,0,0,0,0,0,7,0,0,0,0,0,0,0,1,0,0,0
3641,0,1,1,0,1,0,0,9,86,4.646643330532553,3.0714532380493724e-06,0,6,0,0,0,0,0,0,1,0,6,0,0,0,0,0,0,1,0,0,0,7,0,0,0,0,0,0,0,1,0,0,0
3642,0,1,1,0,0,1,0,13,136,14.829443765214405,0.07512145414410862,0,5,0,0,0,0,0,1,0,0,1,0,1,0,0,0,0,0,0,0,0,7,0,0,0,0,0,0,0,1,0,0,0
3643,0,0,0,0,1,0,0,1,54,3.368247268498848,8.55351290035825e-07,0,1,0,1,0,0,0,0,0,0,7,0,0,0,0,0,0,0,1,0,0,7,0,0,0,0,0,0,0,1,0,0,0
3645,0,1,1,0,1,0,0,11,151,11.56504111987234,0.003094718293174303,0,2,0,0,1,0,0,0,0,0,6,0,0,0,0,0,0,1,0,0,0,7,0,0,0,0,0,0,0,1,0,0,0
3646,0,1,1,0,0,0,1,12,146,30.653734534213317,0.9999983483506872,1,7,0,0,0,0,0,0,0,1,6,0,0,0,0,0,0,1,0,0,0,7,0,0,0,0,0,0,0,1,0,0,0
3647,0,0,0,0,1,0,17,7,73,3.786020123349704,1.2989151062518844e-06,0,6,0,0,0,0,0,0,1,0,6,0,0,0,0,0,0,1,0,0,0,7,0,0,0,0,0,0,0,1,0,0,0
3648,0,1,1,0,0,0,0,8,124,25.192190549554496,0.9996112520520556,1,4,0,0,0,0,1,0,0,0,9,0,0,0,0,0,0,0,0,0,1,7,0,0,0,0,0,0,0,1,0,0,1
3650,1,0,0,0,0,0,0,4,54,13.655224928260452,0.024488100044289453,0,4,0,0,0,0,1,0,0,0,9,0,0,0,0,0,0,0,0,0,1,7,0,0,0,0,0,0,0,1,0,0,0
3652,0,1,1,0,0,0,0,11,161,38.59487662640362,0.9999999994123424,1,4,0,0,0,0,1,0,0,0,6,0,0,0,0,0,0,1,0,0,0,7,0,0,0,0,0,0,0,1,0,0,0
3653,0,1,0,1,1,0,0,9,101,7.004860830572173,3.247072510116678e-05,0,0,1,0,0,0,0,0,0,0,6,0,0,0,0,0,0,1,0,0,0,7,0,0,0,0,0,0,0,1,0,0,0
3655,0,0,0,0,0,1,1,6,82,9.084715928387114,0.0002598141683686212,0,1,0,1,0,0,0,0,0,0,6,0,0,0,0,0,0,1,0,0,0,7,0,0,0,0,0,0,0,1,0,0,0
3656,0,1,1,1,0,1,0,36,131,15.050290356986975,0.09197879729575388,0,4,0,0,0,0,1,0,0,0,6,0,0,0,0,0,0,1,0,0,0,7,0,0,0,0,0,0,0,1,0,0,0
3657,0,1,1,0,0,0,0,15,153,38.85951649006754,0.9999999995489832,1,4,0,0,0,0,1,0,0,0,9,0,0,0,0,0,0,0,0,0,1,9,0,0,0,0,0,0,0,0,0,1,0
3658,0,1,1,0,1,0,0,23,155,13.60535772924976,0.02332467943430889,0,4,0,0,0,0,1,0,0,0,9,0,0,0,0,0,0,0,0,0,1,7,0,0,0,0,0,0,0,1,0,0,0
3659,0,1,0,0,0,0,0,7,105,4.557423849577289,2.809289482719375e-06,0,6,0,0,0,0,0,0,1,0,6,0,0,0,0,0,0,1,0,0,0,7,0,0,0,0,0,0,0,1,0,0,0
3660,1,0,0,0,0,0,4,5,103,37.0151748032557,0.9999999971477987,1,6,0,0,0,0,0,0,1,0,6,0,0,0,0,0,0,1,0,0,0,7,0,0,0,0,0,0,0,1,0,0,0
3661,0,1,0,1,0,1,0,5,109,17.89022457227727,0.6341876919259215,1,6,0,0,0,0,0,0,1,0,6,0,0,0,0,0,0,1,0,0,0,7,0,0,0,0,0,0,0,1,0,0,0
3662,1,1,1,0,0,0,0,25,167,47.04984548512902,0.999999999999875,1,6,0,0,0,0,0,0,1,0,6,0,0,0,0,0,0,1,0,0,0,7,0,0,0,0,0,0,0,1,0,0,0
3663,1,1,1,0,0,0,0,16,126,17.77327245746462,0.6066548297137435,1,4,0,0,0,0,1,0,0,0,9,0,0,0,0,0,0,0,0,0,1,7,0,0,0,0,0,0,0,1,0,0,0
3664,1,0,0,1,0,0,0,7,148,177.4932957625534,1.0,1,6,0,0,0,0,0,0,1,0,6,0,0,0,0,0,0,1,0,0,0,7,0,0,0,0,0,0,0,1,0,0,0
3666,0,0,0,0,1,0,0,8,84,15.848010983897462,0.1836233746593768,0,6,0,0,0,0,0,0,1,0,6,0,0,0,0,0,0,1,0,0,0,7,0,0,0,0,0,0,0,1,0,0,0
3667,0,1,1,0,1,0,0,11,129,6.711746233567545,2.4221303841524444e-05,0,6,0,0,0,0,0,0,1,0,6,0,0,0,0,0,0,1,0,0,0,7,0,0,0,0,0,0,0,1,0,0,0
3669,0,1,0,1,1,1,0,12,167,43.996517681897394,0.99999999999735,1,6,0,0,0,0,0,0,1,0,6,0,0,0,0,0,0,1,0,0,0,7,0,0,0,0,0,0,0,1,0,0,0
3670,0,0,0,1,0,0,0,3,54,3.579019695180897,1.0560433093670912e-06,0,6,0,0,0,0,0,0,1,0,6,0,0,0,0,0,0,1,0,0,0,7,0,0,0,0,0,0,0,1,0,0,0
3674,0,1,0,0,1,4,4,5,127,14.37972594121463,0.04925317106666231,0,4,0,0,0,0,1,0,0,0,9,0,0,0,0,0,0,0,0,0,1,0,1,0,0,0,0,0,0,0,0,0,0
3675,0,1,1,0,1,0,0,19,128,16.14088475712942,0.23163264726763744,0,6,0,0,0,0,0,0,1,0,6,0,0,0,0,0,0,1,0,0,0,7,0,0,0,0,0,0,0,1,0,0,0
3676,1,1,0,1,0,0,0,3,148,130.24727453596424,1.0,1,6,0,0,0,0,0,0,1,0,6,0,0,0,0,0,0,1,0,0,0,7,0,0,0,0,0,0,0,1,0,0,0
3679,1,1,1,0,0,0,0,15,157,134.6419459196583,1.0,1,2,0,0,1,0,0,0,0,0,3,0,0,0,1,0,0,0,0,0,0,7,0,0,0,0,0,0,0,1,0,0,0
3680,0,0,0,0,1,1,0,2,133,29.98433135635963,0.9999967742161472,1,6,0,0,0,0,0,0,1,0,6,0,0,0,0,0,0,1,0,0,0,7,0,0,0,0,0,0,0,1,0,0,0
3681,0,0,0,1,0,0,0,9,106,16.39482206956928,0.279855612327818,0,6,0,0,0,0,0,0,1,0,6,0,0,0,0,0,0,1,0,0,0,7,0,0,0,0,0,0,0,1,0,0,0
3682,0,1,1,0,0,0,0,4,89,8.85164855063715,0.00020580997208458995,0,6,0,0,0,0,0,0,1,0,6,0,0,0,0,0,0,1,0,0,0,7,0,0,0,0,0,0,0,1,0,0,0
3683,0,0,0,1,0,0,0,10,82,12.701399287322054,0.009578584374541382,0,4,0,0,0,0,1,0,0,0,9,0,0,0,0,0,0,0,0,0,1,2,0,0,1,0,0,0,0,0,0,0,0
3684,1,1,1,0,1,0,0,24,121,6.07639451024753,1.2831360798111392e-05,0,6,0,0,0,0,0,0,1,0,6,0,0,0,0,0,0,1,0,0,0,7,0,0,0,0,0,0,0,1,0,0,0
3685,0,0,0,0,0,0,0,0,49,3.1461670793123697,6.850091742576311e-07,0,6,0,0,0,0,0,0,1,0,6,0,0,0,0,0,0,1,0,0,0,7,0,0,0,0,0,0,0,1,0,0,0
3686,0,0,0,0,0,0,0,2,67,10.570281874792952,0.001146701768188986,0,6,0,0,0,0,0,0,1,0,6,0,0,0,0,0,0,1,0,0,0,7,0,0,0,0,0,0,0,1,0,0,0
3689,0,0,0,1,0,0,0,13,168,32.602688610954324,0.9999997647668876,1,2,0,0,1,0,0,0,0,0,3,0,0,0,1,0,0,0,0,0,0,7,0,0,0,0,0,0,0,1,0,0,0
3690,1,0,0,0,0,0,1,6,153,75.92495150525579,1.0,1,2,0,0,1,0,0,0,0,0,6,0,0,0,0,0,0,1,0,0,0,7,0,0,0,0,0,0,0,1,0,0,1
3691,0,0,0,0,0,0,2,1,130,29.212006701465178,0.9999930168725628,1,6,0,0,0,0,0,0,1,0,6,0,0,0,0,0,0,1,0,0,0,7,0,0,0,0,0,0,0,1,0,0,0
3692,0,0,0,1,0,1,2,7,95,5.875749319311754,1.0498678357665344e-05,0,1,0,1,0,0,0,0,0,0,6,0,0,0,0,0,0,1,0,0,0,7,0,0,0,0,0,0,0,1,0,0,0
3694,0,0,0,0,0,0,2,4,44,5.246980272705292,5.5984245747795685e-06,0,6,0,0,0,0,0,0,1,0,6,0,0,0,0,0,0,1,0,0,0,7,0,0,0,0,0,0,0,1,0,0,0
3695,0,0,0,0,1,0,0,10,152,37.17613516137389,0.9999999975718474,1,0,1,0,0,0,0,0,0,0,6,0,0,0,0,0,0,1,0,0,0,7,0,0,0,0,0,0,0,1,0,0,0
3696,0,0,0,1,0,0,0,3,135,45.07121897895472,0.9999999999990954,1,6,0,0,0,0,0,0,1,0,6,0,0,0,0,0,0,1,0,0,0,7,0,0,0,0,0,0,0,1,0,0,0
3697,0,0,0,1,0,0,0,2,155,55.91716568729541,1.0,1,0,1,0,0,0,0,0,0,0,5,0,0,0,0,0,1,0,0,0,0,7,0,0,0,0,0,0,0,1,0,0,0
3700,0,0,0,1,0,0,0,2,89,7.901167741105177,7.95669438999544e-05,0,6,0,0,0,0,0,0,1,0,6,0,0,0,0,0,0,1,0,0,0,7,0,0,0,0,0,0,0,1,0,0,1
3702,0,1,1,0,0,0,0,31,125,53.33336873328559,0.9999999999999998,1,6,0,0,0,0,0,0,1,0,6,0,0,0,0,0,0,1,0,0,0,7,0,0,0,0,0,0,0,1,0,0,0
3704,0,1,0,0,0,0,0,8,120,39.1682515210351,0.9999999996687844,1,6,0,0,0,0,0,0,1,0,6,0,0,0,0,0,0,1,0,0,0,7,0,0,0,0,0,0,0,1,0,0,1
3705,0,0,1,0,0,0,0,4,148,29.809683648405226,0.9999961586530696,1,6,0,0,0,0,0,0,1,0,6,0,0,0,0,0,0,1,0,0,0,7,0,0,0,0,0,0,0,1,0,0,0
3708,0,1,0,1,0,0,0,4,141,17.199192695936652,0.46485622022817896,0,6,0,0,0,0,0,0,1,0,6,0,0,0,0,0,0,1,0,0,0,7,0,0,0,0,0,0,0,1,0,0,0
3710,0,0,0,0,0,0,0,2,37,3.2395227558318807,7.520387416235637e-07,0,6,0,0,0,0,0,0,1,0,6,0,0,0,0,0,0,1,0,0,0,7,0,0,0,0,0,0,0,1,0,0,0
3712,0,1,0,1,0,1,2,5,48,0.32001414427157004,4.058018692165482e-08,0,6,0,0,0,0,0,0,1,0,6,0,0,0,0,0,0,1,0,0,0,7,0,0,0,0,0,0,0,1,0,0,0
3713,0,0,0,0,1,0,0,3,127,20.975420214611624,0.9743048056981528,1,7,0,0,0,0,0,0,0,1,0,1,0,0,0,0,0,0,0,0,0,7,0,0,0,0,0,0,0,1,0,0,0
3715,1,1,1,0,1,0,0,9,129,17.461812065576954,0.5304154165746982,1,6,0,0,0,0,0,0,1,0,6,0,0,0,0,0,0,1,0,0,0,7,0,0,0,0,0,0,0,1,0,0,1
3717,1,1,1,0,0,0,0,14,174,96.14009751044344,1.0,1,1,0,1,0,0,0,0,0,0,7,0,0,0,0,0,0,0,1,0,0,6,0,0,0,0,0,0,1,0,0,0,1
3718,0,1,0,0,0,0,0,8,120,39.1682515210351,0.9999999996687844,1,6,0,0,0,0,0,0,1,0,6,0,0,0,0,0,0,1,0,0,0,7,0,0,0,0,0,0,0,1,0,0,1
3719,0,1,0,0,0,0,0,8,120,39.1682515210351,0.9999999996687844,1,6,0,0,0,0,0,0,1,0,6,0,0,0,0,0,0,1,0,0,0,7,0,0,0,0,0,0,0,1,0,0,1
3721,0,1,0,0,0,1,0,4,145,59.660856494759074,1.0,1,6,0,0,0,0,0,0,1,0,6,0,0,0,0,0,0,1,0,0,0,7,0,0,0,0,0,0,0,1,0,0,1
3722,0,1,0,0,0,0,0,8,120,39.1682515210351,0.9999999996687844,1,6,0,0,0,0,0,0,1,0,6,0,0,0,0,0,0,1,0,0,0,7,0,0,0,0,0,0,0,1,0,0,1
3723,0,1,0,0,0,0,2,6,115,18.351836050807854,0.733379313573456,1,6,0,0,0,0,0,0,1,0,6,0,0,0,0,0,0,1,0,0,0,7,0,0,0,0,0,0,0,1,0,0,0
3724,1,0,0,1,0,0,0,5,121,44.88205720056861,0.9999999999989068,1,6,0,0,0,0,0,0,1,0,6,0,0,0,0,0,0,1,0,0,0,7,0,0,0,0,0,0,0,1,0,0,0
3725,1,1,1,0,1,0,0,13,165,33.75304185729153,0.9999999255428416,1,6,0,0,0,0,0,0,1,0,6,0,0,0,0,0,0,1,0,0,0,7,0,0,0,0,0,0,0,1,0,0,1
3726,0,0,0,0,0,0,2,2,56,4.32272342669296,2.2216091219865096e-06,0,6,0,0,0,0,0,0,1,0,6,0,0,0,0,0,0,1,0,0,0,7,0,0,0,0,0,0,0,1,0,0,0
3727,0,0,0,0,0,0,2,4,135,64.88837675004724,1.0,1,4,0,0,0,0,1,0,0,0,9,0,0,0,0,0,0,0,0,0,1,8,0,0,0,0,0,0,0,0,1,0,0
3729,0,1,0,1,0,0,0,5,109,18.128213588388306,0.6874476247208686,1,4,0,0,0,0,1,0,0,0,9,0,0,0,0,0,0,0,0,0,1,7,0,0,0,0,0,0,0,1,0,0,0
3730,0,0,0,0,0,0,0,4,143,48.45919793330089,0.9999999999999694,1,6,0,0,0,0,0,0,1,0,6,0,0,0,0,0,0,1,0,0,0,7,0,0,0,0,0,0,0,1,0,0,0
3735,1,1,1,0,1,0,0,24,165,19.632334611953443,0.9082402020093971,1,4,0,0,0,0,1,0,0,0,9,0,0,0,0,0,0,0,0,0,1,7,0,0,0,0,0,0,0,1,0,0,1
3736,1,1,1,0,0,0,0,10,158,72.48077637306827,1.0,1,6,0,0,0,0,0,0,1,0,6,0,0,0,0,0,0,1,0,0,0,7,0,0,0,0,0,0,0,1,0,0,1
3737,1,1,0,1,1,0,0,11,144,94.78149626959114,1.0,1,6,0,0,0,0,0,0,1,0,6,0,0,0,0,0,0,1,0,0,0,7,0,0,0,0,0,0,0,1,0,0,1
3738,0,1,0,0,0,0,0,8,120,39.1682515210351,0.9999999996687844,1,6,0,0,0,0,0,0,1,0,6,0,0,0,0,0,0,1,0,0,0,7,0,0,0,0,0,0,0,1,0,0,1
3739,0,1,1,1,0,0,0,68,155,114.66264439750569,1.0,1,4,0,0,0,0,1,0,0,0,9,0,0,0,0,0,0,0,0,0,1,7,0,0,0,0,0,0,0,1,0,0,0
3741,0,0,1,0,1,0,0,15,127,8.483616115765468,0.0001424490247356903,0,6,0,0,0,0,0,0,1,0,6,0,0,0,0,0,0,1,0,0,0,7,0,0,0,0,0,0,0,1,0,0,0
3742,0,1,0,0,0,0,0,8,119,39.1682515210351,0.9999999996687844,1,6,0,0,0,0,0,0,1,0,6,0,0,0,0,0,0,1,0,0,0,7,0,0,0,0,0,0,0,1,0,0,1
3743,0,0,0,0,1,0,24,8,149,27.485689676165194,0.9999607566643408,1,4,0,0,0,0,1,0,0,0,9,0,0,0,0,0,0,0,0,0,1,7,0,0,0,0,0,0,0,1,0,0,0
3744,0,1,0,1,0,0,4,4,137,11.369008746357355,0.0025452161169621955,0,1,0,1,0,0,0,0,0,0,4,0,0,0,0,1,0,0,0,0,0,7,0,0,0,0,0,0,0,1,0,0,0
3745,1,1,1,0,0,1,0,24,103,19.55771499602148,0.9018290822217871,1,6,0,0,0,0,0,0,1,0,6,0,0,0,0,0,0,1,0,0,0,7,0,0,0,0,0,0,0,1,0,0,1
3747,0,1,0,0,0,0,0,8,120,39.1682515210351,0.9999999996687844,1,6,0,0,0,0,0,0,1,0,6,0,0,0,0,0,0,1,0,0,0,7,0,0,0,0,0,0,0,1,0,0,1
3748,1,0,1,0,0,0,0,11,143,46.637381974004676,0.9999999999998109,1,6,0,0,0,0,0,0,1,0,6,0,0,0,0,0,0,1,0,0,0,7,0,0,0,0,0,0,0,1,0,0,1
3750,0,1,1,0,0,0,1,9,149,43.55548607121092,0.9999999999958812,1,6,0,0,0,0,0,0,1,0,6,0,0,0,0,0,0,1,0,0,0,7,0,0,0,0,0,0,0,1,0,0,0
3752,0,1,1,0,0,0,0,11,149,9.309664524841091,0.00032533313780489436,0,6,0,0,0,0,0,0,1,0,6,0,0,0,0,0,0,1,0,0,0,7,0,0,0,0,0,0,0,1,0,0,0
3753,0,0,0,1,1,0,0,8,90,10.598714860703392,0.001179734848306043,0,6,0,0,0,0,0,0,1,0,6,0,0,0,0,0,0,1,0,0,0,7,0,0,0,0,0,0,0,1,0,0,0
3754,0,1,0,1,0,1,0,8,162,23.646429409886732,0.9981787865763084,1,4,0,0,0,0,1,0,0,0,9,0,0,0,0,0,0,0,0,0,1,7,0,0,0,0,0,0,0,1,0,0,0
3756,0,1,1,0,0,0,0,13,161,40.35308062426535,0.9999999998987148,1,4,0,0,0,0,1,0,0,0,9,0,0,0,0,0,0,0,0,0,1,5,0,0,0,0,0,1,0,0,0,0,1
3758,0,0,0,0,0,0,0,3,105,8.364850843252007,0.0001264990621305659,0,6,0,0,0,0,0,0,1,0,6,0,0,0,0,0,0,1,0,0,0,7,0,0,0,0,0,0,0,1,0,0,0
3759,0,0,0,0,1,0,0,6,167,17.312101843153318,0.4930259131142726,0,6,0,0,0,0,0,0,1,0,6,0,0,0,0,0,0,1,0,0,0,7,0,0,0,0,0,0,0,1,0,0,0
3760,0,1,0,1,0,0,0,4,95,15.241532062865934,0.10924581879737158,0,2,0,0,1,0,0,0,0,0,6,0,0,0,0,0,0,1,0,0,0,7,0,0,0,0,0,0,0,1,0,0,0
3761,0,1,1,0,1,0,0,13,121,12.48111323836101,0.007699376469929527,0,2,0,0,1,0,0,0,0,0,6,0,0,0,0,0,0,1,0,0,0,7,0,0,0,0,0,0,0,1,0,0,1
3763,0,1,1,0,0,0,0,43,110,19.787020349985927,0.9203432815407124,1,4,0,0,0,0,1,0,0,0,9,0,0,0,0,0,0,0,0,0,1,7,0,0,0,0,0,0,0,1,0,0,0
3764,0,0,0,0,0,0,0,1,60,8.593262102232918,0.00015895381586149615,0,6,0,0,0,0,0,0,1,0,6,0,0,0,0,0,0,1,0,0,0,7,0,0,0,0,0,0,0,1,0,0,0
3765,1,1,1,1,1,0,0,9,146,46.4224963633756,0.9999999999997656,1,6,0,0,0,0,0,0,1,0,6,0,0,0,0,0,0,1,0,0,0,7,0,0,0,0,0,0,0,1,0,0,1
3766,0,1,0,0,0,0,0,2,147,28.016231255082808,0.9999769133110404,1,6,0,0,0,0,0,0,1,0,6,0,0,0,0,0,0,1,0,0,0,7,0,0,0,0,0,0,0,1,0,0,0
3768,0,0,1,0,0,0,0,8,89,2.06561501417771,2.3249776652247572e-07,0,6,0,0,0,0,0,0,1,0,6,0,0,0,0,0,0,1,0,0,0,7,0,0,0,0,0,0,0,1,0,0,0
3770,1,1,1,0,0,0,0,10,118,29.082311887063646,0.9999920498506016,1,2,0,0,1,0,0,0,0,0,3,0,0,0,1,0,0,0,0,0,0,7,0,0,0,0,0,0,0,1,0,0,1
3771,0,0,0,0,1,0,0,4,129,21.762609439148275,0.9881394895486316,1,1,0,1,0,0,0,0,0,0,6,0,0,0,0,0,0,1,0,0,0,7,0,0,0,0,0,0,0,1,0,0,0
3772,1,0,0,1,0,0,22,4,145,90.31121919843292,1.0,1,6,0,0,0,0,0,0,1,0,6,0,0,0,0,0,0,1,0,0,0,7,0,0,0,0,0,0,0,1,0,0,1
3773,0,1,1,0,0,0,0,9,149,9.309664524841091,0.00032533313780489436,0,6,0,0,0,0,0,0,1,0,6,0,0,0,0,0,0,1,0,0,0,7,0,0,0,0,0,0,0,1,0,0,0
3774,0,0,0,1,0,0,0,3,86,4.435301676381481,2.4863350233014496e-06,0,6,0,0,0,0,0,0,1,0,6,0,0,0,0,0,0,1,0,0,0,7,0,0,0,0,0,0,0,1,0,0,0
3775,0,0,0,0,0,0,0,7,123,22.34168388728159,0.9933183343598267,1,0,1,0,0,0,0,0,0,0,6,0,0,0,0,0,0,1,0,0,0,7,0,0,0,0,0,0,0,1,0,0,0
3776,0,1,1,0,0,0,0,12,89,4.507034973671732,2.6712402038523982e-06,0,2,0,0,1,0,0,0,0,0,8,0,0,0,0,0,0,0,0,1,0,7,0,0,0,0,0,0,0,1,0,0,0
3777,0,1,1,0,0,0,0,6,149,9.309664524841091,0.00032533313780489436,0,6,0,0,0,0,0,0,1,0,6,0,0,0,0,0,0,1,0,0,0,7,0,0,0,0,0,0,0,1,0,0,0
3778,0,1,1,0,0,0,1,9,82,3.1306188882661097,6.74440899610227e-07,0,6,0,0,0,0,0,0,1,0,6,0,0,0,0,0,0,1,0,0,0,7,0,0,0,0,0,0,0,1,0,0,0
3780,0,1,0,0,1,0,0,10,136,57.04027053982489,1.0,1,4,0,0,0,0,1,0,0,0,9,0,0,0,0,0,0,0,0,0,1,7,0,0,0,0,0,0,0,1,0,0,0
3785,0,1,0,1,0,0,0,7,149,26.045603818235893,0.9998343725318708,1,6,0,0,0,0,0,0,1,0,6,0,0,0,0,0,0,1,0,0,0,7,0,0,0,0,0,0,0,1,0,0,0
3786,0,0,0,0,0,0,0,2,58,7.800470723053702,7.194553201239085e-05,0,2,0,0,1,0,0,0,0,0,6,0,0,0,0,0,0,1,0,0,0,7,0,0,0,0,0,0,0,1,0,0,0
3787,0,0,1,0,0,1,4,8,88,1.064994813403534,8.547813095072937e-08,0,6,0,0,0,0,0,0,1,0,6,0,0,0,0,0,0,1,0,0,0,7,0,0,0,0,0,0,0,1,0,0,0
3788,0,1,0,1,0,0,0,8,157,94.92327298448252,1.0,1,4,0,0,0,0,1,0,0,0,2,0,0,1,0,0,0,0,0,0,0,3,0,0,0,1,0,0,0,0,0,0,0
3789,0,1,1,0,1,0,0,12,127,4.702882467578052,3.2491381494810933e-06,0,6,0,0,0,0,0,0,1,0,6,0,0,0,0,0,0,1,0,0,0,7,0,0,0,0,0,0,0,1,0,0,0
3793,0,0,0,0,0,0,0,1,51,4.9348768005559185,4.097525524842873e-06,0,6,0,0,0,0,0,0,1,0,6,0,0,0,0,0,0,1,0,0,0,7,0,0,0,0,0,0,0,1,0,0,0
3795,1,1,1,0,0,0,0,8,100,19.439373913410858,0.8908423116085732,1,6,0,0,0,0,0,0,1,0,6,0,0,0,0,0,0,1,0,0,0,7,0,0,0,0,0,0,0,1,0,0,1
3796,1,0,0,0,0,0,0,1,79,7.581486270722237,5.7797124765033e-05,0,6,0,0,0,0,0,0,1,0,6,0,0,0,0,0,0,1,0,0,0,7,0,0,0,0,0,0,0,1,0,0,0
3797,0,1,1,0,0,0,0,6,79,8.284398585358252,0.00011672169368973022,0,4,0,0,0,0,1,0,0,0,9,0,0,0,0,0,0,0,0,0,1,7,0,0,0,0,0,0,0,1,0,0,0
3798,0,0,0,1,0,0,1,10,122,38.38271804251807,0.9999999992734532,1,1,0,1,0,0,0,0,0,0,6,0,0,0,0,0,0,1,0,0,0,7,0,0,0,0,0,0,0,1,0,0,0
3800,1,1,1,1,0,0,0,6,136,47.94111845491132,0.9999999999999488,1,6,0,0,0,0,0,0,1,0,6,0,0,0,0,0,0,1,0,0,0,7,0,0,0,0,0,0,0,1,0,0,1
3802,1,1,1,0,0,0,0,12,85,2.603983824793604,3.983174352610575e-07,0,4,0,0,0,0,1,0,0,0,9,0,0,0,0,0,0,0,0,0,1,7,0,0,0,0,0,0,0,1,0,0,0
3803,0,1,1,0,0,0,0,13,80,4.245047288967709,2.0555753642309154e-06,0,6,0,0,0,0,0,0,1,0,6,0,0,0,0,0,0,1,0,0,0,7,0,0,0,0,0,0,0,1,0,0,0
3805,0,0,0,1,0,0,0,8,118,20.72340955923696,0.9671820005041848,1,1,0,1,0,0,0,0,0,0,4,0,0,0,0,1,0,0,0,0,0,7,0,0,0,0,0,0,0,1,0,0,0
3806,0,0,0,1,0,0,1,8,124,38.38271804251807,0.9999999992734532,1,1,0,1,0,0,0,0,0,0,6,0,0,0,0,0,0,1,0,0,0,7,0,0,0,0,0,0,0,1,0,0,0
3807,0,0,0,1,0,0,0,2,68,7.739654954577433,6.770078732473063e-05,0,6,0,0,0,0,0,0,1,0,6,0,0,0,0,0,0,1,0,0,0,7,0,0,0,0,0,0,0,1,0,0,0
3810,1,0,1,0,0,0,0,14,98,3.788447224843365,1.3020715298722457e-06,0,6,0,0,0,0,0,0,1,0,6,0,0,0,0,0,0,1,0,0,0,7,0,0,0,0,0,0,0,1,0,0,0
3812,1,1,1,0,1,0,0,10,157,79.05063583612471,1.0,1,4,0,0,0,0,1,0,0,0,9,0,0,0,0,0,0,0,0,0,1,7,0,0,0,0,0,0,0,1,0,0,1
3814,0,0,0,1,0,0,1,8,124,38.38271804251807,0.9999999992734532,1,1,0,1,0,0,0,0,0,0,6,0,0,0,0,0,0,1,0,0,0,7,0,0,0,0,0,0,0,1,0,0,0
3815,0,1,1,0,0,0,0,13,79,3.0837661522505213,6.435703503580211e-07,0,7,0,0,0,0,0,0,0,1,6,0,0,0,0,0,0,1,0,0,0,7,0,0,0,0,0,0,0,1,0,0,0
3816,0,1,1,0,1,0,0,21,109,6.194811697703977,1.4444414660462673e-05,0,4,0,0,0,0,1,0,0,0,2,0,0,1,0,0,0,0,0,0,0,7,0,0,0,0,0,0,0,1,0,0,0
3819,1,1,0,1,0,0,0,14,153,123.51621971980629,1.0,1,4,0,0,0,0,1,0,0,0,9,0,0,0,0,0,0,0,0,0,1,7,0,0,0,0,0,0,0,1,0,0,1
3820,0,0,0,0,0,0,2,2,107,38.559894968304064,0.9999999993914211,1,6,0,0,0,0,0,0,1,0,6,0,0,0,0,0,0,1,0,0,0,7,0,0,0,0,0,0,0,1,0,0,0
3821,0,1,1,0,0,0,0,16,90,3.6610292682848407,1.1462992157137474e-06,0,4,0,0,0,0,1,0,0,0,9,0,0,0,0,0,0,0,0,0,1,7,0,0,0,0,0,0,0,1,0,0,0
3822,0,1,1,1,1,0,0,13,103,2.3521730942662473,3.096487596002535e-07,0,7,0,0,0,0,0,0,0,1,6,0,0,0,0,0,0,1,0,0,0,7,0,0,0,0,0,0,0,1,0,0,0
3824,1,1,0,0,0,0,0,4,109,30.54360249463012,0.9999981560569892,1,6,0,0,0,0,0,0,1,0,6,0,0,0,0,0,0,1,0,0,0,7,0,0,0,0,0,0,0,1,0,0,1
3825,0,0,0,1,0,0,1,4,42,2.3299622630732792,3.0284702110502593e-07,0,6,0,0,0,0,0,0,1,0,6,0,0,0,0,0,0,1,0,0,0,7,0,0,0,0,0,0,0,1,0,0,0
3826,1,0,0,1,0,0,0,2,149,100.61621298189208,1.0,1,6,0,0,0,0,0,0,1,0,6,0,0,0,0,0,0,1,0,0,0,7,0,0,0,0,0,0,0,1,0,0,1
3827,0,1,1,0,1,0,0,17,74,4.429381174613759,2.4716581987388005e-06,0,6,0,0,0,0,0,0,1,0,6,0,0,0,0,0,0,1,0,0,0,7,0,0,0,0,0,0,0,1,0,0,0
3828,0,0,0,1,0,0,1,10,122,38.38271804251807,0.9999999992734532,1,1,0,1,0,0,0,0,0,0,6,0,0,0,0,0,0,1,0,0,0,7,0,0,0,0,0,0,0,1,0,0,0
3829,0,1,1,0,1,0,0,18,128,14.872011269134545,0.07813298039715301,0,6,0,0,0,0,0,0,1,0,6,0,0,0,0,0,0,1,0,0,0,7,0,0,0,0,0,0,0,1,0,0,0
3830,0,1,1,0,0,0,0,18,93,12.095218704849847,0.005247295875363635,0,6,0,0,0,0,0,0,1,0,6,0,0,0,0,0,0,1,0,0,0,7,0,0,0,0,0,0,0,1,0,0,0
3831,0,1,1,1,0,0,0,11,83,2.328989474868812,3.025525584323989e-07,0,6,0,0,0,0,0,0,1,0,6,0,0,0,0,0,0,1,0,0,0,7,0,0,0,0,0,0,0,1,0,0,0
3832,0,1,0,1,0,0,0,1,78,7.507982964337436,5.370144014079723e-05,0,6,0,0,0,0,0,0,1,0,6,0,0,0,0,0,0,1,0,0,0,7,0,0,0,0,0,0,0,1,0,0,0
3833,0,0,1,0,0,0,16,15,116,9.215319120572227,0.0002960515466225831,0,1,0,1,0,0,0,0,0,0,6,0,0,0,0,0,0,1,0,0,0,7,0,0,0,0,0,0,0,1,0,0,0
3834,0,1,1,0,0,0,0,14,118,12.515009923610315,0.007962719690380649,0,6,0,0,0,0,0,0,1,0,6,0,0,0,0,0,0,1,0,0,0,7,0,0,0,0,0,0,0,1,0,0,0
3835,0,0,0,1,0,0,0,13,173,77.98248582214399,1.0,1,6,0,0,0,0,0,0,1,0,6,0,0,0,0,0,0,1,0,0,0,7,0,0,0,0,0,0,0,1,0,0,1
3836,0,0,0,1,0,0,1,8,124,38.38271804251807,0.9999999992734532,1,1,0,1,0,0,0,0,0,0,6,0,0,0,0,0,0,1,0,0,0,7,0,0,0,0,0,0,0,1,0,0,0
3837,1,1,1,0,1,1,0,17,86,3.8153210219586198,1.3375375074986778e-06,0,6,0,0,0,0,0,0,1,0,6,0,0,0,0,0,0,1,0,0,0,7,0,0,0,0,0,0,0,1,0,0,0
3838,1,1,0,1,0,0,0,12,169,55.97246382540678,1.0,1,3,0,0,0,1,0,0,0,0,6,0,0,0,0,0,0,1,0,0,0,7,0,0,0,0,0,0,0,1,0,0,1
3839,0,1,1,1,0,0,0,20,111,14.277442863185925,0.044678431480322266,0,4,0,0,0,0,1,0,0,0,9,0,0,0,0,0,0,0,0,0,1,5,0,0,0,0,0,1,0,0,0,0,0
3840,0,1,1,0,0,0,0,21,106,8.502694003058435,0.00014519234173669928,0,4,0,0,0,0,1,0,0,0,6,0,0,0,0,0,0,1,0,0,0,7,0,0,0,0,0,0,0,1,0,0,0
3841,0,0,0,1,0,0,1,10,122,38.38271804251807,0.9999999992734532,1,1,0,1,0,0,0,0,0,0,6,0,0,0,0,0,0,1,0,0,0,7,0,0,0,0,0,0,0,1,0,0,0
3842,1,0,1,0,1,0,0,23,147,8.416225632673452,0.00013316687152516236,0,4,0,0,0,0,1,0,0,0,9,0,0,0,0,0,0,0,0,0,1,7,0,0,0,0,0,0,0,1,0,0,0
3845,0,1,1,1,0,0,1,13,151,9.529259921280671,0.00040519369151695116,0,5,0,0,0,0,0,1,0,0,1,0,1,0,0,0,0,0,0,0,0,7,0,0,0,0,0,0,0,1,0,0,0
3848,0,1,1,0,0,0,0,17,134,4.249818634341647,2.065406639532222e-06,0,6,0,0,0,0,0,0,1,0,6,0,0,0,0,0,0,1,0,0,0,7,0,0,0,0,0,0,0,1,0,0,0
3849,0,1,1,0,0,0,0,28,130,3.614268321323437,1.093931169169026e-06,0,6,0,0,0,0,0,0,1,0,6,0,0,0,0,0,0,1,0,0,0,7,0,0,0,0,0,0,0,1,0,0,0
3850,0,1,1,0,0,0,0,16,113,2.727326967194041,4.5060555392104356e-07,0,6,0,0,0,0,0,0,1,0,6,0,0,0,0,0,0,1,0,0,0,7,0,0,0,0,0,0,0,1,0,0,0
3851,0,1,1,0,0,0,0,19,112,2.727326967194041,4.5060555392104356e-07,0,6,0,0,0,0,0,0,1,0,6,0,0,0,0,0,0,1,0,0,0,7,0,0,0,0,0,0,0,1,0,0,0
3853,1,1,1,0,0,0,0,16,112,2.727326967194041,4.5060555392104356e-07,0,6,0,0,0,0,0,0,1,0,6,0,0,0,0,0,0,1,0,0,0,7,0,0,0,0,0,0,0,1,0,0,0
3855,1,1,1,0,0,0,0,19,117,5.728683546479683,9.062862700827361e-06,0,6,0,0,0,0,0,0,1,0,6,0,0,0,0,0,0,1,0,0,0,7,0,0,0,0,0,0,0,1,0,0,0
3857,0,1,1,0,0,0,0,6,111,7.878978145327302,7.782096588768445e-05,0,6,0,0,0,0,0,0,1,0,6,0,0,0,0,0,0,1,0,0,0,7,0,0,0,0,0,0,0,1,0,0,0
3858,0,1,1,0,0,0,1,9,164,51.070555301049616,0.9999999999999978,1,1,0,1,0,0,0,0,0,0,4,0,0,0,0,1,0,0,0,0,0,7,0,0,0,0,0,0,0,1,0,0,0
3859,0,0,0,0,0,0,0,6,107,7.566911513185028,5.6960902340178126e-05,0,6,0,0,0,0,0,0,1,0,6,0,0,0,0,0,0,1,0,0,0,7,0,0,0,0,0,0,0,1,0,0,0
3860,1,1,1,0,0,0,0,20,127,3.5943836023175564,1.0723935232684072e-06,0,6,0,0,0,0,0,0,1,0,6,0,0,0,0,0,0,1,0,0,0,7,0,0,0,0,0,0,0,1,0,0,0
3861,1,1,1,0,0,0,0,15,112,2.727326967194041,4.5060555392104356e-07,0,6,0,0,0,0,0,0,1,0,6,0,0,0,0,0,0,1,0,0,0,7,0,0,0,0,0,0,0,1,0,0,0
3862,0,1,1,0,0,0,0,29,120,2.777956284782018,4.7400679058517816e-07,0,6,0,0,0,0,0,0,1,0,6,0,0,0,0,0,0,1,0,0,0,7,0,0,0,0,0,0,0,1,0,0,0
3864,0,1,1,0,0,0,0,26,130,3.614268321323437,1.093931169169026e-06,0,6,0,0,0,0,0,0,1,0,6,0,0,0,0,0,0,1,0,0,0,7,0,0,0,0,0,0,0,1,0,0,0
3866,1,1,1,0,0,0,0,26,119,1.4228444704769678,1.222551415535375e-07,0,6,0,0,0,0,0,0,1,0,6,0,0,0,0,0,0,1,0,0,0,7,0,0,0,0,0,0,0,1,0,0,0
3868,0,1,1,0,0,0,0,8,91,3.8990040401523416,1.454283215483653e-06,0,6,0,0,0,0,0,0,1,0,6,0,0,0,0,0,0,1,0,0,0,7,0,0,0,0,0,0,0,1,0,0,0
3869,0,1,1,0,0,0,0,20,106,4.825196498115251,3.6718785008032683e-06,0,6,0,0,0,0,0,0,1,0,6,0,0,0,0,0,0,1,0,0,0,7,0,0,0,0,0,0,0,1,0,0,0
3870,0,1,1,0,0,0,0,17,113,2.727326967194041,4.5060555392104356e-07,0,6,0,0,0,0,0,0,1,0,6,0,0,0,0,0,0,1,0,0,0,7,0,0,0,0,0,0,0,1,0,0,0
3873,0,1,1,0,0,0,0,14,159,11.483400977939587,0.002852795482127273,0,4,0,0,0,0,1,0,0,0,9,0,0,0,0,0,0,0,0,0,1,5,0,0,0,0,0,1,0,0,0,0,0
3874,0,1,1,0,0,0,0,25,119,1.4228444704769678,1.222551415535375e-07,0,6,0,0,0,0,0,0,1,0,6,0,0,0,0,0,0,1,0,0,0,7,0,0,0,0,0,0,0,1,0,0,0
3875,0,1,1,0,0,0,0,19,130,6.66521287321401,2.3120052414357613e-05,0,6,0,0,0,0,0,0,1,0,6,0,0,0,0,0,0,1,0,0,0,7,0,0,0,0,0,0,0,1,0,0,0
3876,0,0,1,1,1,0,0,9,113,12.236041809627476,0.006036007543972417,0,1,0,1,0,0,0,0,0,0,6,0,0,0,0,0,0,1,0,0,0,7,0,0,0,0,0,0,0,1,0,0,0
3877,1,1,1,1,1,0,0,7,147,65.08508865676137,1.0,1,6,0,0,0,0,0,0,1,0,6,0,0,0,0,0,0,1,0,0,0,7,0,0,0,0,0,0,0,1,0,0,1
3879,1,1,1,0,0,0,0,14,159,14.181622827641108,0.04076246029514775,0,4,0,0,0,0,1,0,0,0,9,0,0,0,0,0,0,0,0,0,1,5,0,0,0,0,0,1,0,0,0,0,0
3887,0,1,1,0,0,0,0,19,131,6.66521287321401,2.3120052414357613e-05,0,6,0,0,0,0,0,0,1,0,6,0,0,0,0,0,0,1,0,0,0,7,0,0,0,0,0,0,0,1,0,0,0
3888,0,1,1,0,0,0,0,22,136,6.266064811543808,1.5511161448382293e-05,0,6,0,0,0,0,0,0,1,0,6,0,0,0,0,0,0,1,0,0,0,7,0,0,0,0,0,0,0,1,0,0,0
3889,0,1,1,0,0,0,0,14,159,14.181622827641108,0.04076246029514775,0,4,0,0,0,0,1,0,0,0,9,0,0,0,0,0,0,0,0,0,1,5,0,0,0,0,0,1,0,0,0,0,0
3892,0,1,1,0,0,0,0,15,126,4.139782067868263,1.8501945128352737e-06,0,6,0,0,0,0,0,0,1,0,6,0,0,0,0,0,0,1,0,0,0,7,0,0,0,0,0,0,0,1,0,0,0
3893,1,1,0,0,0,0,0,4,120,46.96610772102165,0.999999999999864,1,6,0,0,0,0,0,0,1,0,6,0,0,0,0,0,0,1,0,0,0,7,0,0,0,0,0,0,0,1,0,0,1
3894,0,1,1,0,0,0,0,14,159,14.181622827641108,0.04076246029514775,0,4,0,0,0,0,1,0,0,0,9,0,0,0,0,0,0,0,0,0,1,5,0,0,0,0,0,1,0,0,0,0,0
3895,1,1,1,1,0,0,0,13,125,38.41493325273167,0.999999999296486,1,4,0,0,0,0,1,0,0,0,9,0,0,0,0,0,0,0,0,0,1,7,0,0,0,0,0,0,0,1,0,0,1
3896,0,1,1,0,0,0,0,20,137,4.936093144145569,4.102512535645984e-06,0,6,0,0,0,0,0,0,1,0,6,0,0,0,0,0,0,1,0,0,0,7,0,0,0,0,0,0,0,1,0,0,0
3897,0,1,1,0,0,0,0,19,113,2.727326967194041,4.5060555392104356e-07,0,6,0,0,0,0,0,0,1,0,6,0,0,0,0,0,0,1,0,0,0,7,0,0,0,0,0,0,0,1,0,0,0
3899,0,1,0,1,0,0,0,3,135,32.784686907121625,0.9999998039090204,1,2,0,0,1,0,0,0,0,0,8,0,0,0,0,0,0,0,0,1,0,7,0,0,0,0,0,0,0,1,0,0,0
3900,1,0,0,0,0,1,0,6,134,80.33791256366064,1.0,1,6,0,0,0,0,0,0,1,0,6,0,0,0,0,0,0,1,0,0,0,7,0,0,0,0,0,0,0,1,0,0,0
3901,1,1,1,0,0,0,0,10,161,72.00237401810385,1.0,1,2,0,0,1,0,0,0,0,0,8,0,0,0,0,0,0,0,0,1,0,7,0,0,0,0,0,0,0,1,0,0,1
3903,1,1,1,0,0,0,0,24,130,25.33837581536654,0.9996641049395432,1,6,0,0,0,0,0,0,1,0,6,0,0,0,0,0,0,1,0,0,0,7,0,0,0,0,0,0,0,1,0,0,0
3904,1,1,0,1,1,0,0,18,161,24.337672193152446,0.999086827522992,1,6,0,0,0,0,0,0,1,0,6,0,0,0,0,0,0,1,0,0,0,7,0,0,0,0,0,0,0,1,0,0,1
3905,1,0,0,0,1,0,0,33,169,78.66034402358017,1.0,1,6,0,0,0,0,0,0,1,0,6,0,0,0,0,0,0,1,0,0,0,7,0,0,0,0,0,0,0,1,0,0,1
3906,1,1,1,0,0,0,0,10,148,46.63649574575244,0.9999999999998108,1,6,0,0,0,0,0,0,1,0,6,0,0,0,0,0,0,1,0,0,0,7,0,0,0,0,0,0,0,1,0,0,1
3907,1,1,1,0,1,0,0,8,99,13.880012278677599,0.030472396021705383,0,6,0,0,0,0,0,0,1,0,6,0,0,0,0,0,0,1,0,0,0,7,0,0,0,0,0,0,0,1,0,0,1
3908,1,0,1,0,0,0,0,25,177,121.21203918133699,1.0,1,6,0,0,0,0,0,0,1,0,6,0,0,0,0,0,0,1,0,0,0,7,0,0,0,0,0,0,0,1,0,0,1
3911,1,0,1,0,0,0,0,13,161,73.44519177775608,1.0,1,2,0,0,1,0,0,0,0,0,8,0,0,0,0,0,0,0,0,1,0,7,0,0,0,0,0,0,0,1,0,0,1
3913,1,1,1,0,0,0,5,12,159,75.93285312299034,1.0,1,6,0,0,0,0,0,0,1,0,6,0,0,0,0,0,0,1,0,0,0,7,0,0,0,0,0,0,0,1,0,0,1
3914,1,1,1,0,0,0,0,11,157,71.45968571473992,1.0,1,4,0,0,0,0,1,0,0,0,2,0,0,1,0,0,0,0,0,0,0,3,0,0,0,1,0,0,0,0,0,0,1
3916,1,1,1,0,0,0,0,13,148,75.93285312299034,1.0,1,6,0,0,0,0,0,0,1,0,6,0,0,0,0,0,0,1,0,0,0,7,0,0,0,0,0,0,0,1,0,0,1
3917,0,1,1,0,0,0,0,7,51,2.4568941513054527,3.4383422749865355e-07,0,6,0,0,0,0,0,0,1,0,6,0,0,0,0,0,0,1,0,0,0,7,0,0,0,0,0,0,0,1,0,0,0
3919,1,1,1,0,0,0,0,13,158,75.93285312299034,1.0,1,1,0,1,0,0,0,0,0,0,6,0,0,0,0,0,0,1,0,0,0,7,0,0,0,0,0,0,0,1,0,0,1
3921,0,1,1,0,0,0,0,15,155,31.52366772875508,0.9999993079920692,1,6,0,0,0,0,0,0,1,0,6,0,0,0,0,0,0,1,0,0,0,7,0,0,0,0,0,0,0,1,0,0,0
3922,0,0,0,0,1,0,0,43,93,73.54732641078857,1.0,1,2,0,0,1,0,0,0,0,0,8,0,0,0,0,0,0,0,0,1,0,7,0,0,0,0,0,0,0,1,0,0,0
3923,0,0,0,0,0,0,2,6,111,24.08453129803973,0.9988240840532571,1,6,0,0,0,0,0,0,1,0,6,0,0,0,0,0,0,1,0,0,0,7,0,0,0,0,0,0,0,1,0,0,0
3924,0,0,0,1,1,0,12,9,136,19.8344518778418,0.923751959579828,1,6,0,0,0,0,0,0,1,0,6,0,0,0,0,0,0,1,0,0,0,7,0,0,0,0,0,0,0,1,0,0,0
3926,0,1,1,1,1,0,0,4,121,7.727496636887045,6.688269806986816e-05,0,6,0,0,0,0,0,0,1,0,6,0,0,0,0,0,0,1,0,0,0,7,0,0,0,0,0,0,0,1,0,0,0
3927,0,0,0,1,0,2,4,4,52,0.8700038899153943,7.033500811083129e-08,0,2,0,0,1,0,0,0,0,0,8,0,0,0,0,0,0,0,0,1,0,7,0,0,0,0,0,0,0,1,0,0,0
3932,0,0,0,0,0,0,0,2,77,9.307161510788724,0.0003245201065890978,0,6,0,0,0,0,0,0,1,0,6,0,0,0,0,0,0,1,0,0,0,7,0,0,0,0,0,0,0,1,0,0,0
3933,1,1,1,0,0,0,0,11,148,63.506608746895225,1.0,1,6,0,0,0,0,0,0,1,0,6,0,0,0,0,0,0,1,0,0,0,7,0,0,0,0,0,0,0,1,0,0,1
3935,1,0,0,0,1,0,0,8,75,20.191664691457586,0.9454046690378984,1,2,0,0,1,0,0,0,0,0,8,0,0,0,0,0,0,0,0,1,0,7,0,0,0,0,0,0,0,1,0,0,0
3936,1,0,0,1,0,0,0,35,122,184.31383860338073,1.0,1,4,0,0,0,0,1,0,0,0,9,0,0,0,0,0,0,0,0,0,1,7,0,0,0,0,0,0,0,1,0,0,0
3937,1,1,1,0,0,0,0,10,90,8.670911855694314,0.00017178618837863628,0,6,0,0,0,0,0,0,1,0,6,0,0,0,0,0,0,1,0,0,0,7,0,0,0,0,0,0,0,1,0,0,1
3938,0,0,0,0,0,0,0,0,72,8.103136997444473,9.737311808648691e-05,0,6,0,0,0,0,0,0,1,0,6,0,0,0,0,0,0,1,0,0,0,7,0,0,0,0,0,0,0,1,0,0,0
3940,0,1,0,1,0,0,0,5,48,3.80258627637886,1.3206123277946243e-06,0,4,0,0,0,0,1,0,0,0,9,0,0,0,0,0,0,0,0,0,1,1,0,1,0,0,0,0,0,0,0,0,0
3944,0,0,0,1,0,0,2,1,82,9.170779430564348,0.00028315849388497376,0,6,0,0,0,0,0,0,1,0,6,0,0,0,0,0,0,1,0,0,0,7,0,0,0,0,0,0,0,1,0,0,0
3945,0,0,0,0,0,0,6,12,148,45.35392926863353,0.999999999999318,1,6,0,0,0,0,0,0,1,0,6,0,0,0,0,0,0,1,0,0,0,7,0,0,0,0,0,0,0,1,0,0,0
3947,1,1,1,0,0,0,0,25,159,99.79117243478257,1.0,1,0,1,0,0,0,0,0,0,0,6,0,0,0,0,0,0,1,0,0,0,7,0,0,0,0,0,0,0,1,0,0,1
3948,1,0,0,1,0,0,7,3,88,18.916241987428037,0.8286716331231438,1,4,0,0,0,0,1,0,0,0,9,0,0,0,0,0,0,0,0,0,1,7,0,0,0,0,0,0,0,1,0,0,1
3949,1,0,0,0,0,0,2,3,129,64.90655802427045,1.0,1,6,0,0,0,0,0,0,1,0,6,0,0,0,0,0,0,1,0,0,0,7,0,0,0,0,0,0,0,1,0,0,0
3950,1,1,1,0,0,0,0,7,171,103.7957028455055,1.0,1,6,0,0,0,0,0,0,1,0,6,0,0,0,0,0,0,1,0,0,0,7,0,0,0,0,0,0,0,1,0,0,0
3951,1,1,1,1,0,0,0,13,144,88.97890282519349,1.0,1,6,0,0,0,0,0,0,1,0,6,0,0,0,0,0,0,1,0,0,0,7,0,0,0,0,0,0,0,1,0,0,1
3952,1,1,1,0,0,0,0,17,161,106.18578991671042,1.0,1,6,0,0,0,0,0,0,1,0,6,0,0,0,0,0,0,1,0,0,0,7,0,0,0,0,0,0,0,1,0,0,1
3953,0,1,1,0,1,0,0,20,150,30.603219853826012,0.9999982627750792,1,6,0,0,0,0,0,0,1,0,6,0,0,0,0,0,0,1,0,0,0,7,0,0,0,0,0,0,0,1,0,0,0
3954,1,0,1,0,1,0,0,18,160,60.704085722755934,1.0,1,4,0,0,0,0,1,0,0,0,9,0,0,0,0,0,0,0,0,0,1,7,0,0,0,0,0,0,0,1,0,0,1
3955,1,1,1,0,0,0,0,15,154,102.54292245674627,1.0,1,6,0,0,0,0,0,0,1,0,6,0,0,0,0,0,0,1,0,0,0,7,0,0,0,0,0,0,0,1,0,0,1
3956,1,1,1,0,0,0,0,19,148,94.57173934871356,1.0,1,6,0,0,0,0,0,0,1,0,6,0,0,0,0,0,0,1,0,0,0,7,0,0,0,0,0,0,0,1,0,0,1
3957,1,0,0,1,1,0,0,7,112,35.29369835256706,0.9999999840482672,1,2,0,0,1,0,0,0,0,0,8,0,0,0,0,0,0,0,0,1,0,7,0,0,0,0,0,0,0,1,0,0,1
3958,1,1,1,0,0,0,0,15,148,84.30414917575428,1.0,1,6,0,0,0,0,0,0,1,0,6,0,0,0,0,0,0,1,0,0,0,7,0,0,0,0,0,0,0,1,0,0,1
3959,0,0,0,1,0,0,0,1,130,47.56087264006086,0.9999999999999251,1,6,0,0,0,0,0,0,1,0,6,0,0,0,0,0,0,1,0,0,0,7,0,0,0,0,0,0,0,1,0,0,0
3960,1,1,1,0,0,0,0,16,161,110.02961519724907,1.0,1,4,0,0,0,0,1,0,0,0,9,0,0,0,0,0,0,0,0,0,1,7,0,0,0,0,0,0,0,1,0,0,1
3961,1,1,1,0,0,0,0,23,163,67.50518183341612,1.0,1,6,0,0,0,0,0,0,1,0,6,0,0,0,0,0,0,1,0,0,0,7,0,0,0,0,0,0,0,1,0,0,1
3962,1,1,1,0,0,0,0,19,175,94.57173934871356,1.0,1,6,0,0,0,0,0,0,1,0,6,0,0,0,0,0,0,1,0,0,0,7,0,0,0,0,0,0,0,1,0,0,1
3964,1,0,1,0,1,0,0,15,116,25.23876069090796,0.999628934449626,1,6,0,0,0,0,0,0,1,0,6,0,0,0,0,0,0,1,0,0,0,7,0,0,0,0,0,0,0,1,0,0,1
3967,1,1,1,0,0,0,0,21,166,129.78071403646447,1.0,1,4,0,0,0,0,1,0,0,0,9,0,0,0,0,0,0,0,0,0,1,9,0,0,0,0,0,0,0,0,0,1,1
3968,1,1,1,0,0,0,0,17,173,117.7600580191049,1.0,1,4,0,0,0,0,1,0,0,0,9,0,0,0,0,0,0,0,0,0,1,7,0,0,0,0,0,0,0,1,0,0,1
3969,0,1,1,0,0,2,0,20,168,23.07386908625805,0.9967758902220232,1,4,0,0,0,0,1,0,0,0,9,0,0,0,0,0,0,0,0,0,1,7,0,0,0,0,0,0,0,1,0,0,1
3970,1,0,0,1,1,0,0,11,182,42.832728655187616,0.999999999991515,1,4,0,0,0,0,1,0,0,0,9,0,0,0,0,0,0,0,0,0,1,7,0,0,0,0,0,0,0,1,0,0,0
3973,0,1,1,0,0,0,0,13,161,51.96092918418168,0.9999999999999992,1,4,0,0,0,0,1,0,0,0,2,0,0,1,0,0,0,0,0,0,0,7,0,0,0,0,0,0,0,1,0,0,1
3975,0,0,0,0,0,0,26,3,94,8.281795261111354,0.00011641825978956177,0,4,0,0,0,0,1,0,0,0,2,0,0,1,0,0,0,0,0,0,0,3,0,0,0,1,0,0,0,0,0,0,0
3977,1,1,1,0,0,0,0,16,155,101.71152852507488,1.0,1,7,0,0,0,0,0,0,0,1,6,0,0,0,0,0,0,1,0,0,0,7,0,0,0,0,0,0,0,1,0,0,1
3979,1,1,1,0,1,0,0,17,126,20.72083412760116,0.967100155353788,1,2,0,0,1,0,0,0,0,0,6,0,0,0,0,0,0,1,0,0,0,7,0,0,0,0,0,0,0,1,0,0,1
3980,0,1,1,0,0,0,0,23,163,29.84551121261655,0.9999962938424498,1,4,0,0,0,0,1,0,0,0,9,0,0,0,0,0,0,0,0,0,1,7,0,0,0,0,0,0,0,1,0,0,0
3982,1,1,1,0,0,0,0,15,148,94.57173934871356,1.0,1,6,0,0,0,0,0,0,1,0,6,0,0,0,0,0,0,1,0,0,0,7,0,0,0,0,0,0,0,1,0,0,1
3983,1,1,1,0,0,0,0,15,148,94.57173934871356,1.0,1,6,0,0,0,0,0,0,1,0,6,0,0,0,0,0,0,1,0,0,0,7,0,0,0,0,0,0,0,1,0,0,1
3984,1,1,1,0,1,0,1,21,163,32.107488697429865,0.9999996140233972,1,6,0,0,0,0,0,0,1,0,6,0,0,0,0,0,0,1,0,0,0,7,0,0,0,0,0,0,0,1,0,0,1
3989,0,1,1,0,0,0,0,9,148,27.78327626111442,0.9999708572795684,1,4,0,0,0,0,1,0,0,0,9,0,0,0,0,0,0,0,0,0,1,9,0,0,0,0,0,0,0,0,0,1,1
3990,1,1,1,0,0,0,0,19,163,60.195652686189796,1.0,1,4,0,0,0,0,1,0,0,0,9,0,0,0,0,0,0,0,0,0,1,7,0,0,0,0,0,0,0,1,0,0,1
3992,1,1,1,0,0,0,0,14,148,94.57173934871356,1.0,1,6,0,0,0,0,0,0,1,0,6,0,0,0,0,0,0,1,0,0,0,7,0,0,0,0,0,0,0,1,0,0,1
3993,1,1,1,0,1,0,0,3,150,69.80749474079164,1.0,1,6,0,0,0,0,0,0,1,0,6,0,0,0,0,0,0,1,0,0,0,7,0,0,0,0,0,0,0,1,0,0,1
3994,1,1,1,0,0,0,0,11,146,61.06647298651966,1.0,1,4,0,0,0,0,1,0,0,0,9,0,0,0,0,0,0,0,0,0,1,9,0,0,0,0,0,0,0,0,0,1,1
3995,0,0,0,1,1,0,2,7,130,20.637245792296273,0.9643342042545324,1,4,0,0,0,0,1,0,0,0,9,0,0,0,0,0,0,0,0,0,1,7,0,0,0,0,0,0,0,1,0,0,0
3996,1,1,1,0,0,0,0,4,154,102.73692471817884,1.0,1,6,0,0,0,0,0,0,1,0,6,0,0,0,0,0,0,1,0,0,0,7,0,0,0,0,0,0,0,1,0,0,1
3997,0,1,1,0,1,0,0,14,125,8.68823806395967,0.00017478800133993545,0,4,0,0,0,0,1,0,0,0,9,0,0,0,0,0,0,0,0,0,1,7,0,0,0,0,0,0,0,1,0,0,0
3998,0,0,0,0,0,0,0,6,87,10.649929477256707,0.0012416514813081106,0,4,0,0,0,0,1,0,0,0,9,0,0,0,0,0,0,0,0,0,1,7,0,0,0,0,0,0,0,1,0,0,0
4000,1,1,1,0,1,0,0,15,104,15.223657150741596,0.10751850096961714,0,1,0,1,0,0,0,0,0,0,6,0,0,0,0,0,0,1,0,0,0,7,0,0,0,0,0,0,0,1,0,0,1
4003,0,1,1,0,0,0,2,11,75,1.7532014332578585,1.7011371072969243e-07,0,7,0,0,0,0,0,0,0,1,6,0,0,0,0,0,0,1,0,0,0,7,0,0,0,0,0,0,0,1,0,0,0
4005,0,0,0,1,0,0,2,6,119,32.867167113475325,0.9999998194336062,1,6,0,0,0,0,0,0,1,0,6,0,0,0,0,0,0,1,0,0,0,7,0,0,0,0,0,0,0,1,0,0,0
4006,1,1,1,1,1,0,0,8,145,74.33919527318649,1.0,1,6,0,0,0,0,0,0,1,0,6,0,0,0,0,0,0,1,0,0,0,7,0,0,0,0,0,0,0,1,0,0,1
4008,0,0,1,0,0,0,0,4,89,18.804119024648,0.8121618605983117,1,6,0,0,0,0,0,0,1,0,6,0,0,0,0,0,0,1,0,0,0,7,0,0,0,0,0,0,0,1,0,0,0
4010,1,0,1,1,0,0,0,8,149,109.36416551266359,1.0,1,6,0,0,0,0,0,0,1,0,6,0,0,0,0,0,0,1,0,0,0,7,0,0,0,0,0,0,0,1,0,0,1
4011,1,1,1,0,1,0,0,10,163,5.116484833344048,4.913519452371041e-06,0,1,0,1,0,0,0,0,0,0,6,0,0,0,0,0,0,1,0,0,0,7,0,0,0,0,0,0,0,1,0,0,1
4012,0,1,1,0,0,0,0,2,78,7.554941992632933,5.6283209940131004e-05,0,6,0,0,0,0,0,0,1,0,6,0,0,0,0,0,0,1,0,0,0,7,0,0,0,0,0,0,0,1,0,0,0
4014,0,1,1,0,0,0,0,5,74,8.447880679934414,0.00013744911547429242,0,6,0,0,0,0,0,0,1,0,6,0,0,0,0,0,0,1,0,0,0,7,0,0,0,0,0,0,0,1,0,0,1
4017,1,1,1,0,0,0,0,6,70,5.871443355223393,1.0453569087403493e-05,0,0,1,0,0,0,0,0,0,0,5,0,0,0,0,0,1,0,0,0,0,7,0,0,0,0,0,0,0,1,0,0,1
4018,0,1,0,0,0,0,0,3,135,100.33217589613658,1.0,1,6,0,0,0,0,0,0,1,0,6,0,0,0,0,0,0,1,0,0,0,7,0,0,0,0,0,0,0,1,0,0,0
4019,1,1,1,0,1,0,0,17,136,39.889972778331796,0.9999999998390574,1,7,0,0,0,0,0,0,0,1,0,1,0,0,0,0,0,0,0,0,0,7,0,0,0,0,0,0,0,1,0,0,1
4020,1,0,0,0,1,0,0,13,146,47.84853246332533,0.9999999999999438,1,6,0,0,0,0,0,0,1,0,6,0,0,0,0,0,0,1,0,0,0,7,0,0,0,0,0,0,0,1,0,0,1
4021,1,1,1,1,1,0,2,25,110,1.4265099161241723,1.2270408335825306e-07,0,6,0,0,0,0,0,0,1,0,6,0,0,0,0,0,0,1,0,0,0,7,0,0,0,0,0,0,0,1,0,0,1
4022,1,1,1,0,1,0,0,26,132,55.78922922837443,1.0,1,4,0,0,0,0,1,0,0,0,9,0,0,0,0,0,0,0,0,0,1,7,0,0,0,0,0,0,0,1,0,0,1
4024,1,1,1,0,0,0,0,17,136,135.87893837945302,1.0,1,6,0,0,0,0,0,0,1,0,6,0,0,0,0,0,0,1,0,0,0,7,0,0,0,0,0,0,0,1,0,0,1
4025,1,1,1,0,0,0,0,12,107,30.179930017116533,0.999997347300268,1,4,0,0,0,0,1,0,0,0,9,0,0,0,0,0,0,0,0,0,1,7,0,0,0,0,0,0,0,1,0,0,1
4026,1,0,1,1,0,0,0,8,114,53.86603101535156,0.9999999999999998,1,6,0,0,0,0,0,0,1,0,6,0,0,0,0,0,0,1,0,0,0,7,0,0,0,0,0,0,0,1,0,0,1
4027,0,0,0,0,0,0,0,4,62,4.931858924292502,4.08517839077176e-06,0,7,0,0,0,0,0,0,0,1,6,0,0,0,0,0,0,1,0,0,0,7,0,0,0,0,0,0,0,1,0,0,0
4028,0,1,0,1,0,0,0,4,84,16.079611391075453,0.22090700261173946,0,6,0,0,0,0,0,0,1,0,6,0,0,0,0,0,0,1,0,0,0,7,0,0,0,0,0,0,0,1,0,0,0
4029,0,0,0,0,0,0,0,1,44,7.267229433687105,4.221171457342624e-05,0,6,0,0,0,0,0,0,1,0,6,0,0,0,0,0,0,1,0,0,0,7,0,0,0,0,0,0,0,1,0,0,0
4030,0,0,0,0,0,2,1,6,160,43.63229732656055,0.9999999999961856,1,4,0,0,0,0,1,0,0,0,9,0,0,0,0,0,0,0,0,0,1,8,0,0,0,0,0,0,0,0,1,0,0
4032,1,1,0,1,1,0,0,12,171,201.00159906902576,1.0,1,1,0,1,0,0,0,0,0,0,4,0,0,0,0,1,0,0,0,0,0,7,0,0,0,0,0,0,0,1,0,0,1
4033,0,0,0,1,0,0,0,10,70,11.580363166642403,0.0031423506904895288,0,6,0,0,0,0,0,0,1,0,6,0,0,0,0,0,0,1,0,0,0,7,0,0,0,0,0,0,0,1,0,0,0
4034,0,1,1,1,1,0,0,32,125,10.432495854431806,0.0009992516623112738,0,4,0,0,0,0,1,0,0,0,2,0,0,1,0,0,0,0,0,0,0,3,0,0,0,1,0,0,0,0,0,0,0
4038,1,0,0,0,0,0,0,4,145,76.37476089731656,1.0,1,4,0,0,0,0,1,0,0,0,9,0,0,0,0,0,0,0,0,0,1,4,0,0,0,0,1,0,0,0,0,0,0
4039,0,1,1,0,0,0,0,16,119,14.967769321004393,0.08531490446277695,0,0,1,0,0,0,0,0,0,0,6,0,0,0,0,0,0,1,0,0,0,7,0,0,0,0,0,0,0,1,0,0,1
4041,0,1,0,1,0,0,0,8,164,23.495988988264045,0.9978837454727126,1,4,0,0,0,0,1,0,0,0,2,0,0,1,0,0,0,0,0,0,0,7,0,0,0,0,0,0,0,1,0,0,0
4042,0,0,0,0,0,0,0,5,150,108.66441880827469,1.0,1,6,0,0,0,0,0,0,1,0,6,0,0,0,0,0,0,1,0,0,0,7,0,0,0,0,0,0,0,1,0,0,0
4043,0,1,1,0,0,0,0,27,107,13.338492799436654,0.017959608052432616,0,6,0,0,0,0,0,0,1,0,6,0,0,0,0,0,0,1,0,0,0,7,0,0,0,0,0,0,0,1,0,0,1
4044,1,1,1,0,0,0,0,24,105,32.05822926174371,0.9999995945343461,1,4,0,0,0,0,1,0,0,0,9,0,0,0,0,0,0,0,0,0,1,7,0,0,0,0,0,0,0,1,0,0,1
4045,0,0,0,0,0,0,0,2,143,64.19125096093258,1.0,1,6,0,0,0,0,0,0,1,0,6,0,0,0,0,0,0,1,0,0,0,7,0,0,0,0,0,0,0,1,0,0,0
4046,0,1,1,1,0,0,0,17,139,26.215343713442923,0.9998602259681052,1,4,0,0,0,0,1,0,0,0,9,0,0,0,0,0,0,0,0,0,1,0,1,0,0,0,0,0,0,0,0,0,0
4047,0,0,0,1,0,0,0,3,106,30.759311765672148,0.9999985138374824,1,0,1,0,0,0,0,0,0,0,6,0,0,0,0,0,0,1,0,0,0,7,0,0,0,0,0,0,0,1,0,0,0
4049,1,1,1,0,1,0,0,15,171,59.55614539351261,1.0,1,6,0,0,0,0,0,0,1,0,6,0,0,0,0,0,0,1,0,0,0,7,0,0,0,0,0,0,0,1,0,0,1
4050,1,1,1,0,0,0,0,10,143,83.58476555104258,1.0,1,6,0,0,0,0,0,0,1,0,6,0,0,0,0,0,0,1,0,0,0,7,0,0,0,0,0,0,0,1,0,0,1
4051,1,1,1,0,1,0,0,19,149,38.522971611137045,0.9999999993685308,1,6,0,0,0,0,0,0,1,0,6,0,0,0,0,0,0,1,0,0,0,7,0,0,0,0,0,0,0,1,0,0,1
4052,1,1,1,0,1,0,0,14,173,25.437743886350514,0.9996958677945708,1,6,0,0,0,0,0,0,1,0,6,0,0,0,0,0,0,1,0,0,0,7,0,0,0,0,0,0,0,1,0,0,1
4054,1,1,1,0,1,0,0,9,165,27.61491045276844,0.9999655135801786,1,1,0,1,0,0,0,0,0,0,6,0,0,0,0,0,0,1,0,0,0,7,0,0,0,0,0,0,0,1,0,0,1
4055,0,0,0,1,0,2,0,9,156,57.834495685786,1.0,1,4,0,0,0,0,1,0,0,0,9,0,0,0,0,0,0,0,0,0,1,7,0,0,0,0,0,0,0,1,0,0,0
4057,1,1,0,0,1,0,0,20,152,66.31180341068588,1.0,1,6,0,0,0,0,0,0,1,0,6,0,0,0,0,0,0,1,0,0,0,7,0,0,0,0,0,0,0,1,0,0,1
4058,0,1,1,0,0,0,0,24,158,57.00988057725463,1.0,1,0,1,0,0,0,0,0,0,0,5,0,0,0,0,0,1,0,0,0,0,7,0,0,0,0,0,0,0,1,0,0,1
4060,1,1,1,1,0,1,0,10,157,40.23479362693628,0.9999999998859967,1,4,0,0,0,0,1,0,0,0,9,0,0,0,0,0,0,0,0,0,1,7,0,0,0,0,0,0,0,1,0,0,1
4061,0,1,0,0,0,0,0,2,152,81.29654826940086,1.0,1,4,0,0,0,0,1,0,0,0,9,0,0,0,0,0,0,0,0,0,1,7,0,0,0,0,0,0,0,1,0,0,0
4062,1,0,1,0,0,0,0,17,103,27.450382147364774,0.9999593463852346,1,6,0,0,0,0,0,0,1,0,6,0,0,0,0,0,0,1,0,0,0,7,0,0,0,0,0,0,0,1,0,0,1
4063,1,1,1,0,0,0,0,12,118,53.50962495242312,0.9999999999999998,1,4,0,0,0,0,1,0,0,0,2,0,0,1,0,0,0,0,0,0,0,7,0,0,0,0,0,0,0,1,0,0,1
4064,1,1,0,0,1,0,0,20,152,66.31180341068588,1.0,1,6,0,0,0,0,0,0,1,0,6,0,0,0,0,0,0,1,0,0,0,7,0,0,0,0,0,0,0,1,0,0,1
4065,1,1,1,0,0,0,0,10,143,53.96707313871818,0.9999999999999998,1,6,0,0,0,0,0,0,1,0,6,0,0,0,0,0,0,1,0,0,0,7,0,0,0,0,0,0,0,1,0,0,1
4068,1,1,1,0,1,0,0,14,169,68.70225513823641,1.0,1,6,0,0,0,0,0,0,1,0,6,0,0,0,0,0,0,1,0,0,0,7,0,0,0,0,0,0,0,1,0,0,1
4072,1,1,1,0,1,0,0,14,169,68.70225513823641,1.0,1,6,0,0,0,0,0,0,1,0,6,0,0,0,0,0,0,1,0,0,0,7,0,0,0,0,0,0,0,1,0,0,1
4076,0,1,1,0,1,0,0,14,169,68.70225513823641,1.0,1,6,0,0,0,0,0,0,1,0,6,0,0,0,0,0,0,1,0,0,0,7,0,0,0,0,0,0,0,1,0,0,1
4077,1,1,1,0,1,0,0,14,169,68.70225513823641,1.0,1,6,0,0,0,0,0,0,1,0,6,0,0,0,0,0,0,1,0,0,0,7,0,0,0,0,0,0,0,1,0,0,1
4078,0,1,1,0,1,0,2,9,100,8.615446332898555,0.00016251890910873074,0,7,0,0,0,0,0,0,0,1,0,1,0,0,0,0,0,0,0,0,0,7,0,0,0,0,0,0,0,1,0,0,0
4079,1,1,1,0,0,0,0,12,138,17.880833632232058,0.6320063205218078,1,4,0,0,0,0,1,0,0,0,9,0,0,0,0,0,0,0,0,0,1,7,0,0,0,0,0,0,0,1,0,0,1
4080,1,1,1,0,0,0,0,26,154,64.30801535854354,1.0,1,0,1,0,0,0,0,0,0,0,5,0,0,0,0,0,1,0,0,0,0,7,0,0,0,0,0,0,0,1,0,0,1
4081,1,1,1,1,1,0,0,18,163,46.08690132737286,0.9999999999996724,1,2,0,0,1,0,0,0,0,0,6,0,0,0,0,0,0,1,0,0,0,7,0,0,0,0,0,0,0,1,0,0,1
4083,0,1,1,0,1,0,0,14,100,8.912018719708401,0.00021861466054427464,0,6,0,0,0,0,0,0,1,0,6,0,0,0,0,0,0,1,0,0,0,7,0,0,0,0,0,0,0,1,0,0,1
4084,1,1,1,0,0,0,0,18,124,50.21203239796411,0.9999999999999948,1,1,0,1,0,0,0,0,0,0,6,0,0,0,0,0,0,1,0,0,0,7,0,0,0,0,0,0,0,1,0,0,1
4085,0,0,0,0,0,0,1,3,90,20.575597320296694,0.9621521098393941,1,6,0,0,0,0,0,0,1,0,6,0,0,0,0,0,0,1,0,0,0,7,0,0,0,0,0,0,0,1,0,0,0
4086,1,1,1,0,1,0,0,15,171,59.55614539351261,1.0,1,6,0,0,0,0,0,0,1,0,6,0,0,0,0,0,0,1,0,0,0,7,0,0,0,0,0,0,0,1,0,0,1
4087,1,1,1,0,1,0,0,9,98,15.804925219337404,0.17725239775300158,0,4,0,0,0,0,1,0,0,0,9,0,0,0,0,0,0,0,0,0,1,5,0,0,0,0,0,1,0,0,0,0,1
4088,1,1,1,0,0,0,0,10,124,49.62803809431742,0.9999999999999905,1,6,0,0,0,0,0,0,1,0,6,0,0,0,0,0,0,1,0,0,0,7,0,0,0,0,0,0,0,1,0,0,1
4089,1,0,1,1,0,2,0,7,151,71.97236186734605,1.0,1,6,0,0,0,0,0,0,1,0,6,0,0,0,0,0,0,1,0,0,0,7,0,0,0,0,0,0,0,1,0,0,1
4091,1,1,1,1,1,0,0,15,141,13.286291883357132,0.0170617343645934,0,2,0,0,1,0,0,0,0,0,6,0,0,0,0,0,0,1,0,0,0,7,0,0,0,0,0,0,0,1,0,0,1
4092,0,1,1,0,0,0,0,27,154,64.30801535854354,1.0,1,0,1,0,0,0,0,0,0,0,5,0,0,0,0,0,1,0,0,0,0,7,0,0,0,0,0,0,0,1,0,0,1
4093,1,1,1,0,0,0,1,8,132,30.961576607792846,0.9999987859853792,1,4,0,0,0,0,1,0,0,0,9,0,0,0,0,0,0,0,0,0,1,5,0,0,0,0,0,1,0,0,0,0,0
4094,1,1,1,0,1,0,0,14,129,5.025693165050722,4.4870668969312415e-06,0,4,0,0,0,0,1,0,0,0,2,0,0,1,0,0,0,0,0,0,0,7,0,0,0,0,0,0,0,1,0,0,1
4095,0,0,0,1,0,1,1,6,129,32.62170816359296,0.9999997691986364,1,4,0,0,0,0,1,0,0,0,9,0,0,0,0,0,0,0,0,0,1,7,0,0,0,0,0,0,0,1,0,0,0
4096,1,1,1,1,0,1,0,14,167,79.31538253306366,1.0,1,4,0,0,0,0,1,0,0,0,9,0,0,0,0,0,0,0,0,0,1,7,0,0,0,0,0,0,0,1,0,0,1
4097,0,0,1,0,0,0,0,8,124,31.949728758811865,0.9999995480657856,1,2,0,0,1,0,0,0,0,0,8,0,0,0,0,0,0,0,0,1,0,7,0,0,0,0,0,0,0,1,0,0,1
4098,1,1,1,1,1,0,0,24,169,28.20313740912252,0.9999808490179236,1,6,0,0,0,0,0,0,1,0,6,0,0,0,0,0,0,1,0,0,0,7,0,0,0,0,0,0,0,1,0,0,1
4100,1,1,1,0,0,0,0,7,64,7.822533581592497,7.35503780057798e-05,0,6,0,0,0,0,0,0,1,0,6,0,0,0,0,0,0,1,0,0,0,7,0,0,0,0,0,0,0,1,0,0,1
4101,1,1,1,0,0,0,0,12,90,20.710689127208934,0.9667758332695444,1,4,0,0,0,0,1,0,0,0,9,0,0,0,0,0,0,0,0,0,1,7,0,0,0,0,0,0,0,1,0,0,1
4103,1,1,1,0,0,0,2,15,138,60.664152861765814,1.0,1,0,1,0,0,0,0,0,0,0,6,0,0,0,0,0,0,1,0,0,0,7,0,0,0,0,0,0,0,1,0,0,1
4104,1,1,1,0,0,0,0,33,161,127.30412800214857,1.0,1,4,0,0,0,0,1,0,0,0,9,0,0,0,0,0,0,0,0,0,1,7,0,0,0,0,0,0,0,1,0,0,1
4105,1,1,1,0,0,0,0,13,88,7.822533581592497,7.35503780057798e-05,0,6,0,0,0,0,0,0,1,0,6,0,0,0,0,0,0,1,0,0,0,7,0,0,0,0,0,0,0,1,0,0,1
4107,1,1,1,0,0,0,0,10,93,23.696537138429928,0.9982676406268141,1,0,1,0,0,0,0,0,0,0,5,0,0,0,0,0,1,0,0,0,0,7,0,0,0,0,0,0,0,1,0,0,1
4108,1,1,1,0,1,1,0,24,163,33.56111915083453,0.9999999097894308,1,4,0,0,0,0,1,0,0,0,2,0,0,1,0,0,0,0,0,0,0,7,0,0,0,0,0,0,0,1,0,0,1
4111,1,0,1,0,0,0,0,12,88,20.312357379946206,0.9513095862769256,1,7,0,0,0,0,0,0,0,1,0,1,0,0,0,0,0,0,0,0,0,7,0,0,0,0,0,0,0,1,0,0,1
4112,1,1,0,0,0,0,0,8,152,43.16648899770953,0.9999999999939228,1,6,0,0,0,0,0,0,1,0,6,0,0,0,0,0,0,1,0,0,0,7,0,0,0,0,0,0,0,1,0,0,1
4113,1,1,1,0,0,0,0,6,85,24.536554417593244,0.9992513981564096,1,6,0,0,0,0,0,0,1,0,6,0,0,0,0,0,0,1,0,0,0,7,0,0,0,0,0,0,0,1,0,0,1
4114,1,1,1,0,0,0,0,24,155,70.30006677548657,1.0,1,4,0,0,0,0,1,0,0,0,2,0,0,1,0,0,0,0,0,0,0,7,0,0,0,0,0,0,0,1,0,0,1
4116,1,1,1,0,1,0,0,13,142,43.465190152879174,0.999999999995492,1,7,0,0,0,0,0,0,0,1,0,1,0,0,0,0,0,0,0,0,0,7,0,0,0,0,0,0,0,1,0,0,1
4117,0,1,0,1,0,0,1,6,121,35.08594541897125,0.999999980364868,1,4,0,0,0,0,1,0,0,0,2,0,0,1,0,0,0,0,0,0,0,7,0,0,0,0,0,0,0,1,0,0,1
4119,0,0,0,0,0,0,0,5,65,10.433569686361396,0.0010003241930315542,0,6,0,0,0,0,0,0,1,0,6,0,0,0,0,0,0,1,0,0,0,7,0,0,0,0,0,0,0,1,0,0,0
4121,1,0,1,0,0,0,0,19,158,54.196723790600736,1.0,1,4,0,0,0,0,1,0,0,0,9,0,0,0,0,0,0,0,0,0,1,7,0,0,0,0,0,0,0,1,0,0,1
4122,1,1,1,0,1,0,0,13,130,31.580221463659,0.999999346041614,1,4,0,0,0,0,1,0,0,0,9,0,0,0,0,0,0,0,0,0,1,7,0,0,0,0,0,0,0,1,0,0,1
4123,1,1,1,0,1,0,1,24,169,23.620412442584925,0.9981308720980429,1,6,0,0,0,0,0,0,1,0,6,0,0,0,0,0,0,1,0,0,0,7,0,0,0,0,0,0,0,1,0,0,1
4124,1,1,1,0,0,0,0,8,116,47.484517798453254,0.9999999999999191,1,4,0,0,0,0,1,0,0,0,9,0,0,0,0,0,0,0,0,0,1,7,0,0,0,0,0,0,0,1,0,0,1
4127,0,0,0,0,0,0,0,3,65,13.826384772749027,0.02892730908998495,0,6,0,0,0,0,0,0,1,0,6,0,0,0,0,0,0,1,0,0,0,7,0,0,0,0,0,0,0,1,0,0,0
4128,1,0,0,0,0,0,6,6,49,9.40994829977098,0.00035963842604158576,0,6,0,0,0,0,0,0,1,0,6,0,0,0,0,0,0,1,0,0,0,7,0,0,0,0,0,0,0,1,0,0,1
4129,1,1,0,1,0,0,1,5,161,108.01406265620554,1.0,1,6,0,0,0,0,0,0,1,0,6,0,0,0,0,0,0,1,0,0,0,7,0,0,0,0,0,0,0,1,0,0,1
4131,0,0,0,1,0,0,0,4,94,25.912060545415553,0.9998107136953384,1,6,0,0,0,0,0,0,1,0,6,0,0,0,0,0,0,1,0,0,0,7,0,0,0,0,0,0,0,1,0,0,0
4132,1,1,1,0,0,0,0,7,145,66.51181612706033,1.0,1,4,0,0,0,0,1,0,0,0,9,0,0,0,0,0,0,0,0,0,1,8,0,0,0,0,0,0,0,0,1,0,1
4133,1,0,0,0,0,0,0,6,146,95.61328593522877,1.0,1,6,0,0,0,0,0,0,1,0,6,0,0,0,0,0,0,1,0,0,0,7,0,0,0,0,0,0,0,1,0,0,1
4135,0,0,0,0,1,0,0,9,99,23.531273840942518,0.9979569652735358,1,4,0,0,0,0,1,0,0,0,9,0,0,0,0,0,0,0,0,0,1,7,0,0,0,0,0,0,0,1,0,0,1
4138,1,1,1,0,0,0,0,10,124,16.364929933775393,0.27387108474869465,0,4,0,0,0,0,1,0,0,0,9,0,0,0,0,0,0,0,0,0,1,7,0,0,0,0,0,0,0,1,0,0,1
4139,1,1,1,0,1,0,0,14,153,13.97997864165132,0.03356853037377803,0,4,0,0,0,0,1,0,0,0,9,0,0,0,0,0,0,0,0,0,1,7,0,0,0,0,0,0,0,1,0,0,1
4140,1,1,1,1,0,0,1,11,85,7.036487467275393,3.3514041847539585e-05,0,6,0,0,0,0,0,0,1,0,6,0,0,0,0,0,0,1,0,0,0,7,0,0,0,0,0,0,0,1,0,0,1
4141,1,0,0,1,0,0,0,1,72,32.91719579424785,0.999999828244858,1,4,0,0,0,0,1,0,0,0,9,0,0,0,0,0,0,0,0,0,1,7,0,0,0,0,0,0,0,1,0,0,0
4142,1,1,1,0,0,0,0,10,141,50.226495698967845,0.9999999999999948,1,4,0,0,0,0,1,0,0,0,9,0,0,0,0,0,0,0,0,0,1,4,0,0,0,0,1,0,0,0,0,0,1
4143,1,1,1,0,0,0,0,11,94,9.79038586948072,0.0005260363162859211,0,0,1,0,0,0,0,0,0,0,5,0,0,0,0,0,1,0,0,0,0,7,0,0,0,0,0,0,0,1,0,0,1
4145,1,1,1,0,0,0,0,26,149,127.30412800214857,1.0,1,6,0,0,0,0,0,0,1,0,6,0,0,0,0,0,0,1,0,0,0,7,0,0,0,0,0,0,0,1,0,0,1
4146,0,0,1,1,1,0,0,14,156,27.354586709697553,0.9999552595011147,1,4,0,0,0,0,1,0,0,0,9,0,0,0,0,0,0,0,0,0,1,4,0,0,0,0,1,0,0,0,0,0,0
4147,0,1,0,0,0,0,0,6,94,35.71947345213706,0.9999999895793192,1,6,0,0,0,0,0,0,1,0,6,0,0,0,0,0,0,1,0,0,0,7,0,0,0,0,0,0,0,1,0,0,0
4149,0,0,0,1,0,0,0,6,147,69.20277176363692,1.0,1,6,0,0,0,0,0,0,1,0,6,0,0,0,0,0,0,1,0,0,0,7,0,0,0,0,0,0,0,1,0,0,0
4150,1,0,0,1,0,0,0,6,139,65.71492355813955,1.0,1,6,0,0,0,0,0,0,1,0,6,0,0,0,0,0,0,1,0,0,0,7,0,0,0,0,0,0,0,1,0,0,0
4152,0,1,1,0,0,2,0,8,139,32.68147892416252,0.9999997825896254,1,4,0,0,0,0,1,0,0,0,9,0,0,0,0,0,0,0,0,0,1,7,0,0,0,0,0,0,0,1,0,0,0
4153,0,0,0,0,0,0,0,1,49,4.933124175825307,4.090350419118768e-06,0,6,0,0,0,0,0,0,1,0,6,0,0,0,0,0,0,1,0,0,0,7,0,0,0,0,0,0,0,1,0,0,0
4154,0,0,0,0,0,0,0,4,132,42.20948556669118,0.9999999999841758,1,6,0,0,0,0,0,0,1,0,6,0,0,0,0,0,0,1,0,0,0,7,0,0,0,0,0,0,0,1,0,0,0
4156,0,1,1,0,1,0,0,16,118,5.0142787739443255,4.436141183577964e-06,0,4,0,0,0,0,1,0,0,0,9,0,0,0,0,0,0,0,0,0,1,2,0,0,1,0,0,0,0,0,0,0,0
4157,0,1,1,0,0,0,0,3,100,10.613805226595588,0.001197650998126399,0,6,0,0,0,0,0,0,1,0,6,0,0,0,0,0,0,1,0,0,0,7,0,0,0,0,0,0,0,1,0,0,0
4158,0,0,0,1,0,0,0,0,44,0.8744464303770606,7.06481693087564e-08,0,6,0,0,0,0,0,0,1,0,6,0,0,0,0,0,0,1,0,0,0,7,0,0,0,0,0,0,0,1,0,0,0
4159,0,1,1,0,0,0,0,9,110,18.04932608181699,0.670252231428912,1,6,0,0,0,0,0,0,1,0,6,0,0,0,0,0,0,1,0,0,0,7,0,0,0,0,0,0,0,1,0,0,0
4160,0,1,1,0,0,0,0,4,72,9.204378950121123,0.00029283128788647027,0,4,0,0,0,0,1,0,0,0,9,0,0,0,0,0,0,0,0,0,1,5,0,0,0,0,0,1,0,0,0,0,0
4161,0,0,0,0,0,0,0,3,67,24.598827001661157,0.9992965619094056,1,6,0,0,0,0,0,0,1,0,6,0,0,0,0,0,0,1,0,0,0,7,0,0,0,0,0,0,0,1,0,0,0
4163,0,1,0,1,0,0,0,1,70,11.991853984076984,0.004734440606294221,0,6,0,0,0,0,0,0,1,0,6,0,0,0,0,0,0,1,0,0,0,7,0,0,0,0,0,0,0,1,0,0,0
4164,0,0,0,1,0,0,2,2,50,4.005499765898849,1.6177053688364158e-06,0,6,0,0,0,0,0,0,1,0,6,0,0,0,0,0,0,1,0,0,0,7,0,0,0,0,0,0,0,1,0,0,0
4166,0,1,0,1,0,0,0,2,53,6.020191645628499,1.2130101291526394e-05,0,6,0,0,0,0,0,0,1,0,6,0,0,0,0,0,0,1,0,0,0,7,0,0,0,0,0,0,0,1,0,0,0
4167,0,0,0,0,0,0,0,0,97,19.46166112772817,0.8929907676373372,1,6,0,0,0,0,0,0,1,0,6,0,0,0,0,0,0,1,0,0,0,7,0,0,0,0,0,0,0,1,0,0,0
4168,0,0,0,0,0,0,0,4,66,10.06981230011964,0.0006954972927417747,0,6,0,0,0,0,0,0,1,0,6,0,0,0,0,0,0,1,0,0,0,7,0,0,0,0,0,0,0,1,0,0,0
4170,0,0,1,1,0,0,12,7,152,23.116348208801757,0.9969095650239568,1,6,0,0,0,0,0,0,1,0,6,0,0,0,0,0,0,1,0,0,0,7,0,0,0,0,0,0,0,1,0,0,0
4171,0,1,0,1,0,0,2,1,43,2.337488890635657,3.051350368656187e-07,0,6,0,0,0,0,0,0,1,0,6,0,0,0,0,0,0,1,0,0,0,7,0,0,0,0,0,0,0,1,0,0,0
4172,1,0,0,0,0,0,0,2,60,16.895527588814886,0.3906758007032649,0,2,0,0,1,0,0,0,0,0,6,0,0,0,0,0,0,1,0,0,0,7,0,0,0,0,0,0,0,1,0,0,0
4173,0,0,0,0,0,0,0,3,63,7.085919108208128,3.521226478428431e-05,0,4,0,0,0,0,1,0,0,0,9,0,0,0,0,0,0,0,0,0,1,7,0,0,0,0,0,0,0,1,0,0,0
4175,0,0,0,0,0,0,0,3,68,12.257690444287727,0.006167288881978762,0,6,0,0,0,0,0,0,1,0,6,0,0,0,0,0,0,1,0,0,0,7,0,0,0,0,0,0,0,1,0,0,0
4176,0,0,0,0,0,0,0,3,134,64.62834954641907,1.0,1,6,0,0,0,0,0,0,1,0,6,0,0,0,0,0,0,1,0,0,0,7,0,0,0,0,0,0,0,1,0,0,0
4177,0,0,0,0,0,0,0,1,74,12.973085582504435,0.012531310741499284,0,6,0,0,0,0,0,0,1,0,6,0,0,0,0,0,0,1,0,0,0,7,0,0,0,0,0,0,0,1,0,0,0
4178,0,0,0,0,0,0,0,5,81,13.98527313770765,0.03374071755993255,0,4,0,0,0,0,1,0,0,0,9,0,0,0,0,0,0,0,0,0,1,7,0,0,0,0,0,0,0,1,0,0,0
4180,0,0,0,0,0,0,0,5,164,77.84792746225105,1.0,1,4,0,0,0,0,1,0,0,0,9,0,0,0,0,0,0,0,0,0,1,7,0,0,0,0,0,0,0,1,0,0,0
4181,0,0,0,0,0,0,0,1,123,60.49585644374857,1.0,1,6,0,0,0,0,0,0,1,0,6,0,0,0,0,0,0,1,0,0,0,7,0,0,0,0,0,0,0,1,0,0,0
4182,0,0,0,0,0,0,0,3,112,31.230447119109087,0.9999990721985176,1,6,0,0,0,0,0,0,1,0,6,0,0,0,0,0,0,1,0,0,0,7,0,0,0,0,0,0,0,1,0,0,0
4183,0,0,0,0,0,0,0,2,139,37.602579214072094,0.999999998414838,1,6,0,0,0,0,0,0,1,0,6,0,0,0,0,0,0,1,0,0,0,7,0,0,0,0,0,0,0,1,0,0,0
4184,1,0,0,0,0,1,0,11,167,78.95966572221762,1.0,1,4,0,0,0,0,1,0,0,0,9,0,0,0,0,0,0,0,0,0,1,7,0,0,0,0,0,0,0,1,0,0,1
4189,0,1,1,0,0,0,0,21,124,16.073417230416055,0.21984278675354046,0,6,0,0,0,0,0,0,1,0,6,0,0,0,0,0,0,1,0,0,0,7,0,0,0,0,0,0,0,1,0,0,0
4191,0,0,0,0,0,0,0,2,75,11.58813774451817,0.0031667986876124225,0,4,0,0,0,0,1,0,0,0,9,0,0,0,0,0,0,0,0,0,1,7,0,0,0,0,0,0,0,1,0,0,0
4197,0,1,0,1,1,1,2,15,176,32.145106399975894,0.9999996282732412,1,6,0,0,0,0,0,0,1,0,6,0,0,0,0,0,0,1,0,0,0,7,0,0,0,0,0,0,0,1,0,0,0
4198,0,0,0,1,0,0,0,0,120,30.625240390789102,0.9999983006115216,1,6,0,0,0,0,0,0,1,0,6,0,0,0,0,0,0,1,0,0,0,7,0,0,0,0,0,0,0,1,0,0,0
4199,0,0,0,1,0,0,2,11,132,24.239163671423235,0.998992387685274,1,6,0,0,0,0,0,0,1,0,6,0,0,0,0,0,0,1,0,0,0,7,0,0,0,0,0,0,0,1,0,0,0
4200,1,0,0,0,0,1,1,1,46,5.254333148348579,5.63974057186851e-06,0,6,0,0,0,0,0,0,1,0,6,0,0,0,0,0,0,1,0,0,0,7,0,0,0,0,0,0,0,1,0,0,0
4201,1,1,1,0,0,0,0,10,114,45.06795202138383,0.9999999999990924,1,6,0,0,0,0,0,0,1,0,6,0,0,0,0,0,0,1,0,0,0,7,0,0,0,0,0,0,0,1,0,0,1
4202,1,0,0,0,0,0,0,5,165,202.36745979718486,1.0,1,6,0,0,0,0,0,0,1,0,6,0,0,0,0,0,0,1,0,0,0,7,0,0,0,0,0,0,0,1,0,0,0
4203,0,0,0,0,0,0,0,0,84,24.253710007698,0.9990069242143182,1,2,0,0,1,0,0,0,0,0,8,0,0,0,0,0,0,0,0,1,0,7,0,0,0,0,0,0,0,1,0,0,0
4204,0,1,1,0,0,0,0,16,156,24.718925386838304,0.9993761180957016,1,6,0,0,0,0,0,0,1,0,6,0,0,0,0,0,0,1,0,0,0,7,0,0,0,0,0,0,0,1,0,0,1
4205,0,1,1,0,1,0,0,9,75,5.866485376833938,1.0401869325944476e-05,0,6,0,0,0,0,0,0,1,0,6,0,0,0,0,0,0,1,0,0,0,7,0,0,0,0,0,0,0,1,0,0,0
4206,0,1,1,1,0,0,0,11,138,10.289423679769603,0.000866158315393181,0,2,0,0,1,0,0,0,0,0,8,0,0,0,0,0,0,0,0,1,0,7,0,0,0,0,0,0,0,1,0,0,0
4209,0,1,0,1,0,0,0,12,152,22.59622449920773,0.9948120980136468,1,6,0,0,0,0,0,0,1,0,6,0,0,0,0,0,0,1,0,0,0,7,0,0,0,0,0,0,0,1,0,0,1
4210,0,1,1,0,1,0,0,10,144,4.182655891167,1.9312443148355144e-06,0,6,0,0,0,0,0,0,1,0,6,0,0,0,0,0,0,1,0,0,0,7,0,0,0,0,0,0,0,1,0,0,0
4211,1,1,1,0,1,0,0,16,135,55.965559228024595,1.0,1,6,0,0,0,0,0,0,1,0,6,0,0,0,0,0,0,1,0,0,0,7,0,0,0,0,0,0,0,1,0,0,1
4212,1,1,1,1,1,0,0,12,140,35.90223608072766,0.9999999913199288,1,2,0,0,1,0,0,0,0,0,6,0,0,0,0,0,0,1,0,0,0,7,0,0,0,0,0,0,0,1,0,0,1
4213,0,0,0,0,0,0,8,3,138,28.707325838592787,0.999988432804102,1,4,0,0,0,0,1,0,0,0,2,0,0,1,0,0,0,0,0,0,0,7,0,0,0,0,0,0,0,1,0,0,1
4214,0,0,0,1,0,0,1,4,96,17.901496550353773,0.6367987423944804,1,2,0,0,1,0,0,0,0,0,6,0,0,0,0,0,0,1,0,0,0,7,0,0,0,0,0,0,0,1,0,0,0
4216,0,1,1,0,0,0,0,13,161,25.5092558200637,0.9997168514846276,1,4,0,0,0,0,1,0,0,0,9,0,0,0,0,0,0,0,0,0,1,7,0,0,0,0,0,0,0,1,0,0,1
4218,1,1,1,0,1,0,0,10,112,16.92243642002813,0.3970999107919615,0,1,0,1,0,0,0,0,0,0,6,0,0,0,0,0,0,1,0,0,0,7,0,0,0,0,0,0,0,1,0,0,1
4219,0,0,0,0,0,0,0,3,60,9.918286996789648,0.0005977661415842679,0,4,0,0,0,0,1,0,0,0,9,0,0,0,0,0,0,0,0,0,1,7,0,0,0,0,0,0,0,1,0,0,0
4220,1,1,1,0,0,2,0,11,89,16.565163549985346,0.3154338148294339,0,6,0,0,0,0,0,0,1,0,6,0,0,0,0,0,0,1,0,0,0,7,0,0,0,0,0,0,0,1,0,0,1
4221,0,0,0,0,0,0,0,5,105,16.999891256803153,0.4157830622838186,0,6,0,0,0,0,0,0,1,0,6,0,0,0,0,0,0,1,0,0,0,7,0,0,0,0,0,0,0,1,0,0,0
4224,0,0,0,1,0,0,2,1,66,7.391426232467422,4.779346887848047e-05,0,6,0,0,0,0,0,0,1,0,6,0,0,0,0,0,0,1,0,0,0,7,0,0,0,0,0,0,0,1,0,0,0
4225,1,1,1,0,0,0,0,5,96,50.21780510300536,0.9999999999999948,1,6,0,0,0,0,0,0,1,0,6,0,0,0,0,0,0,1,0,0,0,7,0,0,0,0,0,0,0,1,0,0,1
4227,1,0,0,0,0,0,0,6,153,222.0648073140001,1.0,1,6,0,0,0,0,0,0,1,0,6,0,0,0,0,0,0,1,0,0,0,7,0,0,0,0,0,0,0,1,0,0,0
4230,0,0,0,0,0,0,0,4,74,8.370832113354991,0.0001272578579215522,0,6,0,0,0,0,0,0,1,0,6,0,0,0,0,0,0,1,0,0,0,7,0,0,0,0,0,0,0,1,0,0,0
4232,0,1,0,1,0,0,4,5,130,54.185285028147185,1.0,1,6,0,0,0,0,0,0,1,0,6,0,0,0,0,0,0,1,0,0,0,7,0,0,0,0,0,0,0,1,0,0,0
4233,1,1,1,0,0,0,0,7,121,26.249718982732464,0.9998649484557852,1,4,0,0,0,0,1,0,0,0,9,0,0,0,0,0,0,0,0,0,1,7,0,0,0,0,0,0,0,1,0,0,1
4235,1,1,1,0,0,0,0,5,119,34.84179825894054,0.9999999749351228,1,5,0,0,0,0,0,1,0,0,1,0,1,0,0,0,0,0,0,0,0,7,0,0,0,0,0,0,0,1,0,0,1
4237,1,1,0,0,0,0,12,1,71,15.070285758430078,0.0936624673999187,0,6,0,0,0,0,0,0,1,0,6,0,0,0,0,0,0,1,0,0,0,7,0,0,0,0,0,0,0,1,0,0,0
4238,1,1,0,0,1,0,0,6,131,41.24718486384413,0.9999999999585768,1,7,0,0,0,0,0,0,0,1,0,1,0,0,0,0,0,0,0,0,0,7,0,0,0,0,0,0,0,1,0,0,1
4239,0,0,0,0,0,0,12,6,141,40.32230021152007,0.9999999998955488,1,5,0,0,0,0,0,1,0,0,1,0,1,0,0,0,0,0,0,0,0,7,0,0,0,0,0,0,0,1,0,0,0
4240,0,1,1,0,0,0,0,7,160,60.88432065806053,1.0,1,4,0,0,0,0,1,0,0,0,9,0,0,0,0,0,0,0,0,0,1,7,0,0,0,0,0,0,0,1,0,0,0
4241,1,1,1,0,0,0,0,14,118,40.84894748557179,0.9999999999383128,1,6,0,0,0,0,0,0,1,0,6,0,0,0,0,0,0,1,0,0,0,7,0,0,0,0,0,0,0,1,0,0,1
4242,0,1,0,0,1,0,0,2,88,23.7901543774446,0.9984222151483948,1,6,0,0,0,0,0,0,1,0,6,0,0,0,0,0,0,1,0,0,0,7,0,0,0,0,0,0,0,1,0,0,0
4243,1,1,1,0,0,0,0,10,146,54.913510442006675,1.0,1,1,0,1,0,0,0,0,0,0,4,0,0,0,0,1,0,0,0,0,0,7,0,0,0,0,0,0,0,1,0,0,1
4244,0,1,0,1,0,0,0,14,40,4.372491756697055,2.33497218696622e-06,0,6,0,0,0,0,0,0,1,0,6,0,0,0,0,0,0,1,0,0,0,7,0,0,0,0,0,0,0,1,0,0,0
4245,0,1,1,1,0,0,0,15,147,26.7941273329827,0.9999216406841174,1,4,0,0,0,0,1,0,0,0,9,0,0,0,0,0,0,0,0,0,1,7,0,0,0,0,0,0,0,1,0,0,0
4246,0,1,1,0,0,1,0,6,166,21.94384953425789,0.9900860552212176,1,6,0,0,0,0,0,0,1,0,6,0,0,0,0,0,0,1,0,0,0,7,0,0,0,0,0,0,0,1,0,0,0
4247,0,0,0,1,0,0,1,9,125,25.84024257950898,0.9997966223531416,1,6,0,0,0,0,0,0,1,0,6,0,0,0,0,0,0,1,0,0,0,7,0,0,0,0,0,0,0,1,0,0,0
4248,0,0,0,0,0,0,0,0,42,3.2037800275887798,7.256335525926168e-07,0,6,0,0,0,0,0,0,1,0,6,0,0,0,0,0,0,1,0,0,0,7,0,0,0,0,0,0,0,1,0,0,0
4250,0,0,1,0,0,0,0,24,156,12.145294715662153,0.005515263695126932,0,4,0,0,0,0,1,0,0,0,9,0,0,0,0,0,0,0,0,0,1,5,0,0,0,0,0,1,0,0,0,0,0
4251,0,1,1,0,0,0,0,24,148,8.53834796500245,0.00015046162225220233,0,6,0,0,0,0,0,0,1,0,6,0,0,0,0,0,0,1,0,0,0,7,0,0,0,0,0,0,0,1,0,0,0
4252,1,0,0,0,0,0,0,4,147,175.81609609351116,1.0,1,6,0,0,0,0,0,0,1,0,6,0,0,0,0,0,0,1,0,0,0,7,0,0,0,0,0,0,0,1,0,0,1
4253,1,0,0,0,0,0,0,43,90,219.7870081000194,1.0,1,6,0,0,0,0,0,0,1,0,6,0,0,0,0,0,0,1,0,0,0,7,0,0,0,0,0,0,0,1,0,0,0
4255,0,1,1,0,0,0,0,10,159,38.75497208801274,0.9999999994992791,1,4,0,0,0,0,1,0,0,0,9,0,0,0,0,0,0,0,0,0,1,1,0,1,0,0,0,0,0,0,0,0,1
4256,0,1,1,0,0,0,1,8,118,8.753332119075607,0.00018654194457686687,0,2,0,0,1,0,0,0,0,0,8,0,0,0,0,0,0,0,0,1,0,7,0,0,0,0,0,0,0,1,0,0,0
4257,0,1,1,0,0,1,0,0,146,28.789616092008504,0.99998934654969,1,6,0,0,0,0,0,0,1,0,6,0,0,0,0,0,0,1,0,0,0,7,0,0,0,0,0,0,0,1,0,0,0
4260,1,1,1,0,0,0,0,9,63,5.087834037434362,4.774741425056546e-06,0,6,0,0,0,0,0,0,1,0,6,0,0,0,0,0,0,1,0,0,0,7,0,0,0,0,0,0,0,1,0,0,0
4261,0,1,1,0,0,0,0,25,148,8.53834796500245,0.00015046162225220233,0,6,0,0,0,0,0,0,1,0,6,0,0,0,0,0,0,1,0,0,0,7,0,0,0,0,0,0,0,1,0,0,0
4262,0,1,1,0,1,0,0,15,89,2.7334764695853613,4.533850902193218e-07,0,4,0,0,0,0,1,0,0,0,9,0,0,0,0,0,0,0,0,0,1,7,0,0,0,0,0,0,0,1,0,0,0
4264,1,1,1,1,0,0,0,8,128,18.70001406944343,0.7957619843595869,1,4,0,0,0,0,1,0,0,0,9,0,0,0,0,0,0,0,0,0,1,7,0,0,0,0,0,0,0,1,0,0,1
4265,0,0,0,1,0,0,0,7,45,7.783705190554521,7.074946654885327e-05,0,6,0,0,0,0,0,0,1,0,6,0,0,0,0,0,0,1,0,0,0,7,0,0,0,0,0,0,0,1,0,0,0
4266,1,0,0,1,0,0,4,5,86,35.57966194209715,0.9999999880156232,1,6,0,0,0,0,0,0,1,0,6,0,0,0,0,0,0,1,0,0,0,7,0,0,0,0,0,0,0,1,0,0,0
4268,0,0,0,0,0,0,0,1,86,14.112360131281722,0.0381387322129908,0,6,0,0,0,0,0,0,1,0,6,0,0,0,0,0,0,1,0,0,0,7,0,0,0,0,0,0,0,1,0,0,0
4269,0,1,1,0,1,0,0,10,121,11.414284792483551,0.002662788100225753,0,4,0,0,0,0,1,0,0,0,9,0,0,0,0,0,0,0,0,0,1,4,0,0,0,0,1,0,0,0,0,0,0
4270,0,0,0,0,1,0,0,8,127,14.136181764244453,0.03902228838870027,0,1,0,1,0,0,0,0,0,0,6,0,0,0,0,0,0,1,0,0,0,7,0,0,0,0,0,0,0,1,0,0,0
4271,1,0,0,0,0,0,0,7,74,14.751585196019008,0.06988775586874195,0,4,0,0,0,0,1,0,0,0,9,0,0,0,0,0,0,0,0,0,1,7,0,0,0,0,0,0,0,1,0,0,1
4272,1,1,1,0,0,0,0,11,148,28.360682330267892,0.9999836404492912,1,6,0,0,0,0,0,0,1,0,6,0,0,0,0,0,0,1,0,0,0,7,0,0,0,0,0,0,0,1,0,0,1
4273,1,1,0,1,0,0,0,11,135,62.49922389903734,1.0,1,4,0,0,0,0,1,0,0,0,9,0,0,0,0,0,0,0,0,0,1,7,0,0,0,0,0,0,0,1,0,0,1
4274,1,0,0,0,0,0,0,3,136,152.5628947160981,1.0,1,6,0,0,0,0,0,0,1,0,6,0,0,0,0,0,0,1,0,0,0,7,0,0,0,0,0,0,0,1,0,0,1
4275,0,1,0,0,0,0,0,1,62,11.479011997779562,0.002840337541657232,0,6,0,0,0,0,0,0,1,0,6,0,0,0,0,0,0,1,0,0,0,7,0,0,0,0,0,0,0,1,0,0,0
4276,0,1,1,0,0,0,0,9,170,33.79885811391236,0.999999928877222,1,4,0,0,0,0,1,0,0,0,9,0,0,0,0,0,0,0,0,0,1,1,0,1,0,0,0,0,0,0,0,0,1
4279,0,0,0,0,0,0,0,5,62,10.955001075104803,0.001683830242477204,0,4,0,0,0,0,1,0,0,0,9,0,0,0,0,0,0,0,0,0,1,7,0,0,0,0,0,0,0,1,0,0,0
4281,0,1,1,0,0,0,0,25,156,12.145294715662153,0.005515263695126932,0,4,0,0,0,0,1,0,0,0,9,0,0,0,0,0,0,0,0,0,1,5,0,0,0,0,0,1,0,0,0,0,0
4282,0,0,0,0,1,0,0,1,151,42.95856969648933,0.9999999999925184,1,6,0,0,0,0,0,0,1,0,6,0,0,0,0,0,0,1,0,0,0,7,0,0,0,0,0,0,0,1,0,0,0
4284,0,0,0,0,0,0,0,5,76,8.248798094241213,0.00011263990015045757,0,4,0,0,0,0,1,0,0,0,9,0,0,0,0,0,0,0,0,0,1,0,1,0,0,0,0,0,0,0,0,0,0
4288,0,0,0,0,0,0,0,0,149,31.801491277894808,0.9999994758520276,1,6,0,0,0,0,0,0,1,0,6,0,0,0,0,0,0,1,0,0,0,7,0,0,0,0,0,0,0,1,0,0,0
4289,0,0,1,0,0,0,4,1,145,69.17550825814374,1.0,1,6,0,0,0,0,0,0,1,0,6,0,0,0,0,0,0,1,0,0,0,7,0,0,0,0,0,0,0,1,0,0,1
4292,0,0,0,0,0,0,0,3,48,4.596285199546972,2.920610988111566e-06,0,4,0,0,0,0,1,0,0,0,9,0,0,0,0,0,0,0,0,0,1,7,0,0,0,0,0,0,0,1,0,0,1
4293,0,1,1,0,0,0,0,19,126,12.130158464550314,0.005432862015947251,0,6,0,0,0,0,0,0,1,0,6,0,0,0,0,0,0,1,0,0,0,7,0,0,0,0,0,0,0,1,0,0,0
4295,0,0,0,1,0,0,0,9,108,21.38651483631487,0.9828172097658878,1,6,0,0,0,0,0,0,1,0,6,0,0,0,0,0,0,1,0,0,0,7,0,0,0,0,0,0,0,1,0,0,0
4296,0,0,0,0,0,2,0,6,72,10.659420872326793,0.0012534777489222018,0,4,0,0,0,0,1,0,0,0,9,0,0,0,0,0,0,0,0,0,1,7,0,0,0,0,0,0,0,1,0,0,0
4297,0,0,1,0,0,0,0,4,90,15.241305415554967,0.10922376543560748,0,4,0,0,0,0,1,0,0,0,9,0,0,0,0,0,0,0,0,0,1,0,1,0,0,0,0,0,0,0,0,0,0
4298,0,1,1,1,0,0,0,11,153,52.15113128992055,0.9999999999999992,1,4,0,0,0,0,1,0,0,0,9,0,0,0,0,0,0,0,0,0,1,7,0,0,0,0,0,0,0,1,0,0,1
4299,1,1,1,0,0,0,0,7,151,87.27022872051903,1.0,1,4,0,0,0,0,1,0,0,0,9,0,0,0,0,0,0,0,0,0,1,7,0,0,0,0,0,0,0,1,0,0,1
4300,1,1,1,1,0,0,0,18,116,33.0059994949758,0.9999998428397184,1,6,0,0,0,0,0,0,1,0,6,0,0,0,0,0,0,1,0,0,0,7,0,0,0,0,0,0,0,1,0,0,1
4301,1,1,1,0,1,0,0,22,132,52.00935777918715,0.9999999999999992,1,4,0,0,0,0,1,0,0,0,9,0,0,0,0,0,0,0,0,0,1,8,0,0,0,0,0,0,0,0,1,0,1
4303,1,1,1,1,0,2,0,11,143,16.614848882410172,0.3262596818658721,0,6,0,0,0,0,0,0,1,0,6,0,0,0,0,0,0,1,0,0,0,7,0,0,0,0,0,0,0,1,0,0,1
4304,1,1,1,0,0,0,0,10,158,119.96967556084878,1.0,1,4,0,0,0,0,1,0,0,0,9,0,0,0,0,0,0,0,0,0,1,7,0,0,0,0,0,0,0,1,0,0,1
4305,1,1,1,0,0,1,0,26,165,45.25461266779927,0.9999999999992468,1,6,0,0,0,0,0,0,1,0,6,0,0,0,0,0,0,1,0,0,0,0,1,0,0,0,0,0,0,0,0,0,1
4306,1,0,1,1,0,0,0,15,116,33.0059994949758,0.9999998428397184,1,6,0,0,0,0,0,0,1,0,6,0,0,0,0,0,0,1,0,0,0,7,0,0,0,0,0,0,0,1,0,0,1
4307,1,1,1,0,0,0,0,9,64,5.614232792410197,8.08277510832418e-06,0,6,0,0,0,0,0,0,1,0,6,0,0,0,0,0,0,1,0,0,0,7,0,0,0,0,0,0,0,1,0,0,1
4309,1,1,1,0,0,0,0,8,86,36.3484196611706,0.9999999944441792,1,6,0,0,0,0,0,0,1,0,6,0,0,0,0,0,0,1,0,0,0,7,0,0,0,0,0,0,0,1,0,0,1
4312,0,0,0,0,0,0,0,3,121,34.80905119144103,0.9999999741007342,1,6,0,0,0,0,0,0,1,0,6,0,0,0,0,0,0,1,0,0,0,7,0,0,0,0,0,0,0,1,0,0,1
4313,0,0,0,0,0,0,0,7,139,69.07941652742028,1.0,1,6,0,0,0,0,0,0,1,0,6,0,0,0,0,0,0,1,0,0,0,7,0,0,0,0,0,0,0,1,0,0,0
4314,0,0,0,0,0,0,0,6,79,7.249714801533095,4.14788591670493e-05,0,6,0,0,0,0,0,0,1,0,6,0,0,0,0,0,0,1,0,0,0,7,0,0,0,0,0,0,0,1,0,0,0
4317,1,0,0,1,0,0,0,5,119,36.221225161438134,0.9999999936905994,1,6,0,0,0,0,0,0,1,0,6,0,0,0,0,0,0,1,0,0,0,7,0,0,0,0,0,0,0,1,0,0,1
4318,1,0,0,0,0,0,0,9,167,121.55829662392931,1.0,1,6,0,0,0,0,0,0,1,0,6,0,0,0,0,0,0,1,0,0,0,7,0,0,0,0,0,0,0,1,0,0,1
4320,1,1,0,0,0,0,0,5,140,94.73889084764991,1.0,1,4,0,0,0,0,1,0,0,0,9,0,0,0,0,0,0,0,0,0,1,7,0,0,0,0,0,0,0,1,0,0,1
4321,1,1,1,0,0,4,0,6,87,11.818993008955932,0.003985865418950735,0,6,0,0,0,0,0,0,1,0,6,0,0,0,0,0,0,1,0,0,0,7,0,0,0,0,0,0,0,1,0,0,1
4322,1,0,0,0,0,0,4,6,54,19.987205267175764,0.9338385295866652,1,6,0,0,0,0,0,0,1,0,6,0,0,0,0,0,0,1,0,0,0,7,0,0,0,0,0,0,0,1,0,0,1
4323,0,1,1,0,0,0,0,15,108,10.794477987077943,0.0014344733278021534,0,6,0,0,0,0,0,0,1,0,6,0,0,0,0,0,0,1,0,0,0,7,0,0,0,0,0,0,0,1,0,0,0
4324,1,0,0,0,0,0,0,8,149,102.89205775132214,1.0,1,6,0,0,0,0,0,0,1,0,6,0,0,0,0,0,0,1,0,0,0,7,0,0,0,0,0,0,0,1,0,0,1
4325,0,0,1,0,1,0,0,23,138,15.074282175752556,0.09400227386304108,0,6,0,0,0,0,0,0,1,0,6,0,0,0,0,0,0,1,0,0,0,7,0,0,0,0,0,0,0,1,0,0,0
4326,0,1,1,0,0,1,0,14,165,32.89145127507987,0.9999998237656956,1,6,0,0,0,0,0,0,1,0,6,0,0,0,0,0,0,1,0,0,0,0,1,0,0,0,0,0,0,0,0,0,0
4327,0,1,0,1,0,0,0,37,145,54.075738950770905,0.9999999999999998,1,6,0,0,0,0,0,0,1,0,6,0,0,0,0,0,0,1,0,0,0,7,0,0,0,0,0,0,0,1,0,0,0
4328,1,1,1,0,1,0,0,14,161,49.345248367395136,0.9999999999999872,1,4,0,0,0,0,1,0,0,0,9,0,0,0,0,0,0,0,0,0,1,7,0,0,0,0,0,0,0,1,0,0,1
4329,1,1,1,0,0,0,0,6,84,5.337966199404719,6.1316913513973836e-06,0,6,0,0,0,0,0,0,1,0,6,0,0,0,0,0,0,1,0,0,0,7,0,0,0,0,0,0,0,1,0,0,1
4330,1,0,0,0,0,0,0,6,134,90.70993558075732,1.0,1,6,0,0,0,0,0,0,1,0,6,0,0,0,0,0,0,1,0,0,0,7,0,0,0,0,0,0,0,1,0,0,1
4332,0,1,1,0,0,0,0,14,156,34.33097726714292,0.9999999582253988,1,6,0,0,0,0,0,0,1,0,6,0,0,0,0,0,0,1,0,0,0,7,0,0,0,0,0,0,0,1,0,0,1
4333,1,0,1,0,0,0,0,14,101,9.867697211970047,0.0005682942407917808,0,6,0,0,0,0,0,0,1,0,6,0,0,0,0,0,0,1,0,0,0,7,0,0,0,0,0,0,0,1,0,0,1
4334,0,0,0,1,0,0,0,10,161,37.71986782696167,0.9999999985902704,1,6,0,0,0,0,0,0,1,0,6,0,0,0,0,0,0,1,0,0,0,7,0,0,0,0,0,0,0,1,0,0,1
4335,1,1,1,1,0,0,0,29,163,107.11373870704577,1.0,1,4,0,0,0,0,1,0,0,0,9,0,0,0,0,0,0,0,0,0,1,7,0,0,0,0,0,0,0,1,0,0,1
4336,1,1,1,0,0,1,2,18,163,52.14682913639256,0.9999999999999992,1,6,0,0,0,0,0,0,1,0,6,0,0,0,0,0,0,1,0,0,0,0,1,0,0,0,0,0,0,0,0,0,1
4337,0,0,1,0,0,0,0,18,117,12.926475165406847,0.011967454063543922,0,6,0,0,0,0,0,0,1,0,6,0,0,0,0,0,0,1,0,0,0,7,0,0,0,0,0,0,0,1,0,0,0
4341,1,0,0,1,0,0,1,4,153,150.74443919961726,1.0,1,4,0,0,0,0,1,0,0,0,9,0,0,0,0,0,0,0,0,0,1,7,0,0,0,0,0,0,0,1,0,0,1
4342,1,0,0,0,0,0,1,2,97,56.30587574977033,1.0,1,4,0,0,0,0,1,0,0,0,9,0,0,0,0,0,0,0,0,0,1,1,0,1,0,0,0,0,0,0,0,0,1
4343,1,1,1,0,0,0,0,9,147,98.13073484823349,1.0,1,6,0,0,0,0,0,0,1,0,6,0,0,0,0,0,0,1,0,0,0,7,0,0,0,0,0,0,0,1,0,0,1
4345,0,1,1,0,0,0,0,26,151,10.794477987077943,0.0014344733278021534,0,6,0,0,0,0,0,0,1,0,6,0,0,0,0,0,0,1,0,0,0,7,0,0,0,0,0,0,0,1,0,0,0
4348,1,1,1,0,1,0,0,23,156,11.825965898778891,0.004013643602724763,0,7,0,0,0,0,0,0,0,1,0,1,0,0,0,0,0,0,0,0,0,7,0,0,0,0,0,0,0,1,0,0,1
4349,1,1,1,0,1,1,0,11,128,26.68397217187601,0.9999125164392384,1,6,0,0,0,0,0,0,1,0,6,0,0,0,0,0,0,1,0,0,0,7,0,0,0,0,0,0,0,1,0,0,1
4350,1,1,1,0,1,0,0,12,133,62.119839060305225,1.0,1,6,0,0,0,0,0,0,1,0,6,0,0,0,0,0,0,1,0,0,0,7,0,0,0,0,0,0,0,1,0,0,1
4351,1,1,1,0,1,0,0,12,158,92.45837100361051,1.0,1,5,0,0,0,0,0,1,0,0,1,0,1,0,0,0,0,0,0,0,0,7,0,0,0,0,0,0,0,1,0,0,1
4352,0,1,0,0,1,0,3,10,106,26.802548121417328,0.9999222977098471,1,6,0,0,0,0,0,0,1,0,6,0,0,0,0,0,0,1,0,0,0,7,0,0,0,0,0,0,0,1,0,0,0
4353,1,1,1,0,1,0,0,11,129,32.70317238053913,0.9999997872552172,1,6,0,0,0,0,0,0,1,0,6,0,0,0,0,0,0,1,0,0,0,7,0,0,0,0,0,0,0,1,0,0,1
4354,1,1,1,0,1,0,0,26,162,26.115121144046913,0.9998454936963737,1,4,0,0,0,0,1,0,0,0,9,0,0,0,0,0,0,0,0,0,1,0,1,0,0,0,0,0,0,0,0,0,1
4355,0,1,1,0,0,0,0,9,97,5.1269457977940585,4.965189135643941e-06,0,4,0,0,0,0,1,0,0,0,9,0,0,0,0,0,0,0,0,0,1,7,0,0,0,0,0,0,0,1,0,0,0
4356,1,0,1,0,0,0,0,7,114,45.831131293458405,0.9999999999995768,1,6,0,0,0,0,0,0,1,0,6,0,0,0,0,0,0,1,0,0,0,7,0,0,0,0,0,0,0,1,0,0,1
4357,1,1,1,0,1,0,0,73,177,220.4119674089274,1.0,1,7,0,0,0,0,0,0,0,1,0,1,0,0,0,0,0,0,0,0,0,7,0,0,0,0,0,0,0,1,0,0,1
4358,1,1,1,0,1,0,0,26,162,20.42917989269373,0.9564442132427969,1,4,0,0,0,0,1,0,0,0,9,0,0,0,0,0,0,0,0,0,1,0,1,0,0,0,0,0,0,0,0,0,1
4359,1,1,1,0,1,1,0,13,127,20.68391405941389,0.9659049775958388,1,6,0,0,0,0,0,0,1,0,6,0,0,0,0,0,0,1,0,0,0,7,0,0,0,0,0,0,0,1,0,0,1
4361,1,1,1,0,0,0,0,24,169,111.11310354623475,1.0,1,4,0,0,0,0,1,0,0,0,9,0,0,0,0,0,0,0,0,0,1,7,0,0,0,0,0,0,0,1,0,0,1
4362,1,1,1,0,1,0,0,22,148,6.955866615129851,3.0918238558131295e-05,0,6,0,0,0,0,0,0,1,0,6,0,0,0,0,0,0,1,0,0,0,7,0,0,0,0,0,0,0,1,0,0,1
4363,1,1,1,1,1,0,0,16,167,50.436793665021426,0.9999999999999958,1,4,0,0,0,0,1,0,0,0,6,0,0,0,0,0,0,1,0,0,0,7,0,0,0,0,0,0,0,1,0,0,1
4365,1,1,1,0,1,0,0,27,162,17.754663904476462,0.6022056666273659,1,4,0,0,0,0,1,0,0,0,9,0,0,0,0,0,0,0,0,0,1,0,1,0,0,0,0,0,0,0,0,0,1
4366,0,1,0,1,0,0,8,6,153,18.49178264039548,0.7598363728507687,1,6,0,0,0,0,0,0,1,0,6,0,0,0,0,0,0,1,0,0,0,7,0,0,0,0,0,0,0,1,0,0,0
4368,1,1,1,1,0,0,0,8,119,25.236064386648327,0.9996279329667128,1,5,0,0,0,0,0,1,0,0,1,0,1,0,0,0,0,0,0,0,0,7,0,0,0,0,0,0,0,1,0,0,1
4372,0,1,1,0,1,0,0,15,81,7.789356507856214,7.115039761261936e-05,0,2,0,0,1,0,0,0,0,0,6,0,0,0,0,0,0,1,0,0,0,7,0,0,0,0,0,0,0,1,0,0,1
4373,1,1,1,1,1,0,0,17,133,52.726503908446205,0.9999999999999996,1,4,0,0,0,0,1,0,0,0,9,0,0,0,0,0,0,0,0,0,1,7,0,0,0,0,0,0,0,1,0,0,1
4374,1,1,1,0,0,0,0,11,129,36.01124057185614,0.9999999922163508,1,5,0,0,0,0,0,1,0,0,6,0,0,0,0,0,0,1,0,0,0,7,0,0,0,0,0,0,0,1,0,0,1
4375,1,0,0,0,1,0,0,5,111,75.96194716269389,1.0,1,6,0,0,0,0,0,0,1,0,6,0,0,0,0,0,0,1,0,0,0,7,0,0,0,0,0,0,0,1,0,0,1
4376,1,1,1,0,1,0,0,24,158,16.62895222504736,0.3293673615781354,0,4,0,0,0,0,1,0,0,0,9,0,0,0,0,0,0,0,0,0,1,7,0,0,0,0,0,0,0,1,0,0,1
4377,1,1,1,0,1,0,0,24,156,11.132277296775644,0.0020097709944357943,0,7,0,0,0,0,0,0,0,1,0,1,0,0,0,0,0,0,0,0,0,7,0,0,0,0,0,0,0,1,0,0,1
4378,1,1,1,0,0,0,0,8,147,89.21059010858342,1.0,1,6,0,0,0,0,0,0,1,0,6,0,0,0,0,0,0,1,0,0,0,7,0,0,0,0,0,0,0,1,0,0,1
4379,0,1,1,0,0,0,0,39,130,21.40019973187481,0.9830467935015088,1,1,0,1,0,0,0,0,0,0,6,0,0,0,0,0,0,1,0,0,0,7,0,0,0,0,0,0,0,1,0,0,1
4381,1,1,1,0,0,0,1,13,88,7.468035115328197,5.159857590597823e-05,0,6,0,0,0,0,0,0,1,0,6,0,0,0,0,0,0,1,0,0,0,7,0,0,0,0,0,0,0,1,0,0,1
4382,1,0,0,0,0,0,1,0,37,20.9467255256533,0.9735765742742759,1,6,0,0,0,0,0,0,1,0,6,0,0,0,0,0,0,1,0,0,0,7,0,0,0,0,0,0,0,1,0,0,1
4383,0,1,0,0,1,0,0,2,92,13.733339979572326,0.026425110914884826,0,6,0,0,0,0,0,0,1,0,6,0,0,0,0,0,0,1,0,0,0,7,0,0,0,0,0,0,0,1,0,0,1
4384,0,1,1,0,1,0,0,17,147,9.682488920887026,0.0004722587849401714,0,6,0,0,0,0,0,0,1,0,6,0,0,0,0,0,0,1,0,0,0,7,0,0,0,0,0,0,0,1,0,0,1
4385,0,1,1,0,1,0,0,19,172,17.009030480512507,0.4180047428481625,0,7,0,0,0,0,0,0,0,1,0,1,0,0,0,0,0,0,0,0,0,7,0,0,0,0,0,0,0,1,0,0,1
4387,0,0,0,0,0,0,6,2,38,4.933483519990274,4.091820520780623e-06,0,6,0,0,0,0,0,0,1,0,6,0,0,0,0,0,0,1,0,0,0,7,0,0,0,0,0,0,0,1,0,0,1
4388,1,1,1,1,0,0,0,28,172,241.41524654298655,1.0,1,1,0,1,0,0,0,0,0,0,7,0,0,0,0,0,0,0,1,0,0,6,0,0,0,0,0,0,1,0,0,0,1
4391,1,0,0,0,0,0,2,3,48,4.2672739982068775,2.1017754804267385e-06,0,6,0,0,0,0,0,0,1,0,6,0,0,0,0,0,0,1,0,0,0,7,0,0,0,0,0,0,0,1,0,0,1
4392,1,1,1,0,1,0,0,42,133,42.484015725802436,0.9999999999879748,1,6,0,0,0,0,0,0,1,0,6,0,0,0,0,0,0,1,0,0,0,7,0,0,0,0,0,0,0,1,0,0,1
4393,1,0,0,0,0,0,0,6,90,80.1895928939332,1.0,1,4,0,0,0,0,1,0,0,0,2,0,0,1,0,0,0,0,0,0,0,3,0,0,0,1,0,0,0,0,0,0,1
4395,1,1,1,0,1,0,1,9,146,29.660239791092987,0.9999955394757396,1,0,1,0,0,0,0,0,0,0,6,0,0,0,0,0,0,1,0,0,0,7,0,0,0,0,0,0,0,1,0,0,1
4396,1,1,1,0,0,0,0,15,150,22.043374363702263,0.9910167914822512,1,6,0,0,0,0,0,0,1,0,6,0,0,0,0,0,0,1,0,0,0,7,0,0,0,0,0,0,0,1,0,0,1
4397,1,0,0,0,0,0,4,5,108,40.198282276678576,0.9999999998817573,1,6,0,0,0,0,0,0,1,0,6,0,0,0,0,0,0,1,0,0,0,7,0,0,0,0,0,0,0,1,0,0,1
4398,0,0,0,1,0,0,0,2,47,0.8689676143493746,7.026215941779089e-08,0,6,0,0,0,0,0,0,1,0,6,0,0,0,0,0,0,1,0,0,0,7,0,0,0,0,0,0,0,1,0,0,0
4401,0,0,0,1,0,0,0,0,86,3.4920201653739835,9.680512540452094e-07,0,6,0,0,0,0,0,0,1,0,6,0,0,0,0,0,0,1,0,0,0,7,0,0,0,0,0,0,0,1,0,0,0
4402,0,1,0,0,0,0,1,7,150,52.659641068727396,0.9999999999999996,1,6,0,0,0,0,0,0,1,0,6,0,0,0,0,0,0,1,0,0,0,7,0,0,0,0,0,0,0,1,0,0,0
4403,0,0,0,0,0,0,0,12,72,7.82590594633468,7.379881708051138e-05,0,6,0,0,0,0,0,0,1,0,6,0,0,0,0,0,0,1,0,0,0,7,0,0,0,0,0,0,0,1,0,0,0
4405,0,0,0,0,0,0,2,1,127,44.77913831291459,0.9999999999987884,1,6,0,0,0,0,0,0,1,0,6,0,0,0,0,0,0,1,0,0,0,7,0,0,0,0,0,0,0,1,0,0,0
4406,0,0,0,0,0,0,0,3,133,29.32552188623703,0.9999937662228204,1,6,0,0,0,0,0,0,1,0,6,0,0,0,0,0,0,1,0,0,0,7,0,0,0,0,0,0,0,1,0,0,0
4407,0,0,0,0,0,0,4,6,159,26.501941218378764,0.99989505206331,1,2,0,0,1,0,0,0,0,0,6,0,0,0,0,0,0,1,0,0,0,7,0,0,0,0,0,0,0,1,0,0,0
4408,0,0,0,0,0,0,0,12,92,4.139341870008382,1.849380241909893e-06,0,6,0,0,0,0,0,0,1,0,6,0,0,0,0,0,0,1,0,0,0,7,0,0,0,0,0,0,0,1,0,0,0
4410,0,0,0,0,0,0,0,2,43,1.8463990635187242,1.867301849568932e-07,0,4,0,0,0,0,1,0,0,0,9,0,0,0,0,0,0,0,0,0,1,7,0,0,0,0,0,0,0,1,0,0,0
4411,0,0,0,1,0,0,2,1,40,0.7264631393750979,6.09301980917282e-08,0,6,0,0,0,0,0,0,1,0,6,0,0,0,0,0,0,1,0,0,0,7,0,0,0,0,0,0,0,1,0,0,0
4412,0,0,0,1,0,1,2,11,91,7.7739633448628584,7.006363053129116e-05,0,6,0,0,0,0,0,0,1,0,6,0,0,0,0,0,0,1,0,0,0,7,0,0,0,0,0,0,0,1,0,0,0
4413,0,0,0,0,0,0,2,6,47,4.2107677903597605,1.986305463126687e-06,0,6,0,0,0,0,0,0,1,0,6,0,0,0,0,0,0,1,0,0,0,7,0,0,0,0,0,0,0,1,0,0,0
4415,0,1,1,0,0,0,0,3,104,7.304799718026234,4.3827717957600705e-05,0,6,0,0,0,0,0,0,1,0,6,0,0,0,0,0,0,1,0,0,0,7,0,0,0,0,0,0,0,1,0,0,0
4416,0,0,0,1,0,0,0,1,87,3.440131633997524,9.191014903016001e-07,0,6,0,0,0,0,0,0,1,0,6,0,0,0,0,0,0,1,0,0,0,7,0,0,0,0,0,0,0,1,0,0,0
4421,0,1,0,1,0,0,0,2,71,3.5822596980124546,1.0594704380098172e-06,0,6,0,0,0,0,0,0,1,0,6,0,0,0,0,0,0,1,0,0,0,7,0,0,0,0,0,0,0,1,0,0,0
4423,0,0,0,0,0,0,0,3,157,66.19626697580838,1.0,1,6,0,0,0,0,0,0,1,0,6,0,0,0,0,0,0,1,0,0,0,7,0,0,0,0,0,0,0,1,0,0,0
4424,0,0,0,0,0,0,0,1,64,5.896826760123612,1.0722309766435127e-05,0,6,0,0,0,0,0,0,1,0,6,0,0,0,0,0,0,1,0,0,0,7,0,0,0,0,0,0,0,1,0,0,0
4425,0,0,0,0,0,0,10,3,105,7.890773821388124,7.874427935630358e-05,0,6,0,0,0,0,0,0,1,0,6,0,0,0,0,0,0,1,0,0,0,7,0,0,0,0,0,0,0,1,0,0,0
4426,0,0,0,0,0,0,0,4,130,56.31888672470852,1.0,1,4,0,0,0,0,1,0,0,0,9,0,0,0,0,0,0,0,0,0,1,7,0,0,0,0,0,0,0,1,0,0,0
4427,0,1,1,0,0,0,0,6,122,13.923153625084655,0.031773102026367565,0,6,0,0,0,0,0,0,1,0,6,0,0,0,0,0,0,1,0,0,0,7,0,0,0,0,0,0,0,1,0,0,0
4428,0,0,0,1,0,0,0,0,94,9.219031895568731,0.0002971524351918514,0,6,0,0,0,0,0,0,1,0,6,0,0,0,0,0,0,1,0,0,0,7,0,0,0,0,0,0,0,1,0,0,0
4430,0,0,0,0,0,0,0,3,40,2.5721373518143595,3.858322937593384e-07,0,6,0,0,0,0,0,0,1,0,6,0,0,0,0,0,0,1,0,0,0,7,0,0,0,0,0,0,0,1,0,0,0
4432,0,1,0,1,0,0,8,5,154,35.11022643420154,0.9999999808358876,1,6,0,0,0,0,0,0,1,0,6,0,0,0,0,0,0,1,0,0,0,7,0,0,0,0,0,0,0,1,0,0,0
4435,0,0,0,0,0,0,0,4,63,3.6321906900991614,1.1137137308163977e-06,0,6,0,0,0,0,0,0,1,0,6,0,0,0,0,0,0,1,0,0,0,7,0,0,0,0,0,0,0,1,0,0,0
4436,0,0,0,0,0,0,0,6,136,60.550635783032895,1.0,1,4,0,0,0,0,1,0,0,0,2,0,0,1,0,0,0,0,0,0,0,3,0,0,0,1,0,0,0,0,0,0,0
4437,0,1,1,0,0,0,0,14,147,8.70435556863133,0.00017762746845974335,0,2,0,0,1,0,0,0,0,0,6,0,0,0,0,0,0,1,0,0,0,7,0,0,0,0,0,0,0,1,0,0,0
4438,0,0,0,0,0,0,0,9,149,33.51733790577412,0.9999999057521668,1,4,0,0,0,0,1,0,0,0,9,0,0,0,0,0,0,0,0,0,1,8,0,0,0,0,0,0,0,0,1,0,0
4440,0,1,1,0,0,0,0,12,132,12.034733229227307,0.004940840317967061,0,6,0,0,0,0,0,0,1,0,6,0,0,0,0,0,0,1,0,0,0,0,1,0,0,0,0,0,0,0,0,0,0
4441,1,1,0,1,1,1,1,9,163,120.85941851341002,1.0,1,4,0,0,0,0,1,0,0,0,9,0,0,0,0,0,0,0,0,0,1,7,0,0,0,0,0,0,0,1,0,0,0
4442,0,0,0,0,0,0,0,3,64,2.858542382649382,5.137864467171181e-07,0,0,1,0,0,0,0,0,0,0,6,0,0,0,0,0,0,1,0,0,0,7,0,0,0,0,0,0,0,1,0,0,0
4444,0,1,0,1,0,0,0,4,144,15.288291689714153,0.1138798798064478,0,0,1,0,0,0,0,0,0,0,6,0,0,0,0,0,0,1,0,0,0,7,0,0,0,0,0,0,0,1,0,0,0
4445,0,0,0,0,0,0,0,58,83,160.1502775030569,1.0,1,6,0,0,0,0,0,0,1,0,6,0,0,0,0,0,0,1,0,0,0,7,0,0,0,0,0,0,0,1,0,0,0
4448,0,0,0,0,0,0,6,4,99,20.649318238525353,0.9647471013417032,1,6,0,0,0,0,0,0,1,0,6,0,0,0,0,0,0,1,0,0,0,7,0,0,0,0,0,0,0,1,0,0,0
4449,1,0,1,0,1,0,0,31,166,41.38723608474116,0.9999999999639904,1,1,0,1,0,0,0,0,0,0,6,0,0,0,0,0,0,1,0,0,0,7,0,0,0,0,0,0,0,1,0,0,1
4450,0,0,0,0,0,0,0,2,109,19.292451386818332,0.8757136946681046,1,6,0,0,0,0,0,0,1,0,6,0,0,0,0,0,0,1,0,0,0,7,0,0,0,0,0,0,0,1,0,0,0
4451,0,0,0,0,0,0,0,0,70,9.779139224883755,0.0005201563768835451,0,6,0,0,0,0,0,0,1,0,6,0,0,0,0,0,0,1,0,0,0,7,0,0,0,0,0,0,0,1,0,0,0
4452,0,0,0,0,0,0,6,3,155,113.49477531845758,1.0,1,6,0,0,0,0,0,0,1,0,6,0,0,0,0,0,0,1,0,0,0,7,0,0,0,0,0,0,0,1,0,0,0
4454,0,0,0,0,0,0,3,1,71,10.744766543815533,0.0013650019924979465,0,6,0,0,0,0,0,0,1,0,6,0,0,0,0,0,0,1,0,0,0,7,0,0,0,0,0,0,0,1,0,0,0
4455,0,1,0,0,1,0,2,14,154,24.805959168577136,0.99942809132639,1,6,0,0,0,0,0,0,1,0,6,0,0,0,0,0,0,1,0,0,0,7,0,0,0,0,0,0,0,1,0,0,0
4456,0,1,1,0,1,0,0,11,91,3.557691860968625,1.0337587019558785e-06,0,4,0,0,0,0,1,0,0,0,9,0,0,0,0,0,0,0,0,0,1,5,0,0,0,0,0,1,0,0,0,0,0
4457,0,0,0,1,0,0,0,2,134,41.37413687965549,0.9999999999635156,1,2,0,0,1,0,0,0,0,0,8,0,0,0,0,0,0,0,0,1,0,7,0,0,0,0,0,0,0,1,0,0,1
4458,0,1,1,0,0,0,2,9,89,11.682914703176268,0.003480525837840697,0,6,0,0,0,0,0,0,1,0,6,0,0,0,0,0,0,1,0,0,0,7,0,0,0,0,0,0,0,1,0,0,0
4459,1,1,1,1,0,0,0,10,107,17.95708474628342,0.6495552296156143,1,6,0,0,0,0,0,0,1,0,6,0,0,0,0,0,0,1,0,0,0,7,0,0,0,0,0,0,0,1,0,0,1
4463,1,1,1,0,1,0,0,11,116,17.20061188261594,0.4652092816313438,0,6,0,0,0,0,0,0,1,0,6,0,0,0,0,0,0,1,0,0,0,7,0,0,0,0,0,0,0,1,0,0,1
4464,1,0,1,0,1,0,0,15,119,18.056798036198327,0.6719015335038289,1,6,0,0,0,0,0,0,1,0,6,0,0,0,0,0,0,1,0,0,0,7,0,0,0,0,0,0,0,1,0,0,0
4465,0,1,0,1,0,0,1,4,115,18.73315844270404,0.8010959918570161,1,6,0,0,0,0,0,0,1,0,6,0,0,0,0,0,0,1,0,0,0,7,0,0,0,0,0,0,0,1,0,0,0
4466,1,1,1,0,0,1,0,10,165,74.5363570982076,1.0,1,4,0,0,0,0,1,0,0,0,9,0,0,0,0,0,0,0,0,0,1,7,0,0,0,0,0,0,0,1,0,0,1
4468,0,0,0,0,0,0,4,0,103,24.907078437894945,0.9994830660797588,1,6,0,0,0,0,0,0,1,0,6,0,0,0,0,0,0,1,0,0,0,7,0,0,0,0,0,0,0,1,0,0,0
4470,0,1,1,1,1,1,0,28,149,22.84301842357571,0.9959420793831,1,6,0,0,0,0,0,0,1,0,6,0,0,0,0,0,0,1,0,0,0,7,0,0,0,0,0,0,0,1,0,0,1
4471,0,0,0,0,0,0,1,4,155,38.31722243560698,0.9999999992242744,1,6,0,0,0,0,0,0,1,0,6,0,0,0,0,0,0,1,0,0,0,7,0,0,0,0,0,0,0,1,0,0,0
4472,1,0,1,1,1,0,0,17,177,38.92045334526979,0.999999999575646,1,2,0,0,1,0,0,0,0,0,3,0,0,0,1,0,0,0,0,0,0,7,0,0,0,0,0,0,0,1,0,0,1
4476,1,0,0,0,0,0,2,5,149,150.95859631206332,1.0,1,6,0,0,0,0,0,0,1,0,6,0,0,0,0,0,0,1,0,0,0,7,0,0,0,0,0,0,0,1,0,0,0
4478,0,0,0,0,0,0,5,7,122,65.53010563987023,1.0,1,6,0,0,0,0,0,0,1,0,6,0,0,0,0,0,0,1,0,0,0,7,0,0,0,0,0,0,0,1,0,0,0
4479,1,0,0,0,0,0,1,7,145,59.78813924428938,1.0,1,4,0,0,0,0,1,0,0,0,9,0,0,0,0,0,0,0,0,0,1,7,0,0,0,0,0,0,0,1,0,0,0
4480,0,0,0,0,0,0,0,5,96,15.918781840342927,0.1944706856167888,0,2,0,0,1,0,0,0,0,0,3,0,0,0,1,0,0,0,0,0,0,7,0,0,0,0,0,0,0,1,0,0,0
4482,0,0,0,0,0,0,0,6,137,77.11336771684729,1.0,1,6,0,0,0,0,0,0,1,0,6,0,0,0,0,0,0,1,0,0,0,7,0,0,0,0,0,0,0,1,0,0,0
4486,0,0,0,0,0,0,2,1,103,31.89751798803371,0.9999995238431234,1,6,0,0,0,0,0,0,1,0,6,0,0,0,0,0,0,1,0,0,0,7,0,0,0,0,0,0,0,1,0,0,0
4487,1,1,1,0,0,0,0,14,170,101.91551758176621,1.0,1,6,0,0,0,0,0,0,1,0,6,0,0,0,0,0,0,1,0,0,0,7,0,0,0,0,0,0,0,1,0,0,1
4488,1,1,1,0,1,0,0,39,166,59.345923429034656,1.0,1,1,0,1,0,0,0,0,0,0,6,0,0,0,0,0,0,1,0,0,0,7,0,0,0,0,0,0,0,1,0,0,1
4489,0,0,0,0,0,3,2,2,53,4.5267076699506505,2.7243108678498816e-06,0,6,0,0,0,0,0,0,1,0,6,0,0,0,0,0,0,1,0,0,0,7,0,0,0,0,0,0,0,1,0,0,0
4490,1,0,0,0,1,2,0,4,172,30.4608817471176,0.9999979970385552,1,1,0,1,0,0,0,0,0,0,4,0,0,0,0,1,0,0,0,0,0,7,0,0,0,0,0,0,0,1,0,0,1
4491,1,0,1,0,1,0,0,10,159,98.08675566423507,1.0,1,4,0,0,0,0,1,0,0,0,9,0,0,0,0,0,0,0,0,0,1,7,0,0,0,0,0,0,0,1,0,0,0
4492,0,0,0,0,0,0,0,2,114,20.698487938548478,0.9663816873090928,1,6,0,0,0,0,0,0,1,0,6,0,0,0,0,0,0,1,0,0,0,7,0,0,0,0,0,0,0,1,0,0,0
4493,0,0,0,0,0,0,0,3,117,79.28301314299077,1.0,1,6,0,0,0,0,0,0,1,0,6,0,0,0,0,0,0,1,0,0,0,7,0,0,0,0,0,0,0,1,0,0,0
4494,0,0,0,0,0,0,2,2,97,16.779303168672428,0.36338624173095596,0,6,0,0,0,0,0,0,1,0,6,0,0,0,0,0,0,1,0,0,0,7,0,0,0,0,0,0,0,1,0,0,0
4496,1,1,1,0,0,0,0,3,83,9.796621554046082,0.0005293250195357327,0,6,0,0,0,0,0,0,1,0,6,0,0,0,0,0,0,1,0,0,0,7,0,0,0,0,0,0,0,1,0,0,1
4498,0,1,1,0,0,0,0,6,153,27.633088450104232,0.999966134789718,1,4,0,0,0,0,1,0,0,0,9,0,0,0,0,0,0,0,0,0,1,7,0,0,0,0,0,0,0,1,0,0,0
4499,1,1,1,0,0,0,0,25,158,49.64694103626787,0.9999999999999908,1,4,0,0,0,0,1,0,0,0,9,0,0,0,0,0,0,0,0,0,1,5,0,0,0,0,0,1,0,0,0,0,0
4503,1,1,1,0,0,0,0,12,103,5.039281467634996,4.54845437356387e-06,0,6,0,0,0,0,0,0,1,0,6,0,0,0,0,0,0,1,0,0,0,7,0,0,0,0,0,0,0,1,0,0,0
4504,0,1,1,0,0,0,0,11,102,18.035483215566046,0.6671855832863666,1,4,0,0,0,0,1,0,0,0,9,0,0,0,0,0,0,0,0,0,1,7,0,0,0,0,0,0,0,1,0,0,1
4507,0,1,1,0,0,0,0,28,158,49.64694103626787,0.9999999999999908,1,4,0,0,0,0,1,0,0,0,9,0,0,0,0,0,0,0,0,0,1,5,0,0,0,0,0,1,0,0,0,0,0
4508,0,0,0,0,0,0,2,4,54,6.4122753706007645,1.7953192875901488e-05,0,4,0,0,0,0,1,0,0,0,9,0,0,0,0,0,0,0,0,0,1,7,0,0,0,0,0,0,0,1,0,0,0
4509,0,1,1,0,1,0,0,23,153,18.775338988394502,0.807731829192445,1,6,0,0,0,0,0,0,1,0,6,0,0,0,0,0,0,1,0,0,0,7,0,0,0,0,0,0,0,1,0,0,0
4511,0,0,0,0,0,0,0,3,108,31.92130919866751,0.9999995350377714,1,4,0,0,0,0,1,0,0,0,9,0,0,0,0,0,0,0,0,0,1,7,0,0,0,0,0,0,0,1,0,0,0
4514,1,0,1,0,1,1,0,15,157,27.34587986795352,0.999954868269528,1,2,0,0,1,0,0,0,0,0,6,0,0,0,0,0,0,1,0,0,0,7,0,0,0,0,0,0,0,1,0,0,1
4515,0,0,0,0,0,0,0,3,125,38.62047914853281,0.9999999994271968,1,1,0,1,0,0,0,0,0,0,6,0,0,0,0,0,0,1,0,0,0,7,0,0,0,0,0,0,0,1,0,0,0
4516,0,0,1,1,1,0,0,5,148,20.242726794825877,0.9479810676291164,1,4,0,0,0,0,1,0,0,0,9,0,0,0,0,0,0,0,0,0,1,7,0,0,0,0,0,0,0,1,0,0,0
4517,1,1,1,0,0,0,0,14,118,84.69794885785902,1.0,1,1,0,1,0,0,0,0,0,0,6,0,0,0,0,0,0,1,0,0,0,7,0,0,0,0,0,0,0,1,0,0,1
4518,0,0,1,1,0,1,0,14,158,33.546822209951365,0.9999999084904321,1,4,0,0,0,0,1,0,0,0,9,0,0,0,0,0,0,0,0,0,1,7,0,0,0,0,0,0,0,1,0,0,0
4519,0,1,1,0,0,0,0,18,136,8.429981458025514,0.00013501109979675193,0,6,0,0,0,0,0,0,1,0,6,0,0,0,0,0,0,1,0,0,0,7,0,0,0,0,0,0,0,1,0,0,0
4520,0,1,0,0,0,0,0,0,155,54.76520795468328,1.0,1,6,0,0,0,0,0,0,1,0,6,0,0,0,0,0,0,1,0,0,0,7,0,0,0,0,0,0,0,1,0,0,0
4521,0,1,1,0,0,0,0,72,157,94.44473179037563,1.0,1,4,0,0,0,0,1,0,0,0,9,0,0,0,0,0,0,0,0,0,1,5,0,0,0,0,0,1,0,0,0,0,0
4522,1,1,0,0,0,0,0,14,164,79.71161185174142,1.0,1,4,0,0,0,0,1,0,0,0,9,0,0,0,0,0,0,0,0,0,1,7,0,0,0,0,0,0,0,1,0,0,1
4523,1,1,1,0,0,1,0,9,163,40.88839651753354,0.999999999940699,1,6,0,0,0,0,0,0,1,0,6,0,0,0,0,0,0,1,0,0,0,7,0,0,0,0,0,0,0,1,0,0,1
4524,0,0,0,0,1,2,0,1,70,1.847651259517196,1.8696415416065206e-07,0,6,0,0,0,0,0,0,1,0,6,0,0,0,0,0,0,1,0,0,0,7,0,0,0,0,0,0,0,1,0,0,0
4525,0,0,0,1,0,0,0,0,97,14.57395791499119,0.059187021543344334,0,6,0,0,0,0,0,0,1,0,6,0,0,0,0,0,0,1,0,0,0,7,0,0,0,0,0,0,0,1,0,0,0
4526,1,1,1,1,0,0,0,26,156,38.84990115406797,0.9999999995446256,1,5,0,0,0,0,0,1,0,0,1,0,1,0,0,0,0,0,0,0,0,7,0,0,0,0,0,0,0,1,0,0,1
4527,0,1,1,0,1,0,0,22,159,4.794916670122193,3.5623614931338333e-06,0,4,0,0,0,0,1,0,0,0,9,0,0,0,0,0,0,0,0,0,1,7,0,0,0,0,0,0,0,1,0,0,0
4528,0,1,1,0,0,0,0,15,152,35.769102304601724,0.9999999900838622,1,6,0,0,0,0,0,0,1,0,6,0,0,0,0,0,0,1,0,0,0,7,0,0,0,0,0,0,0,1,0,0,0
4529,0,0,0,1,1,0,0,10,150,31.9894868087418,0.9999995656813012,1,6,0,0,0,0,0,0,1,0,6,0,0,0,0,0,0,1,0,0,0,7,0,0,0,0,0,0,0,1,0,0,1
4530,1,0,0,0,0,0,0,3,166,192.6779759975961,1.0,1,4,0,0,0,0,1,0,0,0,9,0,0,0,0,0,0,0,0,0,1,7,0,0,0,0,0,0,0,1,0,0,1
4531,0,0,0,0,0,0,2,5,124,11.290824514901589,0.002354251322022042,0,6,0,0,0,0,0,0,1,0,6,0,0,0,0,0,0,1,0,0,0,7,0,0,0,0,0,0,0,1,0,0,0
4533,1,0,0,0,0,0,0,6,75,31.83089289301568,0.9999994910384696,1,6,0,0,0,0,0,0,1,0,6,0,0,0,0,0,0,1,0,0,0,7,0,0,0,0,0,0,0,1,0,0,1
4534,0,1,1,1,0,0,0,19,128,12.137507267819402,0.005472714807573974,0,5,0,0,0,0,0,1,0,0,1,0,1,0,0,0,0,0,0,0,0,7,0,0,0,0,0,0,0,1,0,0,0
4537,1,0,1,0,0,0,0,11,161,78.47063960770744,1.0,1,4,0,0,0,0,1,0,0,0,9,0,0,0,0,0,0,0,0,0,1,7,0,0,0,0,0,0,0,1,0,0,1
4538,0,1,1,0,0,0,0,5,121,14.756330601333149,0.07019685392784543,0,6,0,0,0,0,0,0,1,0,6,0,0,0,0,0,0,1,0,0,0,7,0,0,0,0,0,0,0,1,0,0,0
4539,1,1,1,0,1,0,0,9,180,18.93396536557849,0.8311732710302299,1,6,0,0,0,0,0,0,1,0,6,0,0,0,0,0,0,1,0,0,0,7,0,0,0,0,0,0,0,1,0,0,1
4541,0,0,0,1,0,0,0,5,139,27.0636970152919,0.9999401552507616,1,2,0,0,1,0,0,0,0,0,6,0,0,0,0,0,0,1,0,0,0,7,0,0,0,0,0,0,0,1,0,0,0
4542,1,1,0,1,1,0,0,6,150,78.54874664628326,1.0,1,6,0,0,0,0,0,0,1,0,6,0,0,0,0,0,0,1,0,0,0,7,0,0,0,0,0,0,0,1,0,0,1
4543,1,0,0,1,0,0,0,3,131,112.59481856052679,1.0,1,6,0,0,0,0,0,0,1,0,6,0,0,0,0,0,0,1,0,0,0,7,0,0,0,0,0,0,0,1,0,0,1
4544,0,0,0,0,0,0,2,2,113,30.75896689293539,0.999998513324858,1,6,0,0,0,0,0,0,1,0,6,0,0,0,0,0,0,1,0,0,0,7,0,0,0,0,0,0,0,1,0,0,0
4546,0,1,1,0,0,0,0,24,168,36.466616190080096,0.9999999950635344,1,1,0,1,0,0,0,0,0,0,6,0,0,0,0,0,0,1,0,0,0,7,0,0,0,0,0,0,0,1,0,0,0
4547,1,1,1,0,1,2,0,32,130,39.117319738691386,0.999999999651478,1,6,0,0,0,0,0,0,1,0,6,0,0,0,0,0,0,1,0,0,0,7,0,0,0,0,0,0,0,1,0,0,1
4548,0,1,1,0,0,0,0,10,89,2.649583633386999,4.169011125180868e-07,0,4,0,0,0,0,1,0,0,0,9,0,0,0,0,0,0,0,0,0,1,7,0,0,0,0,0,0,0,1,0,0,0
4549,1,1,1,1,0,0,1,14,155,51.94227432550797,0.9999999999999992,1,6,0,0,0,0,0,0,1,0,6,0,0,0,0,0,0,1,0,0,0,7,0,0,0,0,0,0,0,1,0,0,1
4550,1,1,1,1,1,0,1,24,176,30.253749676918314,0.9999975360680756,1,0,1,0,0,0,0,0,0,0,6,0,0,0,0,0,0,1,0,0,0,7,0,0,0,0,0,0,0,1,0,0,0
4551,1,0,0,0,0,0,0,3,149,80.88333139724503,1.0,1,3,0,0,0,1,0,0,0,0,6,0,0,0,0,0,0,1,0,0,0,7,0,0,0,0,0,0,0,1,0,0,0
4553,1,1,1,0,0,0,0,18,168,52.59539239094108,0.9999999999999996,1,4,0,0,0,0,1,0,0,0,2,0,0,1,0,0,0,0,0,0,0,7,0,0,0,0,0,0,0,1,0,0,1
4556,0,1,1,0,1,0,0,13,136,14.853766025070374,0.07682888189407643,0,6,0,0,0,0,0,0,1,0,6,0,0,0,0,0,0,1,0,0,0,7,0,0,0,0,0,0,0,1,0,0,0
4557,0,1,1,0,0,0,0,16,158,11.881574153292375,0.004242183973451673,0,4,0,0,0,0,1,0,0,0,9,0,0,0,0,0,0,0,0,0,1,7,0,0,0,0,0,0,0,1,0,0,0
4561,0,1,1,0,0,1,1,18,135,7.081594451131813,3.506031794902666e-05,0,4,0,0,0,0,1,0,0,0,9,0,0,0,0,0,0,0,0,0,1,7,0,0,0,0,0,0,0,1,0,0,0
4562,1,1,1,1,1,0,0,14,175,15.150088408273373,0.10066009667403963,0,4,0,0,0,0,1,0,0,0,2,0,0,1,0,0,0,0,0,0,0,7,0,0,0,0,0,0,0,1,0,0,1
4563,1,1,1,0,0,0,0,14,116,27.291236358788186,0.999952333610273,1,4,0,0,0,0,1,0,0,0,2,0,0,1,0,0,0,0,0,0,0,7,0,0,0,0,0,0,0,1,0,0,1
4564,0,1,0,0,0,0,0,7,164,45.75304300377292,0.9999999999995426,1,1,0,1,0,0,0,0,0,0,4,0,0,0,0,1,0,0,0,0,0,7,0,0,0,0,0,0,0,1,0,0,0
4565,0,0,0,0,1,0,1,7,140,23.335279608748607,0.9975157065682349,1,4,0,0,0,0,1,0,0,0,9,0,0,0,0,0,0,0,0,0,1,4,0,0,0,0,1,0,0,0,0,0,0
4567,0,1,1,0,0,0,0,12,121,18.334438090591053,0.7299636365517508,1,2,0,0,1,0,0,0,0,0,8,0,0,0,0,0,0,0,0,1,0,7,0,0,0,0,0,0,0,1,0,0,0
4568,1,1,1,0,0,0,0,17,170,52.57570377356164,0.9999999999999996,1,4,0,0,0,0,1,0,0,0,2,0,0,1,0,0,0,0,0,0,0,7,0,0,0,0,0,0,0,1,0,0,1
4569,1,1,1,0,0,0,0,20,125,18.25831706009004,0.7146990710299157,1,6,0,0,0,0,0,0,1,0,6,0,0,0,0,0,0,1,0,0,0,7,0,0,0,0,0,0,0,1,0,0,1
4571,1,1,1,0,0,7,0,12,101,3.639769750815793,1.122186693320832e-06,0,4,0,0,0,0,1,0,0,0,2,0,0,1,0,0,0,0,0,0,0,7,0,0,0,0,0,0,0,1,0,0,1
4573,0,1,1,0,0,0,0,11,128,8.275644019464954,0.00011570442353989353,0,4,0,0,0,0,1,0,0,0,9,0,0,0,0,0,0,0,0,0,1,2,0,0,1,0,0,0,0,0,0,0,0
4575,1,0,1,0,0,0,1,7,124,12.525235944821155,0.00804390603935536,0,4,0,0,0,0,1,0,0,0,9,0,0,0,0,0,0,0,0,0,1,7,0,0,0,0,0,0,0,1,0,0,0
4576,1,0,0,1,0,0,0,7,166,63.79522154984878,1.0,1,6,0,0,0,0,0,0,1,0,6,0,0,0,0,0,0,1,0,0,0,7,0,0,0,0,0,0,0,1,0,0,0
4577,0,1,1,1,1,0,0,15,140,12.268866803597634,0.006236171081808023,0,4,0,0,0,0,1,0,0,0,9,0,0,0,0,0,0,0,0,0,1,7,0,0,0,0,0,0,0,1,0,0,0
4578,0,1,1,0,0,0,0,9,97,2.844510250068427,5.066272775068826e-07,0,4,0,0,0,0,1,0,0,0,9,0,0,0,0,0,0,0,0,0,1,7,0,0,0,0,0,0,0,1,0,0,0
4579,0,0,0,0,0,0,0,4,133,34.61195635409709,0.9999999684583324,1,4,0,0,0,0,1,0,0,0,9,0,0,0,0,0,0,0,0,0,1,7,0,0,0,0,0,0,0,1,0,0,1
4580,1,0,0,0,1,2,0,11,176,43.589350919648645,0.9999999999960184,1,4,0,0,0,0,1,0,0,0,9,0,0,0,0,0,0,0,0,0,1,7,0,0,0,0,0,0,0,1,0,0,1
4582,1,0,0,0,0,4,0,7,153,147.278672161258,1.0,1,6,0,0,0,0,0,0,1,0,6,0,0,0,0,0,0,1,0,0,0,7,0,0,0,0,0,0,0,1,0,0,0
4584,0,1,1,0,1,0,1,13,159,10.675800287243863,0.0012741516723351605,0,4,0,0,0,0,1,0,0,0,9,0,0,0,0,0,0,0,0,0,1,7,0,0,0,0,0,0,0,1,0,0,0
4585,1,1,1,0,1,0,0,9,153,50.51909479195936,0.999999999999996,1,4,0,0,0,0,1,0,0,0,9,0,0,0,0,0,0,0,0,0,1,4,0,0,0,0,1,0,0,0,0,0,1
4587,1,0,0,1,1,0,0,5,175,50.11264991074968,0.9999999999999942,1,4,0,0,0,0,1,0,0,0,2,0,0,1,0,0,0,0,0,0,0,7,0,0,0,0,0,0,0,1,0,0,1
4588,1,0,0,1,1,0,0,14,176,77.05032301785441,1.0,1,4,0,0,0,0,1,0,0,0,2,0,0,1,0,0,0,0,0,0,0,7,0,0,0,0,0,0,0,1,0,0,1
4589,0,1,1,0,0,0,1,9,149,16.443600699513773,0.2897910038950722,0,6,0,0,0,0,0,0,1,0,6,0,0,0,0,0,0,1,0,0,0,7,0,0,0,0,0,0,0,1,0,0,0
4590,1,1,1,1,0,0,0,11,172,143.49820441032125,1.0,1,4,0,0,0,0,1,0,0,0,9,0,0,0,0,0,0,0,0,0,1,7,0,0,0,0,0,0,0,1,0,0,1
4592,1,1,1,0,0,0,0,7,122,30.96835971925937,0.9999987941923,1,6,0,0,0,0,0,0,1,0,6,0,0,0,0,0,0,1,0,0,0,7,0,0,0,0,0,0,0,1,0,0,1
4593,1,1,1,0,1,1,0,12,142,13.96654686034418,0.033135500213801905,0,6,0,0,0,0,0,0,1,0,6,0,0,0,0,0,0,1,0,0,0,7,0,0,0,0,0,0,0,1,0,0,1
4595,1,1,1,0,0,0,0,9,118,39.49208963540888,0.9999999997604094,1,4,0,0,0,0,1,0,0,0,2,0,0,1,0,0,0,0,0,0,0,7,0,0,0,0,0,0,0,1,0,0,1
4596,0,1,1,0,0,0,0,22,151,15.20976503509162,0.10619268772903487,0,2,0,0,1,0,0,0,0,0,6,0,0,0,0,0,0,1,0,0,0,7,0,0,0,0,0,0,0,1,0,0,1
4597,1,1,0,1,0,0,0,4,122,55.12301969172861,1.0,1,4,0,0,0,0,1,0,0,0,9,0,0,0,0,0,0,0,0,0,1,7,0,0,0,0,0,0,0,1,0,0,1
4598,0,0,0,1,0,3,6,4,164,18.513816288490073,0.7638341349350828,1,6,0,0,0,0,0,0,1,0,6,0,0,0,0,0,0,1,0,0,0,7,0,0,0,0,0,0,0,1,0,0,0
4599,1,0,0,1,0,0,0,13,160,82.29721644900965,1.0,1,4,0,0,0,0,1,0,0,0,2,0,0,1,0,0,0,0,0,0,0,3,0,0,0,1,0,0,0,0,0,0,1
4600,1,0,0,1,0,0,0,4,112,58.81552948566447,1.0,1,6,0,0,0,0,0,0,1,0,6,0,0,0,0,0,0,1,0,0,0,7,0,0,0,0,0,0,0,1,0,0,1
4601,0,1,1,0,1,1,0,16,168,16.01626718938409,0.2101979214534884,0,4,0,0,0,0,1,0,0,0,9,0,0,0,0,0,0,0,0,0,1,7,0,0,0,0,0,0,0,1,0,0,0
4602,1,1,1,0,0,0,0,23,130,46.458853285329454,0.9999999999997742,1,4,0,0,0,0,1,0,0,0,9,0,0,0,0,0,0,0,0,0,1,7,0,0,0,0,0,0,0,1,0,0,0
4604,1,1,1,0,1,0,0,24,170,46.25423817136796,0.9999999999997228,1,0,1,0,0,0,0,0,0,0,6,0,0,0,0,0,0,1,0,0,0,7,0,0,0,0,0,0,0,1,0,0,0
4606,1,1,1,0,0,0,0,12,171,93.56703541167612,1.0,1,4,0,0,0,0,1,0,0,0,2,0,0,1,0,0,0,0,0,0,0,3,0,0,0,1,0,0,0,0,0,0,0
4607,0,1,1,0,0,0,0,12,123,10.882508531755047,0.0015662689309030526,0,6,0,0,0,0,0,0,1,0,6,0,0,0,0,0,0,1,0,0,0,7,0,0,0,0,0,0,0,1,0,0,0
4608,1,1,1,0,1,1,0,40,155,5.257392835219832,5.657022739965755e-06,0,6,0,0,0,0,0,0,1,0,6,0,0,0,0,0,0,1,0,0,0,7,0,0,0,0,0,0,0,1,0,0,0
4609,0,1,1,0,1,1,0,23,170,34.177098032591836,0.9999999512761932,1,6,0,0,0,0,0,0,1,0,6,0,0,0,0,0,0,1,0,0,0,0,1,0,0,0,0,0,0,0,0,0,0
4610,0,0,0,0,1,0,0,8,183,23.653594486213326,0.9981917655603716,1,4,0,0,0,0,1,0,0,0,2,0,0,1,0,0,0,0,0,0,0,7,0,0,0,0,0,0,0,1,0,0,1
4611,0,0,1,0,0,0,0,7,118,12.005542726667136,0.004799381570165552,0,5,0,0,0,0,0,1,0,0,6,0,0,0,0,0,0,1,0,0,0,7,0,0,0,0,0,0,0,1,0,0,1
4614,0,1,1,0,0,1,0,4,135,3.9999158629512253,1.6086974466776223e-06,0,6,0,0,0,0,0,0,1,0,6,0,0,0,0,0,0,1,0,0,0,7,0,0,0,0,0,0,0,1,0,0,0
4616,0,1,1,1,0,0,0,19,156,14.465524915466313,0.05342987124034505,0,5,0,0,0,0,0,1,0,0,1,0,1,0,0,0,0,0,0,0,0,7,0,0,0,0,0,0,0,1,0,0,0
4617,0,1,1,0,1,0,0,20,177,19.05458784552673,0.8474304024452449,1,4,0,0,0,0,1,0,0,0,9,0,0,0,0,0,0,0,0,0,1,7,0,0,0,0,0,0,0,1,0,0,0
4619,0,1,1,0,1,0,1,18,146,9.332710697450263,0.00033291536037519624,0,4,0,0,0,0,1,0,0,0,9,0,0,0,0,0,0,0,0,0,1,4,0,0,0,0,1,0,0,0,0,0,0
4620,1,1,1,0,0,0,0,16,185,54.80812488434321,1.0,1,4,0,0,0,0,1,0,0,0,9,0,0,0,0,0,0,0,0,0,1,7,0,0,0,0,0,0,0,1,0,0,1
4622,0,0,1,0,1,0,0,13,171,23.083207310473384,0.9968057618207108,1,2,0,0,1,0,0,0,0,0,3,0,0,0,1,0,0,0,0,0,0,3,0,0,0,1,0,0,0,0,0,0,1
4624,1,1,1,0,1,0,0,13,156,24.074568957918387,0.9988123246135994,1,6,0,0,0,0,0,0,1,0,6,0,0,0,0,0,0,1,0,0,0,7,0,0,0,0,0,0,0,1,0,0,1
4625,0,1,1,0,1,0,1,20,169,25.81951562224348,0.9997923638481461,1,4,0,0,0,0,1,0,0,0,9,0,0,0,0,0,0,0,0,0,1,7,0,0,0,0,0,0,0,1,0,0,0
4627,1,1,1,0,0,0,0,8,82,4.5343316082078635,2.74516016457066e-06,0,6,0,0,0,0,0,0,1,0,6,0,0,0,0,0,0,1,0,0,0,7,0,0,0,0,0,0,0,1,0,0,1
4628,0,1,1,0,1,0,0,19,169,11.056345371543607,0.001863088927341536,0,4,0,0,0,0,1,0,0,0,9,0,0,0,0,0,0,0,0,0,1,7,0,0,0,0,0,0,0,1,0,0,0
4630,0,1,1,0,0,2,0,17,171,26.833996152259914,0.9999247030894088,1,6,0,0,0,0,0,0,1,0,6,0,0,0,0,0,0,1,0,0,0,7,0,0,0,0,0,0,0,1,0,0,1
4631,0,1,1,0,1,1,1,21,165,12.542877923252947,0.008185903667837752,0,0,1,0,0,0,0,0,0,0,6,0,0,0,0,0,0,1,0,0,0,7,0,0,0,0,0,0,0,1,0,0,0
4632,1,1,1,0,0,0,0,15,186,101.4566951965156,1.0,1,5,0,0,0,0,0,1,0,0,1,0,1,0,0,0,0,0,0,0,0,7,0,0,0,0,0,0,0,1,0,0,1
4634,0,1,1,0,1,1,0,19,163,27.138165929025703,0.9999444496910856,1,0,1,0,0,0,0,0,0,0,6,0,0,0,0,0,0,1,0,0,0,7,0,0,0,0,0,0,0,1,0,0,0
4635,0,0,1,0,1,0,0,22,174,7.587262442534728,5.813191746005316e-05,0,6,0,0,0,0,0,0,1,0,6,0,0,0,0,0,0,1,0,0,0,7,0,0,0,0,0,0,0,1,0,0,0
4637,0,1,1,0,1,0,1,16,141,9.332710697450263,0.00033291536037519624,0,4,0,0,0,0,1,0,0,0,9,0,0,0,0,0,0,0,0,0,1,4,0,0,0,0,1,0,0,0,0,0,0
4639,0,0,0,0,0,0,5,0,154,39.81928865260984,0.9999999998272696,1,6,0,0,0,0,0,0,1,0,6,0,0,0,0,0,0,1,0,0,0,7,0,0,0,0,0,0,0,1,0,0,0
4641,1,0,0,0,1,0,0,6,166,116.79308470271046,1.0,1,5,0,0,0,0,0,1,0,0,1,0,1,0,0,0,0,0,0,0,0,7,0,0,0,0,0,0,0,1,0,0,1
4642,0,1,0,1,0,0,0,11,179,61.92093408141057,1.0,1,2,0,0,1,0,0,0,0,0,3,0,0,0,1,0,0,0,0,0,0,7,0,0,0,0,0,0,0,1,0,0,0
4644,0,1,1,0,0,1,0,12,168,28.07066771829361,0.9999781364476116,1,4,0,0,0,0,1,0,0,0,9,0,0,0,0,0,0,0,0,0,1,7,0,0,0,0,0,0,0,1,0,0,0
4646,0,1,1,0,1,0,0,23,178,19.433337211323444,0.8902539023838881,1,4,0,0,0,0,1,0,0,0,9,0,0,0,0,0,0,0,0,0,1,4,0,0,0,0,1,0,0,0,0,0,0
4649,1,1,0,0,0,0,0,6,78,31.622991485009564,0.9999993734217132,1,6,0,0,0,0,0,0,1,0,6,0,0,0,0,0,0,1,0,0,0,5,0,0,0,0,0,1,0,0,0,0,1
4650,1,1,1,0,0,0,0,7,136,53.669235209153776,0.9999999999999998,1,6,0,0,0,0,0,0,1,0,6,0,0,0,0,0,0,1,0,0,0,7,0,0,0,0,0,0,0,1,0,0,1
4655,1,1,1,0,0,0,0,9,136,53.669235209153776,0.9999999999999998,1,6,0,0,0,0,0,0,1,0,6,0,0,0,0,0,0,1,0,0,0,7,0,0,0,0,0,0,0,1,0,0,1
4656,0,0,0,0,1,0,0,4,133,68.79645862029415,1.0,1,6,0,0,0,0,0,0,1,0,6,0,0,0,0,0,0,1,0,0,0,7,0,0,0,0,0,0,0,1,0,0,0
4657,1,1,0,0,1,0,0,21,162,177.87288628336844,1.0,1,4,0,0,0,0,1,0,0,0,9,0,0,0,0,0,0,0,0,0,1,7,0,0,0,0,0,0,0,1,0,0,1
4658,1,1,1,0,0,0,0,15,136,53.669235209153776,0.9999999999999998,1,6,0,0,0,0,0,0,1,0,6,0,0,0,0,0,0,1,0,0,0,7,0,0,0,0,0,0,0,1,0,0,1
4659,1,0,0,0,1,0,0,5,140,81.86459641098033,1.0,1,1,0,1,0,0,0,0,0,0,6,0,0,0,0,0,0,1,0,0,0,7,0,0,0,0,0,0,0,1,0,0,0
4661,1,1,1,0,0,0,0,8,149,29.716859437443322,0.9999957850113212,1,6,0,0,0,0,0,0,1,0,6,0,0,0,0,0,0,1,0,0,0,7,0,0,0,0,0,0,0,1,0,0,1
4664,0,0,0,0,0,0,4,5,132,57.725331550368054,1.0,1,2,0,0,1,0,0,0,0,0,8,0,0,0,0,0,0,0,0,1,0,7,0,0,0,0,0,0,0,1,0,0,0
4666,0,0,0,1,0,0,0,7,66,7.06916690824351,3.462731558223617e-05,0,6,0,0,0,0,0,0,1,0,6,0,0,0,0,0,0,1,0,0,0,7,0,0,0,0,0,0,0,1,0,0,0
4667,1,1,1,0,0,0,0,13,129,30.1911118595292,0.9999973767970392,1,6,0,0,0,0,0,0,1,0,6,0,0,0,0,0,0,1,0,0,0,7,0,0,0,0,0,0,0,1,0,0,1
4669,1,0,0,0,1,0,0,5,140,86.82345830034531,1.0,1,1,0,1,0,0,0,0,0,0,6,0,0,0,0,0,0,1,0,0,0,7,0,0,0,0,0,0,0,1,0,0,0
4670,0,1,1,0,0,0,1,12,120,9.055590753635316,0.00025235805234274716,0,2,0,0,1,0,0,0,0,0,8,0,0,0,0,0,0,0,0,1,0,7,0,0,0,0,0,0,0,1,0,0,0
4671,1,1,1,0,0,0,0,8,136,53.669235209153776,0.9999999999999998,1,6,0,0,0,0,0,0,1,0,6,0,0,0,0,0,0,1,0,0,0,7,0,0,0,0,0,0,0,1,0,0,1
4672,0,0,0,0,1,0,0,4,133,68.79645862029415,1.0,1,6,0,0,0,0,0,0,1,0,6,0,0,0,0,0,0,1,0,0,0,7,0,0,0,0,0,0,0,1,0,0,0
4673,0,0,0,0,0,0,0,0,44,7.249625659174285,4.147516196184903e-05,0,6,0,0,0,0,0,0,1,0,6,0,0,0,0,0,0,1,0,0,0,7,0,0,0,0,0,0,0,1,0,0,0
4674,0,1,1,0,0,0,1,12,119,10.938259082763226,0.0016559205349304595,0,5,0,0,0,0,0,1,0,0,1,0,1,0,0,0,0,0,0,0,0,7,0,0,0,0,0,0,0,1,0,0,0
4675,1,1,0,1,0,0,0,6,104,27.420786365671443,0.9999581252794496,1,6,0,0,0,0,0,0,1,0,6,0,0,0,0,0,0,1,0,0,0,7,0,0,0,0,0,0,0,1,0,0,0
4677,0,0,0,0,1,0,0,12,74,10.680234346704085,0.001279806634087012,0,2,0,0,1,0,0,0,0,0,8,0,0,0,0,0,0,0,0,1,0,7,0,0,0,0,0,0,0,1,0,0,0
4678,1,0,0,0,1,0,0,15,140,76.7109646381538,1.0,1,6,0,0,0,0,0,0,1,0,6,0,0,0,0,0,0,1,0,0,0,7,0,0,0,0,0,0,0,1,0,0,1
4679,0,0,0,0,0,0,1,4,123,41.356085001020325,0.9999999999628509,1,4,0,0,0,0,1,0,0,0,9,0,0,0,0,0,0,0,0,0,1,0,1,0,0,0,0,0,0,0,0,0,0
4680,0,1,1,0,0,0,1,11,112,8.387927465652451,0.0001294517938328895,0,6,0,0,0,0,0,0,1,0,6,0,0,0,0,0,0,1,0,0,0,7,0,0,0,0,0,0,0,1,0,0,0
4681,0,0,0,0,0,0,0,5,169,72.79885519222181,1.0,1,4,0,0,0,0,1,0,0,0,9,0,0,0,0,0,0,0,0,0,1,7,0,0,0,0,0,0,0,1,0,0,0
4682,1,0,0,0,0,0,0,11,84,31.24912031313647,0.9999990893627644,1,4,0,0,0,0,1,0,0,0,9,0,0,0,0,0,0,0,0,0,1,7,0,0,0,0,0,0,0,1,0,0,1
4684,0,0,0,0,1,0,0,4,133,68.79645862029415,1.0,1,6,0,0,0,0,0,0,1,0,6,0,0,0,0,0,0,1,0,0,0,7,0,0,0,0,0,0,0,1,0,0,0
4687,0,0,0,1,0,0,0,0,153,44.30898476949184,0.9999999999980612,1,4,0,0,0,0,1,0,0,0,2,0,0,1,0,0,0,0,0,0,0,3,0,0,0,1,0,0,0,0,0,0,0
4688,0,1,0,1,1,0,0,5,108,15.759118224014909,0.17067063728907306,0,6,0,0,0,0,0,0,1,0,6,0,0,0,0,0,0,1,0,0,0,7,0,0,0,0,0,0,0,1,0,0,1
4689,1,0,1,0,0,0,0,10,96,35.03698683212048,0.999999979379639,1,6,0,0,0,0,0,0,1,0,6,0,0,0,0,0,0,1,0,0,0,7,0,0,0,0,0,0,0,1,0,0,1
4690,0,1,1,0,0,0,1,18,127,12.399498645560858,0.007100238389758619,0,4,0,0,0,0,1,0,0,0,9,0,0,0,0,0,0,0,0,0,1,7,0,0,0,0,0,0,0,1,0,0,0
4691,0,0,0,0,1,0,0,4,133,68.79645862029415,1.0,1,6,0,0,0,0,0,0,1,0,6,0,0,0,0,0,0,1,0,0,0,7,0,0,0,0,0,0,0,1,0,0,0
4692,1,1,1,0,0,0,0,12,136,53.669235209153776,0.9999999999999998,1,6,0,0,0,0,0,0,1,0,6,0,0,0,0,0,0,1,0,0,0,7,0,0,0,0,0,0,0,1,0,0,1
4693,1,1,1,0,0,0,0,14,136,53.669235209153776,0.9999999999999998,1,6,0,0,0,0,0,0,1,0,6,0,0,0,0,0,0,1,0,0,0,7,0,0,0,0,0,0,0,1,0,0,1
4694,1,1,1,0,0,0,0,13,136,53.669235209153776,0.9999999999999998,1,6,0,0,0,0,0,0,1,0,6,0,0,0,0,0,0,1,0,0,0,7,0,0,0,0,0,0,0,1,0,0,1
4695,0,1,1,0,0,0,1,14,120,9.055590753635316,0.00025235805234274716,0,2,0,0,1,0,0,0,0,0,8,0,0,0,0,0,0,0,0,1,0,7,0,0,0,0,0,0,0,1,0,0,0
4696,1,0,0,0,0,0,0,5,127,107.22087397625944,1.0,1,4,0,0,0,0,1,0,0,0,2,0,0,1,0,0,0,0,0,0,0,3,0,0,0,1,0,0,0,0,0,0,1
4697,1,0,0,0,1,0,0,8,110,93.05933940801886,1.0,1,6,0,0,0,0,0,0,1,0,6,0,0,0,0,0,0,1,0,0,0,7,0,0,0,0,0,0,0,1,0,0,0
4698,0,0,0,1,0,0,0,2,126,20.443374798257423,0.9570317377304696,1,4,0,0,0,0,1,0,0,0,2,0,0,1,0,0,0,0,0,0,0,7,0,0,0,0,0,0,0,1,0,0,0
4699,0,1,1,0,0,0,1,7,114,12.739846009486016,0.009950284749276709,0,6,0,0,0,0,0,0,1,0,6,0,0,0,0,0,0,1,0,0,0,7,0,0,0,0,0,0,0,1,0,0,0
4700,0,1,1,1,0,0,0,13,145,5.579480113654752,7.806704102712962e-06,0,4,0,0,0,0,1,0,0,0,9,0,0,0,0,0,0,0,0,0,1,7,0,0,0,0,0,0,0,1,0,0,0
4702,0,0,0,1,0,0,0,4,86,25.344977328680468,0.9996663143147037,1,4,0,0,0,0,1,0,0,0,6,0,0,0,0,0,0,1,0,0,0,7,0,0,0,0,0,0,0,1,0,0,0
4703,0,1,1,0,0,3,0,12,92,2.4916723625656,3.560025321150342e-07,0,4,0,0,0,0,1,0,0,0,9,0,0,0,0,0,0,0,0,0,1,7,0,0,0,0,0,0,0,1,0,0,0
4704,0,1,1,0,1,0,0,9,136,19.51544894491302,0.8980230514783836,1,0,1,0,0,0,0,0,0,0,5,0,0,0,0,0,1,0,0,0,0,7,0,0,0,0,0,0,0,1,0,0,1
4705,0,0,0,0,0,0,0,5,84,22.61996401103412,0.9949331892444152,1,6,0,0,0,0,0,0,1,0,6,0,0,0,0,0,0,1,0,0,0,7,0,0,0,0,0,0,0,1,0,0,0
4706,1,1,1,1,0,0,0,12,151,30.12664535517075,0.9999972021188324,1,0,1,0,0,0,0,0,0,0,6,0,0,0,0,0,0,1,0,0,0,7,0,0,0,0,0,0,0,1,0,0,1
4707,0,1,0,0,0,0,0,5,70,7.936339326112567,8.241500053542429e-05,0,4,0,0,0,0,1,0,0,0,6,0,0,0,0,0,0,1,0,0,0,7,0,0,0,0,0,0,0,1,0,0,0
4708,0,1,1,0,0,0,0,12,145,26.595493968407048,0.9999044240701006,1,6,0,0,0,0,0,0,1,0,6,0,0,0,0,0,0,1,0,0,0,7,0,0,0,0,0,0,0,1,0,0,0
4709,0,1,1,1,0,0,0,8,85,2.387202477001842,3.20687777253141e-07,0,6,0,0,0,0,0,0,1,0,6,0,0,0,0,0,0,1,0,0,0,7,0,0,0,0,0,0,0,1,0,0,0
4710,0,1,1,0,0,0,1,9,136,16.024341147202573,0.21154145395037507,0,6,0,0,0,0,0,0,1,0,6,0,0,0,0,0,0,1,0,0,0,7,0,0,0,0,0,0,0,1,0,0,0
4711,1,0,0,0,0,0,0,5,148,204.25955192208144,1.0,1,6,0,0,0,0,0,0,1,0,6,0,0,0,0,0,0,1,0,0,0,7,0,0,0,0,0,0,0,1,0,0,0
4712,1,0,0,0,0,0,0,13,149,151.29088992029443,1.0,1,6,0,0,0,0,0,0,1,0,6,0,0,0,0,0,0,1,0,0,0,7,0,0,0,0,0,0,0,1,0,0,1
4713,1,0,1,0,1,0,0,21,169,40.01197167621177,0.9999999998575416,1,4,0,0,0,0,1,0,0,0,9,0,0,0,0,0,0,0,0,0,1,2,0,0,1,0,0,0,0,0,0,0,1
4714,1,1,0,0,0,0,0,1,120,67.76847953899339,1.0,1,6,0,0,0,0,0,0,1,0,6,0,0,0,0,0,0,1,0,0,0,7,0,0,0,0,0,0,0,1,0,0,1
4715,0,0,0,0,0,4,6,9,159,55.567947760277605,1.0,1,2,0,0,1,0,0,0,0,0,3,0,0,0,1,0,0,0,0,0,0,7,0,0,0,0,0,0,0,1,0,0,0
4716,1,1,0,0,0,0,0,3,137,83.49743476497198,1.0,1,2,0,0,1,0,0,0,0,0,6,0,0,0,0,0,0,1,0,0,0,7,0,0,0,0,0,0,0,1,0,0,1
4717,1,1,1,0,1,0,0,6,123,17.759208278655855,0.6032937823876089,1,6,0,0,0,0,0,0,1,0,6,0,0,0,0,0,0,1,0,0,0,7,0,0,0,0,0,0,0,1,0,0,1
4719,1,0,0,0,0,0,0,2,76,18.68854112215537,0.7938910171799959,1,6,0,0,0,0,0,0,1,0,6,0,0,0,0,0,0,1,0,0,0,7,0,0,0,0,0,0,0,1,0,0,1
4720,1,1,1,0,0,0,0,11,100,23.397466619427533,0.9976651420094196,1,6,0,0,0,0,0,0,1,0,6,0,0,0,0,0,0,1,0,0,0,7,0,0,0,0,0,0,0,1,0,0,1
4722,0,0,0,0,0,0,0,4,85,35.093277162725265,0.9999999805083014,1,6,0,0,0,0,0,0,1,0,6,0,0,0,0,0,0,1,0,0,0,7,0,0,0,0,0,0,0,1,0,0,0
4723,1,1,1,0,1,0,0,9,155,54.31863456786468,1.0,1,5,0,0,0,0,0,1,0,0,1,0,1,0,0,0,0,0,0,0,0,7,0,0,0,0,0,0,0,1,0,0,1
4724,0,1,1,1,0,0,0,15,112,10.338705314667669,0.000909873505533209,0,4,0,0,0,0,1,0,0,0,9,0,0,0,0,0,0,0,0,0,1,7,0,0,0,0,0,0,0,1,0,0,0
4725,1,0,0,0,1,0,0,1,100,32.66975910787729,0.9999997800266268,1,6,0,0,0,0,0,0,1,0,6,0,0,0,0,0,0,1,0,0,0,7,0,0,0,0,0,0,0,1,0,0,1
4726,0,0,0,0,0,0,0,5,126,64.53361424358702,1.0,1,6,0,0,0,0,0,0,1,0,6,0,0,0,0,0,0,1,0,0,0,7,0,0,0,0,0,0,0,1,0,0,1
4729,0,0,0,0,0,0,0,1,54,6.267229007284131,1.552922971149746e-05,0,6,0,0,0,0,0,0,1,0,6,0,0,0,0,0,0,1,0,0,0,7,0,0,0,0,0,0,0,1,0,0,0
4730,0,1,1,0,0,0,0,8,76,5.345329632924439,6.177008012487525e-06,0,6,0,0,0,0,0,0,1,0,6,0,0,0,0,0,0,1,0,0,0,7,0,0,0,0,0,0,0,1,0,0,0
4731,1,0,0,0,0,0,0,3,103,66.43484115629687,1.0,1,6,0,0,0,0,0,0,1,0,6,0,0,0,0,0,0,1,0,0,0,7,0,0,0,0,0,0,0,1,0,0,0
4732,1,0,0,0,0,0,0,9,139,92.90569252543831,1.0,1,6,0,0,0,0,0,0,1,0,6,0,0,0,0,0,0,1,0,0,0,7,0,0,0,0,0,0,0,1,0,0,0
4734,0,0,0,0,0,0,0,3,112,22.37331470344787,0.9935250262841704,1,6,0,0,0,0,0,0,1,0,6,0,0,0,0,0,0,1,0,0,0,7,0,0,0,0,0,0,0,1,0,0,0
4735,1,0,0,1,0,0,0,0,131,122.50686935218138,1.0,1,6,0,0,0,0,0,0,1,0,6,0,0,0,0,0,0,1,0,0,0,7,0,0,0,0,0,0,0,1,0,0,0
4736,1,0,0,0,0,6,0,23,147,98.98104487114368,1.0,1,6,0,0,0,0,0,0,1,0,6,0,0,0,0,0,0,1,0,0,0,7,0,0,0,0,0,0,0,1,0,0,1
4737,0,0,0,0,0,0,0,6,89,9.841423507781967,0.0005535656460465404,0,6,0,0,0,0,0,0,1,0,6,0,0,0,0,0,0,1,0,0,0,7,0,0,0,0,0,0,0,1,0,0,0
4738,0,0,0,0,0,0,0,3,97,23.227852612101987,0.9972347429964692,1,2,0,0,1,0,0,0,0,0,8,0,0,0,0,0,0,0,0,1,0,7,0,0,0,0,0,0,0,1,0,0,0
4739,1,0,0,0,0,0,0,7,112,53.62506905623654,0.9999999999999998,1,6,0,0,0,0,0,0,1,0,6,0,0,0,0,0,0,1,0,0,0,7,0,0,0,0,0,0,0,1,0,0,1
4740,1,1,1,0,0,0,0,11,124,35.7240258430073,0.9999999896266504,1,5,0,0,0,0,0,1,0,0,1,0,1,0,0,0,0,0,0,0,0,7,0,0,0,0,0,0,0,1,0,0,1
4742,1,0,0,0,0,0,0,3,131,109.80043856789055,1.0,1,6,0,0,0,0,0,0,1,0,6,0,0,0,0,0,0,1,0,0,0,7,0,0,0,0,0,0,0,1,0,0,1
4744,0,0,0,1,1,0,0,5,148,69.50378403997932,1.0,1,6,0,0,0,0,0,0,1,0,6,0,0,0,0,0,0,1,0,0,0,7,0,0,0,0,0,0,0,1,0,0,1
4745,1,1,1,0,1,0,0,13,135,41.34924926870607,0.999999999962596,1,4,0,0,0,0,1,0,0,0,2,0,0,1,0,0,0,0,0,0,0,3,0,0,0,1,0,0,0,0,0,0,1
4747,1,0,0,1,0,0,0,3,157,142.70380353938413,1.0,1,4,0,0,0,0,1,0,0,0,9,0,0,0,0,0,0,0,0,0,1,7,0,0,0,0,0,0,0,1,0,0,1
4748,0,1,0,0,0,0,6,19,77,26.40231947219821,0.999884059730687,1,6,0,0,0,0,0,0,1,0,6,0,0,0,0,0,0,1,0,0,0,7,0,0,0,0,0,0,0,1,0,0,0
4749,1,1,1,1,0,0,0,9,100,9.648890692338778,0.0004566624440734991,0,6,0,0,0,0,0,0,1,0,6,0,0,0,0,0,0,1,0,0,0,7,0,0,0,0,0,0,0,1,0,0,1
4750,1,0,0,1,0,0,0,6,120,84.23447183388912,1.0,1,6,0,0,0,0,0,0,1,0,6,0,0,0,0,0,0,1,0,0,0,7,0,0,0,0,0,0,0,1,0,0,1
4752,0,0,0,0,0,0,0,1,106,34.78967787726088,0.9999999735940877,1,6,0,0,0,0,0,0,1,0,6,0,0,0,0,0,0,1,0,0,0,7,0,0,0,0,0,0,0,1,0,0,0
4753,1,0,0,1,0,0,0,7,162,197.52363843855758,1.0,1,6,0,0,0,0,0,0,1,0,6,0,0,0,0,0,0,1,0,0,0,7,0,0,0,0,0,0,0,1,0,0,1
4754,0,0,0,0,0,0,0,4,57,4.932499249916763,4.087795062153472e-06,0,4,0,0,0,0,1,0,0,0,9,0,0,0,0,0,0,0,0,0,1,7,0,0,0,0,0,0,0,1,0,0,0
4755,1,0,0,0,0,0,2,2,133,61.624187592497464,1.0,1,6,0,0,0,0,0,0,1,0,6,0,0,0,0,0,0,1,0,0,0,7,0,0,0,0,0,0,0,1,0,0,1
4757,1,0,0,0,0,0,0,6,129,119.72124953898128,1.0,1,6,0,0,0,0,0,0,1,0,6,0,0,0,0,0,0,1,0,0,0,7,0,0,0,0,0,0,0,1,0,0,0
4758,1,0,0,0,0,0,0,36,62,99.03371086983681,1.0,1,6,0,0,0,0,0,0,1,0,6,0,0,0,0,0,0,1,0,0,0,7,0,0,0,0,0,0,0,1,0,0,1
4759,0,1,0,0,1,0,0,13,124,16.87017073321472,0.3846566546669916,0,2,0,0,1,0,0,0,0,0,3,0,0,0,1,0,0,0,0,0,0,3,0,0,0,1,0,0,0,0,0,0,0
4760,0,0,0,0,1,1,1,14,146,25.028878825857724,0.999542318308555,1,6,0,0,0,0,0,0,1,0,6,0,0,0,0,0,0,1,0,0,0,7,0,0,0,0,0,0,0,1,0,0,1
4762,1,0,0,1,1,0,1,1,91,9.518724055205098,0.0004009487381228335,0,6,0,0,0,0,0,0,1,0,6,0,0,0,0,0,0,1,0,0,0,7,0,0,0,0,0,0,0,1,0,0,1
4765,1,1,1,0,0,0,0,12,156,47.90054812532046,0.9999999999999464,1,4,0,0,0,0,1,0,0,0,9,0,0,0,0,0,0,0,0,0,1,1,0,1,0,0,0,0,0,0,0,0,1
4766,1,1,1,1,0,0,0,15,151,46.747713795392094,0.9999999999998308,1,5,0,0,0,0,0,1,0,0,1,0,1,0,0,0,0,0,0,0,0,7,0,0,0,0,0,0,0,1,0,0,1
4768,1,1,0,0,1,0,0,12,154,65.24743547324015,1.0,1,4,0,0,0,0,1,0,0,0,9,0,0,0,0,0,0,0,0,0,1,7,0,0,0,0,0,0,0,1,0,0,1
4769,1,1,1,0,1,0,0,17,164,27.810015470324267,0.9999716261849828,1,4,0,0,0,0,1,0,0,0,9,0,0,0,0,0,0,0,0,0,1,7,0,0,0,0,0,0,0,1,0,0,1
4770,1,0,0,0,0,0,2,3,52,6.007446957834147,1.1976489734037894e-05,0,4,0,0,0,0,1,0,0,0,9,0,0,0,0,0,0,0,0,0,1,2,0,0,1,0,0,0,0,0,0,0,1
4771,1,1,1,0,0,0,0,6,112,45.032603813229656,0.9999999999990596,1,6,0,0,0,0,0,0,1,0,6,0,0,0,0,0,0,1,0,0,0,7,0,0,0,0,0,0,0,1,0,0,1
4773,1,1,1,0,0,0,0,15,168,97.90011242803304,1.0,1,2,0,0,1,0,0,0,0,0,3,0,0,0,1,0,0,0,0,0,0,7,0,0,0,0,0,0,0,1,0,0,1
4774,1,1,1,0,1,0,0,12,154,17.409046416119466,0.5172547495391734,1,4,0,0,0,0,1,0,0,0,9,0,0,0,0,0,0,0,0,0,1,7,0,0,0,0,0,0,0,1,0,0,1
4775,1,1,1,0,0,0,0,15,158,66.53850777989626,1.0,1,2,0,0,1,0,0,0,0,0,8,0,0,0,0,0,0,0,0,1,0,7,0,0,0,0,0,0,0,1,0,0,1
4777,1,1,1,0,1,0,0,11,155,41.039874037070156,0.9999999999490344,1,6,0,0,0,0,0,0,1,0,6,0,0,0,0,0,0,1,0,0,0,7,0,0,0,0,0,0,0,1,0,0,1
4778,1,1,1,0,0,0,0,12,160,86.63667029397962,1.0,1,2,0,0,1,0,0,0,0,0,8,0,0,0,0,0,0,0,0,1,0,7,0,0,0,0,0,0,0,1,0,0,1
4779,1,1,1,0,0,0,0,7,120,20.874165680144475,0.9716444090306794,1,1,0,1,0,0,0,0,0,0,6,0,0,0,0,0,0,1,0,0,0,7,0,0,0,0,0,0,0,1,0,0,1
4782,0,0,0,1,0,0,0,4,164,79.34412506189852,1.0,1,4,0,0,0,0,1,0,0,0,2,0,0,1,0,0,0,0,0,0,0,3,0,0,0,1,0,0,0,0,0,0,1
4783,1,0,0,0,0,0,0,5,124,39.510640003260534,0.999999999764813,1,4,0,0,0,0,1,0,0,0,9,0,0,0,0,0,0,0,0,0,1,7,0,0,0,0,0,0,0,1,0,0,1
4784,1,1,1,0,1,0,0,20,148,37.642373329494866,0.9999999984766794,1,6,0,0,0,0,0,0,1,0,6,0,0,0,0,0,0,1,0,0,0,7,0,0,0,0,0,0,0,1,0,0,1
4785,1,1,1,1,0,0,0,12,163,58.15547879277152,1.0,1,5,0,0,0,0,0,1,0,0,1,0,1,0,0,0,0,0,0,0,0,7,0,0,0,0,0,0,0,1,0,0,1
4786,1,1,1,0,0,1,0,20,103,49.61558552856071,0.9999999999999905,1,6,0,0,0,0,0,0,1,0,6,0,0,0,0,0,0,1,0,0,0,7,0,0,0,0,0,0,0,1,0,0,1
4787,0,1,1,0,0,0,0,12,148,66.53850777989626,1.0,1,2,0,0,1,0,0,0,0,0,8,0,0,0,0,0,0,0,0,1,0,7,0,0,0,0,0,0,0,1,0,0,1
4788,1,1,1,0,1,0,0,13,141,17.88380617973197,0.632697387089019,1,4,0,0,0,0,1,0,0,0,9,0,0,0,0,0,0,0,0,0,1,7,0,0,0,0,0,0,0,1,0,0,1
4789,1,1,1,0,0,4,0,9,129,24.052120206615015,0.9987853940196912,1,4,0,0,0,0,1,0,0,0,9,0,0,0,0,0,0,0,0,0,1,9,0,0,0,0,0,0,0,0,0,1,1
4790,1,1,1,0,1,0,0,11,157,54.30975643805878,1.0,1,2,0,0,1,0,0,0,0,0,8,0,0,0,0,0,0,0,0,1,0,7,0,0,0,0,0,0,0,1,0,0,1
4791,1,1,1,0,0,0,0,9,123,24.55435154648705,0.9992645935537348,1,4,0,0,0,0,1,0,0,0,9,0,0,0,0,0,0,0,0,0,1,1,0,1,0,0,0,0,0,0,0,0,1
4793,1,1,1,0,0,0,0,6,86,29.52505296493217,0.9999948938153228,1,6,0,0,0,0,0,0,1,0,6,0,0,0,0,0,0,1,0,0,0,7,0,0,0,0,0,0,0,1,0,0,1
4794,1,1,0,1,0,0,0,6,149,64.23538830031382,1.0,1,6,0,0,0,0,0,0,1,0,6,0,0,0,0,0,0,1,0,0,0,7,0,0,0,0,0,0,0,1,0,0,1
4795,1,1,1,0,0,0,0,8,111,26.235139948680143,0.9998629653840228,1,6,0,0,0,0,0,0,1,0,6,0,0,0,0,0,0,1,0,0,0,7,0,0,0,0,0,0,0,1,0,0,1
4797,1,1,1,0,0,0,0,3,49,6.9169823275662585,2.973911390818762e-05,0,1,0,1,0,0,0,0,0,0,6,0,0,0,0,0,0,1,0,0,0,7,0,0,0,0,0,0,0,1,0,0,1
4798,0,0,0,0,0,1,0,10,125,47.362768884559614,0.9999999999999084,1,6,0,0,0,0,0,0,1,0,6,0,0,0,0,0,0,1,0,0,0,7,0,0,0,0,0,0,0,1,0,0,1
4799,1,1,1,0,0,0,0,10,102,25.24241617713459,0.9996302878978852,1,0,1,0,0,0,0,0,0,0,6,0,0,0,0,0,0,1,0,0,0,7,0,0,0,0,0,0,0,1,0,0,1
4800,1,1,1,0,1,0,0,19,153,19.309020556728345,0.8775058724100523,1,4,0,0,0,0,1,0,0,0,9,0,0,0,0,0,0,0,0,0,1,7,0,0,0,0,0,0,0,1,0,0,1
4802,1,0,0,0,0,2,0,1,93,29.846962297974077,0.9999962992164808,1,6,0,0,0,0,0,0,1,0,6,0,0,0,0,0,0,1,0,0,0,7,0,0,0,0,0,0,0,1,0,0,1
4803,1,0,0,0,1,0,1,5,133,94.39781663184476,1.0,1,4,0,0,0,0,1,0,0,0,9,0,0,0,0,0,0,0,0,0,1,7,0,0,0,0,0,0,0,1,0,0,1
4807,1,1,1,0,1,0,0,12,152,40.657939865464094,0.9999999999253296,1,6,0,0,0,0,0,0,1,0,6,0,0,0,0,0,0,1,0,0,0,7,0,0,0,0,0,0,0,1,0,0,1
4808,0,1,0,0,0,0,0,4,84,23.875546495451513,0.9985511662836372,1,6,0,0,0,0,0,0,1,0,6,0,0,0,0,0,0,1,0,0,0,7,0,0,0,0,0,0,0,1,0,0,0
4809,1,1,1,0,0,0,0,13,157,110.09748939333471,1.0,1,6,0,0,0,0,0,0,1,0,6,0,0,0,0,0,0,1,0,0,0,7,0,0,0,0,0,0,0,1,0,0,1
4810,1,1,1,0,0,0,0,8,118,39.61075119157917,0.9999999997872177,1,5,0,0,0,0,0,1,0,0,1,0,1,0,0,0,0,0,0,0,0,7,0,0,0,0,0,0,0,1,0,0,1
4812,1,0,1,0,0,0,0,17,148,90.83660174476252,1.0,1,6,0,0,0,0,0,0,1,0,6,0,0,0,0,0,0,1,0,0,0,7,0,0,0,0,0,0,0,1,0,0,1
4813,1,1,0,0,1,0,0,8,150,85.09612708038685,1.0,1,4,0,0,0,0,1,0,0,0,9,0,0,0,0,0,0,0,0,0,1,7,0,0,0,0,0,0,0,1,0,0,1
4814,0,0,1,1,0,0,0,13,99,33.678916624823096,0.9999999198139844,1,6,0,0,0,0,0,0,1,0,6,0,0,0,0,0,0,1,0,0,0,7,0,0,0,0,0,0,0,1,0,0,1
4819,1,0,1,0,0,0,0,10,99,17.734090425586988,0.5972669969577643,1,4,0,0,0,0,1,0,0,0,9,0,0,0,0,0,0,0,0,0,1,9,0,0,0,0,0,0,0,0,0,1,1
4820,1,1,1,0,0,0,0,19,174,137.71705286235715,1.0,1,4,0,0,0,0,1,0,0,0,9,0,0,0,0,0,0,0,0,0,1,0,1,0,0,0,0,0,0,0,0,0,1
4821,1,0,1,0,0,0,0,15,100,31.63535189316825,0.9999993811188044,1,0,1,0,0,0,0,0,0,0,5,0,0,0,0,0,1,0,0,0,0,7,0,0,0,0,0,0,0,1,0,0,1
4823,1,1,1,0,0,0,0,60,119,38.19061909231677,0.9999999991195774,1,6,0,0,0,0,0,0,1,0,6,0,0,0,0,0,0,1,0,0,0,7,0,0,0,0,0,0,0,1,0,0,1
4825,1,1,1,1,0,0,0,14,131,24.42409530015823,0.9991623693293992,1,6,0,0,0,0,0,0,1,0,6,0,0,0,0,0,0,1,0,0,0,7,0,0,0,0,0,0,0,1,0,0,1
4826,1,1,1,1,0,0,0,6,165,92.39139351974936,1.0,1,5,0,0,0,0,0,1,0,0,1,0,1,0,0,0,0,0,0,0,0,7,0,0,0,0,0,0,0,1,0,0,1
4828,1,0,0,0,0,0,0,8,163,112.66736945679921,1.0,1,4,0,0,0,0,1,0,0,0,9,0,0,0,0,0,0,0,0,0,1,7,0,0,0,0,0,0,0,1,0,0,1
4829,1,1,1,0,1,0,0,17,161,27.085843522082364,0.9999414659579646,1,4,0,0,0,0,1,0,0,0,9,0,0,0,0,0,0,0,0,0,1,7,0,0,0,0,0,0,0,1,0,0,1
4830,1,1,1,0,0,0,0,7,146,71.20298882958029,1.0,1,6,0,0,0,0,0,0,1,0,6,0,0,0,0,0,0,1,0,0,0,7,0,0,0,0,0,0,0,1,0,0,1
4831,1,0,0,0,0,0,0,15,164,326.38378188204473,1.0,1,6,0,0,0,0,0,0,1,0,6,0,0,0,0,0,0,1,0,0,0,7,0,0,0,0,0,0,0,1,0,0,0
4832,1,1,1,1,0,1,0,14,168,79.9901777516502,1.0,1,4,0,0,0,0,1,0,0,0,9,0,0,0,0,0,0,0,0,0,1,7,0,0,0,0,0,0,0,1,0,0,1
4833,1,1,1,0,0,0,0,10,95,45.58167021062233,0.9999999999994572,1,6,0,0,0,0,0,0,1,0,6,0,0,0,0,0,0,1,0,0,0,7,0,0,0,0,0,0,0,1,0,0,1
4834,1,1,1,1,0,0,0,17,162,105.03481838987257,1.0,1,0,1,0,0,0,0,0,0,0,5,0,0,0,0,0,1,0,0,0,0,7,0,0,0,0,0,0,0,1,0,0,1
4835,0,0,0,1,0,0,1,14,169,68.35418834665776,1.0,1,6,0,0,0,0,0,0,1,0,6,0,0,0,0,0,0,1,0,0,0,7,0,0,0,0,0,0,0,1,0,0,0
4836,1,0,1,1,0,1,0,10,145,60.404747631117544,1.0,1,6,0,0,0,0,0,0,1,0,6,0,0,0,0,0,0,1,0,0,0,7,0,0,0,0,0,0,0,1,0,0,1
4840,1,1,1,0,1,0,0,19,174,53.94883960034818,0.9999999999999998,1,4,0,0,0,0,1,0,0,0,9,0,0,0,0,0,0,0,0,0,1,0,1,0,0,0,0,0,0,0,0,0,1
4842,1,1,1,0,0,0,0,22,162,104.05700987346201,1.0,1,4,0,0,0,0,1,0,0,0,2,0,0,1,0,0,0,0,0,0,0,7,0,0,0,0,0,0,0,1,0,0,1
4843,1,1,1,0,0,0,0,8,151,60.42283034707608,1.0,1,4,0,0,0,0,1,0,0,0,9,0,0,0,0,0,0,0,0,0,1,7,0,0,0,0,0,0,0,1,0,0,1
4844,0,0,0,1,0,0,0,5,140,29.776309843536616,0.9999960282899591,1,2,0,0,1,0,0,0,0,0,6,0,0,0,0,0,0,1,0,0,0,7,0,0,0,0,0,0,0,1,0,0,0
4845,0,1,0,0,0,0,0,0,141,45.964676141030004,0.99999999999963,1,5,0,0,0,0,0,1,0,0,1,0,1,0,0,0,0,0,0,0,0,7,0,0,0,0,0,0,0,1,0,0,0
4846,1,1,1,0,1,0,0,12,130,27.05369591665521,0.9999395537709836,1,4,0,0,0,0,1,0,0,0,9,0,0,0,0,0,0,0,0,0,1,7,0,0,0,0,0,0,0,1,0,0,1
4847,0,1,1,1,1,0,0,23,140,10.628642382732435,0.001215531452843112,0,6,0,0,0,0,0,0,1,0,6,0,0,0,0,0,0,1,0,0,0,7,0,0,0,0,0,0,0,1,0,0,1
4848,1,0,0,0,1,0,0,18,165,152.88784231383664,1.0,1,4,0,0,0,0,1,0,0,0,2,0,0,1,0,0,0,0,0,0,0,7,0,0,0,0,0,0,0,1,0,0,1
4849,1,1,1,0,0,0,0,19,160,41.862495976826594,0.999999999977612,1,6,0,0,0,0,0,0,1,0,6,0,0,0,0,0,0,1,0,0,0,7,0,0,0,0,0,0,0,1,0,0,1
4850,1,1,1,0,0,0,0,17,121,11.38776444221936,0.002593278937102593,0,6,0,0,0,0,0,0,1,0,6,0,0,0,0,0,0,1,0,0,0,7,0,0,0,0,0,0,0,1,0,0,1
4852,1,1,1,0,0,0,0,13,161,105.00289213320879,1.0,1,4,0,0,0,0,1,0,0,0,9,0,0,0,0,0,0,0,0,0,1,7,0,0,0,0,0,0,0,1,0,0,1
4853,1,1,1,0,1,0,0,17,165,30.617430880327397,0.9999982872881956,1,4,0,0,0,0,1,0,0,0,9,0,0,0,0,0,0,0,0,0,1,7,0,0,0,0,0,0,0,1,0,0,1
4854,1,1,1,0,0,0,0,9,85,21.83980811114563,0.9890109720653636,1,6,0,0,0,0,0,0,1,0,6,0,0,0,0,0,0,1,0,0,0,7,0,0,0,0,0,0,0,1,0,0,1
4856,0,0,0,0,0,3,0,4,110,20.185250081728338,0.9450726334849759,1,6,0,0,0,0,0,0,1,0,6,0,0,0,0,0,0,1,0,0,0,7,0,0,0,0,0,0,0,1,0,0,0
4857,0,0,0,1,0,0,0,8,174,54.839659921109764,1.0,1,6,0,0,0,0,0,0,1,0,6,0,0,0,0,0,0,1,0,0,0,7,0,0,0,0,0,0,0,1,0,0,0
4858,0,0,0,0,1,0,0,4,146,41.98898201088455,0.9999999999802719,1,5,0,0,0,0,0,1,0,0,1,0,1,0,0,0,0,0,0,0,0,7,0,0,0,0,0,0,0,1,0,0,1
4859,1,0,1,0,1,0,0,17,115,43.66264306135312,0.9999999999962998,1,6,0,0,0,0,0,0,1,0,6,0,0,0,0,0,0,1,0,0,0,7,0,0,0,0,0,0,0,1,0,0,1
4860,1,1,1,0,1,0,0,13,129,25.209671398244005,0.9996179860704224,1,4,0,0,0,0,1,0,0,0,2,0,0,1,0,0,0,0,0,0,0,7,0,0,0,0,0,0,0,1,0,0,1
4864,0,0,0,0,0,0,0,5,84,8.888066391123143,0.00021344164817511832,0,6,0,0,0,0,0,0,1,0,6,0,0,0,0,0,0,1,0,0,0,7,0,0,0,0,0,0,0,1,0,0,0
4866,0,1,1,0,1,0,0,30,152,41.54164821812088,0.9999999999691428,1,6,0,0,0,0,0,0,1,0,6,0,0,0,0,0,0,1,0,0,0,7,0,0,0,0,0,0,0,1,0,0,0
4867,0,0,0,1,0,0,0,5,87,5.84475889508524,1.0178312942872467e-05,0,6,0,0,0,0,0,0,1,0,6,0,0,0,0,0,0,1,0,0,0,7,0,0,0,0,0,0,0,1,0,0,0
4868,0,1,1,0,0,0,0,12,157,33.799361608558996,0.9999999289130229,1,2,0,0,1,0,0,0,0,0,6,0,0,0,0,0,0,1,0,0,0,7,0,0,0,0,0,0,0,1,0,0,0
4869,0,1,1,0,0,0,0,17,109,4.550340714560403,2.7894612673809708e-06,0,4,0,0,0,0,1,0,0,0,9,0,0,0,0,0,0,0,0,0,1,7,0,0,0,0,0,0,0,1,0,0,1
4870,0,1,0,1,0,0,1,9,140,33.19616652946202,0.9999998700565732,1,6,0,0,0,0,0,0,1,0,6,0,0,0,0,0,0,1,0,0,0,7,0,0,0,0,0,0,0,1,0,0,0
4872,0,0,1,1,0,0,0,0,132,38.286869759149425,0.9999999992003684,1,6,0,0,0,0,0,0,1,0,6,0,0,0,0,0,0,1,0,0,0,7,0,0,0,0,0,0,0,1,0,0,0
4874,0,1,1,0,1,1,1,9,174,24.02172855627326,0.9987479604036492,1,4,0,0,0,0,1,0,0,0,9,0,0,0,0,0,0,0,0,0,1,7,0,0,0,0,0,0,0,1,0,0,0
4875,0,0,0,0,0,0,0,7,96,6.583262763894376,2.1300957413043166e-05,0,6,0,0,0,0,0,0,1,0,6,0,0,0,0,0,0,1,0,0,0,7,0,0,0,0,0,0,0,1,0,0,0
4876,0,0,0,0,0,0,2,1,105,29.54193460951405,0.99999497929216,1,6,0,0,0,0,0,0,1,0,6,0,0,0,0,0,0,1,0,0,0,7,0,0,0,0,0,0,0,1,0,0,0
4877,0,0,1,0,0,0,4,4,129,40.10375372392997,0.9999999998700346,1,5,0,0,0,0,0,1,0,0,1,0,1,0,0,0,0,0,0,0,0,7,0,0,0,0,0,0,0,1,0,0,0
4878,0,0,0,0,0,0,0,7,93,20.472577596570524,0.958216715291551,1,2,0,0,1,0,0,0,0,0,8,0,0,0,0,0,0,0,0,1,0,7,0,0,0,0,0,0,0,1,0,0,0
4879,1,1,1,0,0,0,3,12,121,12.705699497244874,0.009619465909643413,0,6,0,0,0,0,0,0,1,0,6,0,0,0,0,0,0,1,0,0,0,7,0,0,0,0,0,0,0,1,0,0,1
4881,0,0,0,0,0,0,2,0,52,5.257174537207066,5.655787964907256e-06,0,6,0,0,0,0,0,0,1,0,6,0,0,0,0,0,0,1,0,0,0,7,0,0,0,0,0,0,0,1,0,0,0
4882,1,0,1,0,0,0,0,18,132,41.874603867528094,0.9999999999778816,1,4,0,0,0,0,1,0,0,0,9,0,0,0,0,0,0,0,0,0,1,9,0,0,0,0,0,0,0,0,0,1,1
4883,0,0,0,0,0,0,0,4,59,8.246316452319839,0.00011236074618399551,0,4,0,0,0,0,1,0,0,0,9,0,0,0,0,0,0,0,0,0,1,7,0,0,0,0,0,0,0,1,0,0,0
4884,0,1,1,0,1,0,0,11,145,23.7819807731228,0.9984092867094568,1,4,0,0,0,0,1,0,0,0,9,0,0,0,0,0,0,0,0,0,1,7,0,0,0,0,0,0,0,1,0,0,0
4887,0,0,1,0,1,0,0,30,152,41.54164821812088,0.9999999999691428,1,6,0,0,0,0,0,0,1,0,6,0,0,0,0,0,0,1,0,0,0,7,0,0,0,0,0,0,0,1,0,0,0
4888,0,0,1,0,0,0,0,14,160,15.047023020414073,0.09170627714944414,0,6,0,0,0,0,0,0,1,0,6,0,0,0,0,0,0,1,0,0,0,7,0,0,0,0,0,0,0,1,0,0,0
4889,0,1,1,0,1,0,0,14,130,11.764556824627668,0.0037754873402635796,0,4,0,0,0,0,1,0,0,0,9,0,0,0,0,0,0,0,0,0,1,7,0,0,0,0,0,0,0,1,0,0,1
4890,0,0,0,0,0,0,4,4,44,3.2417784723175744,7.53737041253415e-07,0,6,0,0,0,0,0,0,1,0,6,0,0,0,0,0,0,1,0,0,0,7,0,0,0,0,0,0,0,1,0,0,0
4891,0,1,1,0,1,0,0,27,152,41.54164821812088,0.9999999999691428,1,6,0,0,0,0,0,0,1,0,6,0,0,0,0,0,0,1,0,0,0,7,0,0,0,0,0,0,0,1,0,0,0
4892,0,0,0,0,0,0,1,7,60,2.3363662199462274,3.047926630303184e-07,0,6,0,0,0,0,0,0,1,0,6,0,0,0,0,0,0,1,0,0,0,7,0,0,0,0,0,0,0,1,0,0,0
4893,0,0,0,1,0,0,0,7,95,12.156939455276914,0.005579502463830464,0,4,0,0,0,0,1,0,0,0,9,0,0,0,0,0,0,0,0,0,1,7,0,0,0,0,0,0,0,1,0,0,0
4894,0,0,0,0,0,0,0,5,139,50.74586711200318,0.9999999999999968,1,6,0,0,0,0,0,0,1,0,6,0,0,0,0,0,0,1,0,0,0,7,0,0,0,0,0,0,0,1,0,0,0
4895,1,0,0,1,0,0,0,1,58,3.5691195770665143,1.0456399490220065e-06,0,6,0,0,0,0,0,0,1,0,6,0,0,0,0,0,0,1,0,0,0,7,0,0,0,0,0,0,0,1,0,0,0
4896,0,0,0,0,0,0,2,4,118,39.59769799636696,0.9999999997844221,1,6,0,0,0,0,0,0,1,0,6,0,0,0,0,0,0,1,0,0,0,7,0,0,0,0,0,0,0,1,0,0,0
4897,0,0,1,0,0,0,0,43,94,188.80314107828832,1.0,1,4,0,0,0,0,1,0,0,0,9,0,0,0,0,0,0,0,0,0,1,7,0,0,0,0,0,0,0,1,0,0,0
4898,0,1,1,1,0,0,0,4,156,4.677836156546106,3.1687701450051263e-06,0,6,0,0,0,0,0,0,1,0,6,0,0,0,0,0,0,1,0,0,0,7,0,0,0,0,0,0,0,1,0,0,0
4899,0,1,1,0,1,0,0,28,152,41.54164821812088,0.9999999999691428,1,6,0,0,0,0,0,0,1,0,6,0,0,0,0,0,0,1,0,0,0,7,0,0,0,0,0,0,0,1,0,0,0
4900,0,0,0,0,0,0,0,0,81,13.720538605736987,0.026097761215971762,0,6,0,0,0,0,0,0,1,0,6,0,0,0,0,0,0,1,0,0,0,7,0,0,0,0,0,0,0,1,0,0,0
4901,0,0,0,0,0,0,4,1,38,1.9848396653637168,2.1445614984746796e-07,0,6,0,0,0,0,0,0,1,0,6,0,0,0,0,0,0,1,0,0,0,7,0,0,0,0,0,0,0,1,0,0,0
4903,0,1,1,0,1,0,0,27,152,41.54164821812088,0.9999999999691428,1,6,0,0,0,0,0,0,1,0,6,0,0,0,0,0,0,1,0,0,0,7,0,0,0,0,0,0,0,1,0,0,0
4905,0,0,0,1,0,0,0,1,87,10.6148656556037,0.0011989201721447206,0,6,0,0,0,0,0,0,1,0,6,0,0,0,0,0,0,1,0,0,0,7,0,0,0,0,0,0,0,1,0,0,0
4906,0,0,0,0,0,0,0,1,33,2.1953136369953357,2.6469526191595183e-07,0,6,0,0,0,0,0,0,1,0,6,0,0,0,0,0,0,1,0,0,0,7,0,0,0,0,0,0,0,1,0,0,0
4908,0,1,1,0,0,1,0,6,61,2.734010457811768,4.5362725706106903e-07,0,4,0,0,0,0,1,0,0,0,2,0,0,1,0,0,0,0,0,0,0,7,0,0,0,0,0,0,0,1,0,0,0
4909,0,0,0,1,0,0,1,6,79,12.721898619628124,0.009775026171233787,0,4,0,0,0,0,1,0,0,0,9,0,0,0,0,0,0,0,0,0,1,7,0,0,0,0,0,0,0,1,0,0,0
4910,0,0,0,0,0,0,1,3,120,30.38664203811832,0.999997842680751,1,6,0,0,0,0,0,0,1,0,6,0,0,0,0,0,0,1,0,0,0,7,0,0,0,0,0,0,0,1,0,0,0
4911,1,1,1,0,0,0,0,4,97,23.13033544928144,0.9969523599526744,1,6,0,0,0,0,0,0,1,0,6,0,0,0,0,0,0,1,0,0,0,7,0,0,0,0,0,0,0,1,0,0,0
4912,0,1,0,1,0,0,0,12,163,36.17607489305365,0.9999999933991994,1,6,0,0,0,0,0,0,1,0,6,0,0,0,0,0,0,1,0,0,0,7,0,0,0,0,0,0,0,1,0,0,0
4913,1,1,1,0,0,0,6,9,159,93.21598271052584,1.0,1,1,0,1,0,0,0,0,0,0,6,0,0,0,0,0,0,1,0,0,0,7,0,0,0,0,0,0,0,1,0,0,1
4914,0,1,1,1,1,0,0,12,149,20.97916406200536,0.9743983664878006,1,4,0,0,0,0,1,0,0,0,2,0,0,1,0,0,0,0,0,0,0,3,0,0,0,1,0,0,0,0,0,0,0
4915,1,1,0,1,0,0,0,9,65,10.499700226871816,0.001068639447522869,0,6,0,0,0,0,0,0,1,0,6,0,0,0,0,0,0,1,0,0,0,7,0,0,0,0,0,0,0,1,0,0,0
4917,0,1,1,1,0,7,14,13,156,15.961167694463086,0.20119660207417725,0,6,0,0,0,0,0,0,1,0,6,0,0,0,0,0,0,1,0,0,0,7,0,0,0,0,0,0,0,1,0,0,0
4918,1,1,1,0,0,0,0,10,89,16.174404611636838,0.23765206109577086,0,6,0,0,0,0,0,0,1,0,6,0,0,0,0,0,0,1,0,0,0,7,0,0,0,0,0,0,0,1,0,0,1
4919,1,1,1,0,1,0,0,12,159,14.975433020836395,0.08591485474274088,0,4,0,0,0,0,1,0,0,0,9,0,0,0,0,0,0,0,0,0,1,1,0,1,0,0,0,0,0,0,0,0,0
4920,0,0,0,0,0,0,0,8,163,84.40312156089769,1.0,1,4,0,0,0,0,1,0,0,0,9,0,0,0,0,0,0,0,0,0,1,7,0,0,0,0,0,0,0,1,0,0,0
4922,0,1,1,0,0,0,0,15,92,20.07631332725181,0.9391357079438336,1,6,0,0,0,0,0,0,1,0,6,0,0,0,0,0,0,1,0,0,0,7,0,0,0,0,0,0,0,1,0,0,1
4923,0,1,1,0,1,0,0,22,102,5.306337781810832,5.9407916503607665e-06,0,6,0,0,0,0,0,0,1,0,6,0,0,0,0,0,0,1,0,0,0,7,0,0,0,0,0,0,0,1,0,0,0
4924,1,1,1,0,1,0,0,12,151,35.3970190137149,0.9999999856141252,1,5,0,0,0,0,0,1,0,0,1,0,1,0,0,0,0,0,0,0,0,7,0,0,0,0,0,0,0,1,0,0,1
4926,0,0,0,0,0,0,0,12,103,17.75676959272075,0.6027099839505147,1,1,0,1,0,0,0,0,0,0,7,0,0,0,0,0,0,0,1,0,0,6,0,0,0,0,0,0,1,0,0,0,1
4929,0,0,0,0,0,0,0,2,149,89.46119126363025,1.0,1,6,0,0,0,0,0,0,1,0,6,0,0,0,0,0,0,1,0,0,0,7,0,0,0,0,0,0,0,1,0,0,0
4931,0,0,0,0,0,0,0,1,147,22.90406707772797,0.9961814820575402,1,6,0,0,0,0,0,0,1,0,6,0,0,0,0,0,0,1,0,0,0,7,0,0,0,0,0,0,0,1,0,0,0
4934,0,0,0,0,0,0,0,6,121,38.88010574169173,0.9999999995581744,1,6,0,0,0,0,0,0,1,0,6,0,0,0,0,0,0,1,0,0,0,7,0,0,0,0,0,0,0,1,0,0,0
4935,0,1,1,0,0,0,0,14,89,16.174404611636838,0.23765206109577086,0,6,0,0,0,0,0,0,1,0,6,0,0,0,0,0,0,1,0,0,0,7,0,0,0,0,0,0,0,1,0,0,1
4936,0,1,1,1,1,0,0,6,86,4.034774268403698,1.6657628065738794e-06,0,6,0,0,0,0,0,0,1,0,6,0,0,0,0,0,0,1,0,0,0,7,0,0,0,0,0,0,0,1,0,0,0
4938,0,0,0,0,0,0,0,0,75,6.262477235109857,1.5455614530157576e-05,0,2,0,0,1,0,0,0,0,0,8,0,0,0,0,0,0,0,0,1,0,7,0,0,0,0,0,0,0,1,0,0,0
4940,0,1,0,1,0,0,0,4,73,4.551269074715553,2.79205208726648e-06,0,4,0,0,0,0,1,0,0,0,9,0,0,0,0,0,0,0,0,0,1,7,0,0,0,0,0,0,0,1,0,0,0
4943,0,0,0,0,0,0,9,5,125,25.261138123763203,0.9996371427482336,1,6,0,0,0,0,0,0,1,0,6,0,0,0,0,0,0,1,0,0,0,7,0,0,0,0,0,0,0,1,0,0,0
4944,0,0,0,1,0,0,0,5,93,17.867790699464226,0.6289676804545589,1,4,0,0,0,0,1,0,0,0,9,0,0,0,0,0,0,0,0,0,1,7,0,0,0,0,0,0,0,1,0,0,0
4945,1,0,0,0,0,0,0,3,168,138.97988236939528,1.0,1,6,0,0,0,0,0,0,1,0,6,0,0,0,0,0,0,1,0,0,0,7,0,0,0,0,0,0,0,1,0,0,1
4946,0,0,0,1,0,2,0,7,139,24.952394061232877,0.9995059571117378,1,6,0,0,0,0,0,0,1,0,6,0,0,0,0,0,0,1,0,0,0,7,0,0,0,0,0,0,0,1,0,0,0
4948,0,0,0,0,0,0,16,4,66,3.0684892435552213,6.338133095793057e-07,0,6,0,0,0,0,0,0,1,0,6,0,0,0,0,0,0,1,0,0,0,7,0,0,0,0,0,0,0,1,0,0,0
4951,0,0,0,1,0,0,0,5,141,37.151786372276405,0.9999999975119992,1,6,0,0,0,0,0,0,1,0,6,0,0,0,0,0,0,1,0,0,0,7,0,0,0,0,0,0,0,1,0,0,1
4952,0,0,0,0,0,0,0,1,147,22.90406707772797,0.9961814820575402,1,6,0,0,0,0,0,0,1,0,6,0,0,0,0,0,0,1,0,0,0,7,0,0,0,0,0,0,0,1,0,0,0
4953,1,0,0,0,0,0,0,0,139,136.02764440793726,1.0,1,4,0,0,0,0,1,0,0,0,9,0,0,0,0,0,0,0,0,0,1,7,0,0,0,0,0,0,0,1,0,0,0
4954,0,0,0,1,0,0,0,5,79,4.4210059313624335,2.4510439559756225e-06,0,2,0,0,1,0,0,0,0,0,6,0,0,0,0,0,0,1,0,0,0,7,0,0,0,0,0,0,0,1,0,0,0
4955,0,1,1,0,1,0,0,11,85,4.786234475400166,3.5315663643066917e-06,0,6,0,0,0,0,0,0,1,0,6,0,0,0,0,0,0,1,0,0,0,7,0,0,0,0,0,0,0,1,0,0,0
4957,1,1,1,0,1,0,0,6,146,25.841804960174585,0.9997969397938754,1,6,0,0,0,0,0,0,1,0,6,0,0,0,0,0,0,1,0,0,0,7,0,0,0,0,0,0,0,1,0,0,1
4958,0,1,0,1,0,0,0,8,147,27.96159338806911,0.9999756168386262,1,6,0,0,0,0,0,0,1,0,6,0,0,0,0,0,0,1,0,0,0,7,0,0,0,0,0,0,0,1,0,0,0
4959,0,0,0,1,1,0,0,19,149,52.87923186095546,0.9999999999999996,1,6,0,0,0,0,0,0,1,0,6,0,0,0,0,0,0,1,0,0,0,7,0,0,0,0,0,0,0,1,0,0,1
4961,0,1,1,0,0,0,0,22,158,10.613213945922881,0.0011969439069171425,0,4,0,0,0,0,1,0,0,0,9,0,0,0,0,0,0,0,0,0,1,5,0,0,0,0,0,1,0,0,0,0,0
4962,1,0,1,0,0,0,0,15,124,55.54630049214908,1.0,1,4,0,0,0,0,1,0,0,0,2,0,0,1,0,0,0,0,0,0,0,3,0,0,0,1,0,0,0,0,0,0,1
4964,1,1,1,0,0,0,0,20,146,39.053871085408225,0.9999999996286482,1,6,0,0,0,0,0,0,1,0,6,0,0,0,0,0,0,1,0,0,0,7,0,0,0,0,0,0,0,1,0,0,1
4966,1,1,1,0,0,0,0,9,95,16.067482213611456,0.21882655324484135,0,6,0,0,0,0,0,0,1,0,6,0,0,0,0,0,0,1,0,0,0,7,0,0,0,0,0,0,0,1,0,0,1
4967,1,1,1,0,0,1,0,14,142,53.29745368614871,0.9999999999999998,1,6,0,0,0,0,0,0,1,0,6,0,0,0,0,0,0,1,0,0,0,7,0,0,0,0,0,0,0,1,0,0,1
4968,1,1,1,0,0,0,0,11,125,25.708346042837796,0.9997679547390504,1,2,0,0,1,0,0,0,0,0,8,0,0,0,0,0,0,0,0,1,0,3,0,0,0,1,0,0,0,0,0,0,1
4969,1,1,1,1,0,0,0,16,119,31.075777832375607,0.9999989170036014,1,2,0,0,1,0,0,0,0,0,6,0,0,0,0,0,0,1,0,0,0,7,0,0,0,0,0,0,0,1,0,0,1
4970,1,1,1,0,0,0,0,12,109,21.854181957138074,0.9891660978479844,1,6,0,0,0,0,0,0,1,0,6,0,0,0,0,0,0,1,0,0,0,7,0,0,0,0,0,0,0,1,0,0,1
4971,0,0,0,0,0,0,0,5,103,28.164790661732393,0.9999801003927286,1,4,0,0,0,0,1,0,0,0,9,0,0,0,0,0,0,0,0,0,1,7,0,0,0,0,0,0,0,1,0,0,0
4972,1,1,0,0,1,0,0,12,124,111.66452515971113,1.0,1,6,0,0,0,0,0,0,1,0,6,0,0,0,0,0,0,1,0,0,0,7,0,0,0,0,0,0,0,1,0,0,1
4973,1,0,0,0,0,0,0,47,72,177.5108741964661,1.0,1,6,0,0,0,0,0,0,1,0,6,0,0,0,0,0,0,1,0,0,0,7,0,0,0,0,0,0,0,1,0,0,1
4974,1,1,1,0,0,0,0,16,127,27.277175139435787,0.9999516586609276,1,6,0,0,0,0,0,0,1,0,6,0,0,0,0,0,0,1,0,0,0,7,0,0,0,0,0,0,0,1,0,0,1
4975,1,1,1,0,0,0,0,24,161,67.93174520443075,1.0,1,1,0,1,0,0,0,0,0,0,6,0,0,0,0,0,0,1,0,0,0,7,0,0,0,0,0,0,0,1,0,0,1
4978,1,1,1,0,1,0,0,14,127,31.952672594643776,0.9999995493942488,1,6,0,0,0,0,0,0,1,0,6,0,0,0,0,0,0,1,0,0,0,7,0,0,0,0,0,0,0,1,0,0,1
4979,0,1,0,1,0,0,4,5,108,19.268479139844686,0.8730809880888741,1,6,0,0,0,0,0,0,1,0,6,0,0,0,0,0,0,1,0,0,0,7,0,0,0,0,0,0,0,1,0,0,0
4980,0,0,0,0,0,0,0,14,108,15.350324272110768,0.12029117310890275,0,6,0,0,0,0,0,0,1,0,6,0,0,0,0,0,0,1,0,0,0,7,0,0,0,0,0,0,0,1,0,0,0
4981,0,1,1,0,0,0,0,15,139,26.663573338113185,0.9999107137117038,1,6,0,0,0,0,0,0,1,0,6,0,0,0,0,0,0,1,0,0,0,7,0,0,0,0,0,0,0,1,0,0,0
4982,1,1,0,1,0,0,0,3,82,24.742086727359858,0.9993903932738679,1,6,0,0,0,0,0,0,1,0,6,0,0,0,0,0,0,1,0,0,0,7,0,0,0,0,0,0,0,1,0,0,1
4983,1,1,1,0,0,0,0,18,144,87.8781584177362,1.0,1,4,0,0,0,0,1,0,0,0,9,0,0,0,0,0,0,0,0,0,1,7,0,0,0,0,0,0,0,1,0,0,1
4984,0,0,0,1,0,0,2,10,114,27.03147394581101,0.999938195584766,1,4,0,0,0,0,1,0,0,0,9,0,0,0,0,0,0,0,0,0,1,1,0,1,0,0,0,0,0,0,0,0,0
4985,1,0,0,1,0,0,0,4,97,37.49877226693347,0.9999999982414428,1,6,0,0,0,0,0,0,1,0,6,0,0,0,0,0,0,1,0,0,0,7,0,0,0,0,0,0,0,1,0,0,0
4986,0,1,1,0,0,0,0,20,150,6.29450974631226,1.5958703357324395e-05,0,6,0,0,0,0,0,0,1,0,6,0,0,0,0,0,0,1,0,0,0,7,0,0,0,0,0,0,0,1,0,0,0
4988,1,0,1,0,0,0,0,12,127,45.22926368041563,0.9999999999992276,1,4,0,0,0,0,1,0,0,0,2,0,0,1,0,0,0,0,0,0,0,3,0,0,0,1,0,0,0,0,0,0,1
4989,0,1,1,1,1,1,0,10,151,0.5929745571932211,5.3316206177723975e-08,0,6,0,0,0,0,0,0,1,0,6,0,0,0,0,0,0,1,0,0,0,7,0,0,0,0,0,0,0,1,0,0,0
4990,0,0,0,0,0,0,0,5,106,10.894876889547131,0.001585730492071291,0,6,0,0,0,0,0,0,1,0,6,0,0,0,0,0,0,1,0,0,0,7,0,0,0,0,0,0,0,1,0,0,0
4992,0,1,1,0,0,0,0,21,158,10.613213945922881,0.0011969439069171425,0,4,0,0,0,0,1,0,0,0,9,0,0,0,0,0,0,0,0,0,1,5,0,0,0,0,0,1,0,0,0,0,0
4993,0,1,1,0,0,0,0,19,158,10.613213945922881,0.0011969439069171425,0,4,0,0,0,0,1,0,0,0,9,0,0,0,0,0,0,0,0,0,1,5,0,0,0,0,0,1,0,0,0,0,0
4995,0,1,1,0,1,0,0,16,135,15.36292469037983,0.12163095703244572,0,6,0,0,0,0,0,0,1,0,6,0,0,0,0,0,0,1,0,0,0,7,0,0,0,0,0,0,0,1,0,0,0
4996,1,0,0,0,0,0,0,0,37,10.055735398563144,0.0006857821002653387,0,6,0,0,0,0,0,0,1,0,6,0,0,0,0,0,0,1,0,0,0,7,0,0,0,0,0,0,0,1,0,0,1
4997,0,1,1,0,1,0,1,15,131,17.239578689602624,0.4749157489097129,0,4,0,0,0,0,1,0,0,0,9,0,0,0,0,0,0,0,0,0,1,2,0,0,1,0,0,0,0,0,0,0,0
4998,1,1,1,0,0,0,0,12,115,19.49721965895423,0.8963415020881496,1,6,0,0,0,0,0,0,1,0,6,0,0,0,0,0,0,1,0,0,0,5,0,0,0,0,0,1,0,0,0,0,1
5000,0,0,0,0,0,0,2,1,143,75.95703442563288,1.0,1,6,0,0,0,0,0,0,1,0,6,0,0,0,0,0,0,1,0,0,0,7,0,0,0,0,0,0,0,1,0,0,0
5001,0,1,1,0,0,1,0,19,131,11.013009727856216,0.0017842161677149942,0,6,0,0,0,0,0,0,1,0,6,0,0,0,0,0,0,1,0,0,0,7,0,0,0,0,0,0,0,1,0,0,0
5002,0,1,1,0,0,0,0,24,158,10.613213945922881,0.0011969439069171425,0,4,0,0,0,0,1,0,0,0,9,0,0,0,0,0,0,0,0,0,1,5,0,0,0,0,0,1,0,0,0,0,0
5004,1,1,1,0,0,1,0,26,158,47.811451475723764,0.9999999999999416,1,4,0,0,0,0,1,0,0,0,9,0,0,0,0,0,0,0,0,0,1,8,0,0,0,0,0,0,0,0,1,0,1
5005,1,0,0,0,0,0,0,5,87,33.02351795718367,0.9999998455689492,1,6,0,0,0,0,0,0,1,0,6,0,0,0,0,0,0,1,0,0,0,7,0,0,0,0,0,0,0,1,0,0,1
5007,0,1,1,0,1,1,0,7,137,15.482574902355275,0.13500346017978251,0,6,0,0,0,0,0,0,1,0,6,0,0,0,0,0,0,1,0,0,0,7,0,0,0,0,0,0,0,1,0,0,0
5008,0,1,1,0,0,0,0,10,150,36.47037138654464,0.9999999950820369,1,6,0,0,0,0,0,0,1,0,6,0,0,0,0,0,0,1,0,0,0,7,0,0,0,0,0,0,0,1,0,0,0
5010,0,0,0,0,0,0,0,5,158,84.87570431822199,1.0,1,4,0,0,0,0,1,0,0,0,9,0,0,0,0,0,0,0,0,0,1,7,0,0,0,0,0,0,0,1,0,0,1
5013,0,1,1,0,0,0,0,21,138,16.759236385642275,0.35875690494541546,0,6,0,0,0,0,0,0,1,0,6,0,0,0,0,0,0,1,0,0,0,7,0,0,0,0,0,0,0,1,0,0,0
5015,0,0,0,1,0,0,0,6,56,8.107504492465878,9.779928306248144e-05,0,6,0,0,0,0,0,0,1,0,6,0,0,0,0,0,0,1,0,0,0,7,0,0,0,0,0,0,0,1,0,0,0
5016,0,1,1,0,0,0,0,10,94,3.1242333957505584,6.701479859504697e-07,0,6,0,0,0,0,0,0,1,0,6,0,0,0,0,0,0,1,0,0,0,7,0,0,0,0,0,0,0,1,0,0,0
5017,0,1,1,0,0,0,0,21,143,33.45595047818237,0.9999998997852624,1,4,0,0,0,0,1,0,0,0,9,0,0,0,0,0,0,0,0,0,1,7,0,0,0,0,0,0,0,1,0,0,0
5018,1,0,1,0,0,0,0,11,145,78.97760045950201,1.0,1,1,0,1,0,0,0,0,0,0,4,0,0,0,0,1,0,0,0,0,0,7,0,0,0,0,0,0,0,1,0,0,1
5019,1,1,1,0,0,0,0,6,153,85.09816607743205,1.0,1,4,0,0,0,0,1,0,0,0,2,0,0,1,0,0,0,0,0,0,0,7,0,0,0,0,0,0,0,1,0,0,1
5022,0,1,1,1,1,0,0,10,148,28.98716554823067,0.9999912562752996,1,6,0,0,0,0,0,0,1,0,6,0,0,0,0,0,0,1,0,0,0,7,0,0,0,0,0,0,0,1,0,0,0
5024,1,1,1,0,1,0,0,14,141,17.67377674939633,0.5826780333891088,1,4,0,0,0,0,1,0,0,0,9,0,0,0,0,0,0,0,0,0,1,7,0,0,0,0,0,0,0,1,0,0,1
5025,1,1,1,0,0,0,0,14,144,19.195495616791728,0.8647710610955921,1,6,0,0,0,0,0,0,1,0,6,0,0,0,0,0,0,1,0,0,0,7,0,0,0,0,0,0,0,1,0,0,0
5027,1,1,1,0,1,0,0,20,164,16.38671765542145,0.27822519530102285,0,4,0,0,0,0,1,0,0,0,9,0,0,0,0,0,0,0,0,0,1,8,0,0,0,0,0,0,0,0,1,0,1
5028,0,1,0,1,0,0,0,10,153,39.21698164441555,0.9999999996845376,1,4,0,0,0,0,1,0,0,0,9,0,0,0,0,0,0,0,0,0,1,1,0,1,0,0,0,0,0,0,0,0,1
5029,0,1,1,1,0,0,0,18,161,59.36028800888641,1.0,1,2,0,0,1,0,0,0,0,0,6,0,0,0,0,0,0,1,0,0,0,7,0,0,0,0,0,0,0,1,0,0,0
5032,1,1,1,0,0,0,1,33,161,51.474175653095855,0.9999999999999984,1,6,0,0,0,0,0,0,1,0,6,0,0,0,0,0,0,1,0,0,0,7,0,0,0,0,0,0,0,1,0,0,1
5033,0,1,1,0,0,0,0,19,136,5.412172097928789,6.604003472449507e-06,0,6,0,0,0,0,0,0,1,0,6,0,0,0,0,0,0,1,0,0,0,7,0,0,0,0,0,0,0,1,0,0,0
5034,1,1,1,0,0,0,0,19,116,52.019055055553245,0.9999999999999992,1,6,0,0,0,0,0,0,1,0,6,0,0,0,0,0,0,1,0,0,0,7,0,0,0,0,0,0,0,1,0,0,1
5035,1,1,1,0,0,0,0,9,92,18.48767606525214,0.7590861848174665,1,1,0,1,0,0,0,0,0,0,4,0,0,0,0,1,0,0,0,0,0,7,0,0,0,0,0,0,0,1,0,0,1
5037,1,1,1,0,1,0,0,13,116,15.959240843869045,0.20088710362339154,0,1,0,1,0,0,0,0,0,0,6,0,0,0,0,0,0,1,0,0,0,7,0,0,0,0,0,0,0,1,0,0,1
5038,0,1,1,0,0,0,0,14,132,31.693870866983985,0.9999994162957774,1,4,0,0,0,0,1,0,0,0,9,0,0,0,0,0,0,0,0,0,1,7,0,0,0,0,0,0,0,1,0,0,1
5039,1,1,1,0,1,0,0,35,169,79.16765550727324,1.0,1,4,0,0,0,0,1,0,0,0,9,0,0,0,0,0,0,0,0,0,1,0,1,0,0,0,0,0,0,0,0,0,0
5040,1,1,1,0,0,0,0,10,161,62.66079504170868,1.0,1,4,0,0,0,0,1,0,0,0,9,0,0,0,0,0,0,0,0,0,1,9,0,0,0,0,0,0,0,0,0,1,1
5041,0,1,1,0,0,0,0,21,171,24.789715590990163,0.9994187310671367,1,6,0,0,0,0,0,0,1,0,6,0,0,0,0,0,0,1,0,0,0,7,0,0,0,0,0,0,0,1,0,0,0
5043,0,1,1,0,0,0,0,11,125,19.86361894543287,0.9257810977009548,1,6,0,0,0,0,0,0,1,0,6,0,0,0,0,0,0,1,0,0,0,7,0,0,0,0,0,0,0,1,0,0,0
5044,0,1,1,0,0,0,0,12,125,19.86361894543287,0.9257810977009548,1,6,0,0,0,0,0,0,1,0,6,0,0,0,0,0,0,1,0,0,0,7,0,0,0,0,0,0,0,1,0,0,0
5046,1,1,1,0,0,0,0,13,154,45.33825281800424,0.9999999999993074,1,6,0,0,0,0,0,0,1,0,6,0,0,0,0,0,0,1,0,0,0,7,0,0,0,0,0,0,0,1,0,0,0
5047,0,0,1,1,0,0,0,18,124,18.316959398784128,0.7265044781546689,1,6,0,0,0,0,0,0,1,0,6,0,0,0,0,0,0,1,0,0,0,7,0,0,0,0,0,0,0,1,0,0,0
5049,0,1,1,0,1,0,0,20,85,13.705165126935684,0.02570985236807814,0,4,0,0,0,0,1,0,0,0,9,0,0,0,0,0,0,0,0,0,1,7,0,0,0,0,0,0,0,1,0,0,0
5050,0,1,1,0,0,0,0,16,150,20.966091959283908,0.9740702371477098,1,6,0,0,0,0,0,0,1,0,6,0,0,0,0,0,0,1,0,0,0,7,0,0,0,0,0,0,0,1,0,0,0
5052,0,1,1,0,0,0,0,9,161,19.55067284067216,0.901203849681676,1,0,1,0,0,0,0,0,0,0,6,0,0,0,0,0,0,1,0,0,0,7,0,0,0,0,0,0,0,1,0,0,1
5055,0,0,1,0,0,0,0,8,125,19.86361894543287,0.9257810977009548,1,6,0,0,0,0,0,0,1,0,6,0,0,0,0,0,0,1,0,0,0,7,0,0,0,0,0,0,0,1,0,0,0
5056,0,1,1,0,0,0,0,21,131,18.686707029685934,0.7935907464002077,1,4,0,0,0,0,1,0,0,0,9,0,0,0,0,0,0,0,0,0,1,7,0,0,0,0,0,0,0,1,0,0,1
5059,0,1,1,1,1,0,0,16,156,20.14095789124732,0.9427275647944414,1,4,0,0,0,0,1,0,0,0,9,0,0,0,0,0,0,0,0,0,1,5,0,0,0,0,0,1,0,0,0,0,1
5060,0,1,1,0,0,0,0,14,154,45.111809227414504,0.9999999999991314,1,0,1,0,0,0,0,0,0,0,6,0,0,0,0,0,0,1,0,0,0,7,0,0,0,0,0,0,0,1,0,0,1
5061,1,1,1,0,0,0,0,14,143,68.39164537532935,1.0,1,6,0,0,0,0,0,0,1,0,6,0,0,0,0,0,0,1,0,0,0,7,0,0,0,0,0,0,0,1,0,0,1
5062,0,1,0,1,0,0,2,6,85,18.71360429560328,0.7979618576206617,1,4,0,0,0,0,1,0,0,0,9,0,0,0,0,0,0,0,0,0,1,8,0,0,0,0,0,0,0,0,1,0,0
5063,1,1,1,0,0,0,0,12,108,44.273638237628575,0.9999999999979916,1,4,0,0,0,0,1,0,0,0,9,0,0,0,0,0,0,0,0,0,1,5,0,0,0,0,0,1,0,0,0,0,1
5064,1,1,1,0,1,0,0,12,159,52.911482336007616,0.9999999999999996,1,2,0,0,1,0,0,0,0,0,6,0,0,0,0,0,0,1,0,0,0,7,0,0,0,0,0,0,0,1,0,0,1
5065,0,0,0,0,0,0,0,3,102,20.7425890035973,0.9677853501498114,1,6,0,0,0,0,0,0,1,0,6,0,0,0,0,0,0,1,0,0,0,7,0,0,0,0,0,0,0,1,0,0,0
5067,0,1,1,0,0,0,1,10,146,45.3177511270746,0.9999999999992929,1,6,0,0,0,0,0,0,1,0,6,0,0,0,0,0,0,1,0,0,0,7,0,0,0,0,0,0,0,1,0,0,0
5068,0,0,0,0,0,0,0,3,59,9.501499896556904,0.00039410456688631344,0,6,0,0,0,0,0,0,1,0,6,0,0,0,0,0,0,1,0,0,0,7,0,0,0,0,0,0,0,1,0,0,0
5069,0,1,0,0,0,0,0,12,88,12.540280580250487,0.008164843028542597,0,6,0,0,0,0,0,0,1,0,6,0,0,0,0,0,0,1,0,0,0,7,0,0,0,0,0,0,0,1,0,0,0
5071,1,1,1,0,0,0,0,5,100,52.83435672667503,0.9999999999999996,1,6,0,0,0,0,0,0,1,0,6,0,0,0,0,0,0,1,0,0,0,7,0,0,0,0,0,0,0,1,0,0,1
5072,0,1,0,1,0,0,0,1,149,30.643106283661727,0.9999983307029576,1,6,0,0,0,0,0,0,1,0,6,0,0,0,0,0,0,1,0,0,0,7,0,0,0,0,0,0,0,1,0,0,1
5073,1,1,1,0,0,0,0,20,164,88.6908887789236,1.0,1,4,0,0,0,0,1,0,0,0,9,0,0,0,0,0,0,0,0,0,1,9,0,0,0,0,0,0,0,0,0,1,1
5074,1,0,1,0,0,0,0,36,170,113.40323189836906,1.0,1,6,0,0,0,0,0,0,1,0,6,0,0,0,0,0,0,1,0,0,0,7,0,0,0,0,0,0,0,1,0,0,1
5075,1,0,1,0,0,0,0,5,95,33.480029679008695,0.9999999021695324,1,6,0,0,0,0,0,0,1,0,6,0,0,0,0,0,0,1,0,0,0,7,0,0,0,0,0,0,0,1,0,0,1
5076,1,1,1,0,0,0,0,8,131,82.51458941701647,1.0,1,6,0,0,0,0,0,0,1,0,6,0,0,0,0,0,0,1,0,0,0,7,0,0,0,0,0,0,0,1,0,0,1
5078,0,1,1,0,0,0,0,14,162,24.903089665042764,0.9994810011022864,1,1,0,1,0,0,0,0,0,0,6,0,0,0,0,0,0,1,0,0,0,7,0,0,0,0,0,0,0,1,0,0,0
5079,1,1,1,0,1,0,0,6,76,11.972939573761401,0.004646145172770857,0,4,0,0,0,0,1,0,0,0,9,0,0,0,0,0,0,0,0,0,1,8,0,0,0,0,0,0,0,0,1,0,1
5080,0,1,1,1,1,0,1,29,174,24.54012514433223,0.9992540644519649,1,6,0,0,0,0,0,0,1,0,6,0,0,0,0,0,0,1,0,0,0,7,0,0,0,0,0,0,0,1,0,0,0
5082,1,1,1,0,0,0,0,5,100,52.83435672667503,0.9999999999999996,1,6,0,0,0,0,0,0,1,0,6,0,0,0,0,0,0,1,0,0,0,7,0,0,0,0,0,0,0,1,0,0,1
5083,1,0,1,0,0,0,0,7,140,27.12039738395467,0.9999434538778552,1,4,0,0,0,0,1,0,0,0,9,0,0,0,0,0,0,0,0,0,1,7,0,0,0,0,0,0,0,1,0,0,1
5085,1,1,1,1,0,0,0,6,145,91.64925537669984,1.0,1,6,0,0,0,0,0,0,1,0,6,0,0,0,0,0,0,1,0,0,0,7,0,0,0,0,0,0,0,1,0,0,1
5087,1,1,1,0,0,0,0,10,139,61.897641578265,1.0,1,2,0,0,1,0,0,0,0,0,6,0,0,0,0,0,0,1,0,0,0,7,0,0,0,0,0,0,0,1,0,0,1
5088,0,1,1,0,1,0,0,20,113,5.7086383741279505,8.883006318114954e-06,0,6,0,0,0,0,0,0,1,0,6,0,0,0,0,0,0,1,0,0,0,7,0,0,0,0,0,0,0,1,0,0,0
5089,1,0,1,0,0,0,11,12,117,42.46476578285794,0.9999999999877413,1,6,0,0,0,0,0,0,1,0,6,0,0,0,0,0,0,1,0,0,0,7,0,0,0,0,0,0,0,1,0,0,1
5092,1,1,1,0,0,0,0,7,148,89.69517794148013,1.0,1,6,0,0,0,0,0,0,1,0,6,0,0,0,0,0,0,1,0,0,0,7,0,0,0,0,0,0,0,1,0,0,1
5094,1,1,1,1,0,0,0,8,128,79.6133106285206,1.0,1,4,0,0,0,0,1,0,0,0,9,0,0,0,0,0,0,0,0,0,1,7,0,0,0,0,0,0,0,1,0,0,1
5095,1,0,0,0,0,0,0,4,153,213.0797890344711,1.0,1,3,0,0,0,1,0,0,0,0,6,0,0,0,0,0,0,1,0,0,0,7,0,0,0,0,0,0,0,1,0,0,1
5096,1,1,1,0,0,0,0,9,136,64.77354239402842,1.0,1,7,0,0,0,0,0,0,0,1,0,1,0,0,0,0,0,0,0,0,0,7,0,0,0,0,0,0,0,1,0,0,1
5097,0,0,0,0,0,0,0,1,75,12.710696190792305,0.009667185896325158,0,6,0,0,0,0,0,0,1,0,6,0,0,0,0,0,0,1,0,0,0,7,0,0,0,0,0,0,0,1,0,0,1
5098,1,0,1,1,0,0,0,9,163,129.04364493725484,1.0,1,6,0,0,0,0,0,0,1,0,6,0,0,0,0,0,0,1,0,0,0,7,0,0,0,0,0,0,0,1,0,0,1
5099,1,1,1,0,0,0,0,16,152,69.12158433205107,1.0,1,4,0,0,0,0,1,0,0,0,9,0,0,0,0,0,0,0,0,0,1,7,0,0,0,0,0,0,0,1,0,0,1
5101,1,1,1,0,1,0,0,12,81,23.94193632339534,0.9986441044751164,1,6,0,0,0,0,0,0,1,0,6,0,0,0,0,0,0,1,0,0,0,7,0,0,0,0,0,0,0,1,0,0,1
5102,1,1,1,0,0,0,0,7,109,52.1241705895049,0.9999999999999992,1,2,0,0,1,0,0,0,0,0,6,0,0,0,0,0,0,1,0,0,0,7,0,0,0,0,0,0,0,1,0,0,1
5103,0,1,1,1,0,0,0,14,91,10.840185737302768,0.001501460689491603,0,6,0,0,0,0,0,0,1,0,6,0,0,0,0,0,0,1,0,0,0,7,0,0,0,0,0,0,0,1,0,0,1
5104,1,0,1,0,1,0,0,5,100,38.37749207457828,0.9999999992696462,1,6,0,0,0,0,0,0,1,0,6,0,0,0,0,0,0,1,0,0,0,7,0,0,0,0,0,0,0,1,0,0,1
5105,0,0,0,1,0,0,0,10,101,30.402703806618533,0.9999978770542512,1,6,0,0,0,0,0,0,1,0,6,0,0,0,0,0,0,1,0,0,0,7,0,0,0,0,0,0,0,1,0,0,1
5106,1,1,0,0,0,0,0,4,158,199.7176295460698,1.0,1,6,0,0,0,0,0,0,1,0,6,0,0,0,0,0,0,1,0,0,0,7,0,0,0,0,0,0,0,1,0,0,1
5107,1,1,1,1,1,0,0,20,151,76.87534574226599,1.0,1,4,0,0,0,0,1,0,0,0,2,0,0,1,0,0,0,0,0,0,0,7,0,0,0,0,0,0,0,1,0,0,1
5109,0,0,0,1,0,1,0,5,87,11.293479391520922,0.002360495099698309,0,6,0,0,0,0,0,0,1,0,6,0,0,0,0,0,0,1,0,0,0,7,0,0,0,0,0,0,0,1,0,0,0
5110,1,1,1,0,0,0,0,11,139,118.70390256862385,1.0,1,1,0,1,0,0,0,0,0,0,7,0,0,0,0,0,0,0,1,0,0,6,0,0,0,0,0,0,1,0,0,0,1
5113,1,1,0,0,0,0,0,9,143,107.82678855735699,1.0,1,6,0,0,0,0,0,0,1,0,6,0,0,0,0,0,0,1,0,0,0,7,0,0,0,0,0,0,0,1,0,0,1
5114,0,0,1,0,0,0,0,17,107,12.726436025766949,0.009819043715572922,0,4,0,0,0,0,1,0,0,0,9,0,0,0,0,0,0,0,0,0,1,7,0,0,0,0,0,0,0,1,0,0,0
5115,1,1,1,0,0,0,0,10,183,61.27529200891271,1.0,1,6,0,0,0,0,0,0,1,0,6,0,0,0,0,0,0,1,0,0,0,7,0,0,0,0,0,0,0,1,0,0,1
5116,0,0,0,0,0,0,0,1,71,13.484446336518646,0.02072333862609138,0,6,0,0,0,0,0,0,1,0,6,0,0,0,0,0,0,1,0,0,0,7,0,0,0,0,0,0,0,1,0,0,0
5117,1,1,1,0,0,0,0,9,118,40.67080008521963,0.999999999926284,1,4,0,0,0,0,1,0,0,0,9,0,0,0,0,0,0,0,0,0,1,7,0,0,0,0,0,0,0,1,0,0,1
5119,1,1,1,0,0,0,0,9,105,65.83142314001424,1.0,1,1,0,1,0,0,0,0,0,0,6,0,0,0,0,0,0,1,0,0,0,7,0,0,0,0,0,0,0,1,0,0,1
5120,0,0,0,1,0,0,10,7,75,6.9003026041738,2.9247202103113484e-05,0,6,0,0,0,0,0,0,1,0,6,0,0,0,0,0,0,1,0,0,0,7,0,0,0,0,0,0,0,1,0,0,0
5122,1,1,1,0,0,0,0,12,128,19.638379326541347,0.9087427265374921,1,4,0,0,0,0,1,0,0,0,9,0,0,0,0,0,0,0,0,0,1,7,0,0,0,0,0,0,0,1,0,0,1
5124,0,1,1,1,0,0,0,8,95,21.189627086738998,0.9791560458739972,1,4,0,0,0,0,1,0,0,0,9,0,0,0,0,0,0,0,0,0,1,7,0,0,0,0,0,0,0,1,0,0,1
5125,1,1,1,0,0,0,0,8,105,34.71207522373601,0.9999999714633112,1,4,0,0,0,0,1,0,0,0,2,0,0,1,0,0,0,0,0,0,0,7,0,0,0,0,0,0,0,1,0,0,1
5126,0,1,1,1,0,0,0,12,90,6.161391576804849,1.3969664608606906e-05,0,7,0,0,0,0,0,0,0,1,6,0,0,0,0,0,0,1,0,0,0,7,0,0,0,0,0,0,0,1,0,0,0
5127,1,1,0,0,0,0,0,10,151,134.2307557838381,1.0,1,1,0,1,0,0,0,0,0,0,4,0,0,0,0,1,0,0,0,0,0,7,0,0,0,0,0,0,0,1,0,0,1
5128,0,1,0,0,0,0,0,7,86,13.771414735303544,0.027422517464767884,0,7,0,0,0,0,0,0,0,1,6,0,0,0,0,0,0,1,0,0,0,7,0,0,0,0,0,0,0,1,0,0,0
5130,1,1,0,0,0,0,0,10,148,134.2307557838381,1.0,1,6,0,0,0,0,0,0,1,0,6,0,0,0,0,0,0,1,0,0,0,7,0,0,0,0,0,0,0,1,0,0,1
5131,1,0,1,1,0,0,0,14,126,67.11752012125321,1.0,1,5,0,0,0,0,0,1,0,0,1,0,1,0,0,0,0,0,0,0,0,7,0,0,0,0,0,0,0,1,0,0,1
5132,1,1,1,0,0,0,0,11,144,34.192938417178695,0.9999999520419164,1,6,0,0,0,0,0,0,1,0,6,0,0,0,0,0,0,1,0,0,0,7,0,0,0,0,0,0,0,1,0,0,1
5134,0,1,1,1,0,0,0,13,88,20.09315044890026,0.9400910289520054,1,6,0,0,0,0,0,0,1,0,6,0,0,0,0,0,0,1,0,0,0,7,0,0,0,0,0,0,0,1,0,0,0
5135,1,1,1,0,0,0,0,9,122,28.37534147628345,0.9999838785132968,1,7,0,0,0,0,0,0,0,1,6,0,0,0,0,0,0,1,0,0,0,7,0,0,0,0,0,0,0,1,0,0,1
5136,1,0,1,0,1,0,0,12,121,27.82183741245413,0.9999719596342836,1,6,0,0,0,0,0,0,1,0,6,0,0,0,0,0,0,1,0,0,0,7,0,0,0,0,0,0,0,1,0,0,1
5137,1,1,0,0,0,0,0,9,143,107.82678855735699,1.0,1,6,0,0,0,0,0,0,1,0,6,0,0,0,0,0,0,1,0,0,0,7,0,0,0,0,0,0,0,1,0,0,1
5138,1,1,1,0,0,0,0,19,124,59.37701397004042,1.0,1,4,0,0,0,0,1,0,0,0,9,0,0,0,0,0,0,0,0,0,1,0,1,0,0,0,0,0,0,0,0,0,1
5139,0,0,0,1,0,0,0,2,125,22.860940613390184,0.9960138710545277,1,6,0,0,0,0,0,0,1,0,6,0,0,0,0,0,0,1,0,0,0,7,0,0,0,0,0,0,0,1,0,0,0
5140,1,1,0,0,0,0,0,9,143,107.82678855735699,1.0,1,6,0,0,0,0,0,0,1,0,6,0,0,0,0,0,0,1,0,0,0,7,0,0,0,0,0,0,0,1,0,0,1
5141,0,0,0,0,0,0,0,4,83,10.234500021846626,0.0008199065226411353,0,1,0,1,0,0,0,0,0,0,4,0,0,0,0,1,0,0,0,0,0,7,0,0,0,0,0,0,0,1,0,0,0
5142,1,1,1,0,0,0,13,4,101,30.35271158540164,0.9999977682260984,1,6,0,0,0,0,0,0,1,0,6,0,0,0,0,0,0,1,0,0,0,7,0,0,0,0,0,0,0,1,0,0,1
5144,1,1,0,0,0,0,0,9,143,107.82678855735699,1.0,1,6,0,0,0,0,0,0,1,0,6,0,0,0,0,0,0,1,0,0,0,7,0,0,0,0,0,0,0,1,0,0,1
5145,1,1,0,0,0,0,0,10,152,116.55066575209938,1.0,1,6,0,0,0,0,0,0,1,0,6,0,0,0,0,0,0,1,0,0,0,7,0,0,0,0,0,0,0,1,0,0,1
5146,0,0,0,0,0,0,2,2,108,14.820483445824996,0.07450127230201307,0,6,0,0,0,0,0,0,1,0,6,0,0,0,0,0,0,1,0,0,0,7,0,0,0,0,0,0,0,1,0,0,0
5148,1,1,1,0,0,0,1,13,110,42.22019932676209,0.9999999999843444,1,6,0,0,0,0,0,0,1,0,6,0,0,0,0,0,0,1,0,0,0,7,0,0,0,0,0,0,0,1,0,0,1
5149,0,0,0,0,0,0,0,7,68,9.737886930395137,0.0004991457902724935,0,6,0,0,0,0,0,0,1,0,6,0,0,0,0,0,0,1,0,0,0,7,0,0,0,0,0,0,0,1,0,0,0
5150,0,0,0,0,0,0,2,3,39,5.356115246563663,6.243990995310948e-06,0,6,0,0,0,0,0,0,1,0,6,0,0,0,0,0,0,1,0,0,0,7,0,0,0,0,0,0,0,1,0,0,0
5152,1,1,1,0,1,0,0,8,143,28.525987643643195,0.9999861330397914,1,6,0,0,0,0,0,0,1,0,6,0,0,0,0,0,0,1,0,0,0,7,0,0,0,0,0,0,0,1,0,0,1
5153,1,1,0,0,0,0,0,10,150,134.2307557838381,1.0,1,6,0,0,0,0,0,0,1,0,6,0,0,0,0,0,0,1,0,0,0,7,0,0,0,0,0,0,0,1,0,0,1
5154,1,1,1,0,0,0,0,7,86,30.35271158540164,0.9999977682260984,1,6,0,0,0,0,0,0,1,0,6,0,0,0,0,0,0,1,0,0,0,7,0,0,0,0,0,0,0,1,0,0,1
5155,1,1,1,0,0,0,0,6,96,29.8705257031552,0.9999963853998526,1,6,0,0,0,0,0,0,1,0,6,0,0,0,0,0,0,1,0,0,0,7,0,0,0,0,0,0,0,1,0,0,1
5157,1,1,0,0,0,0,0,9,143,107.82678855735699,1.0,1,6,0,0,0,0,0,0,1,0,6,0,0,0,0,0,0,1,0,0,0,7,0,0,0,0,0,0,0,1,0,0,1
5159,1,1,0,0,0,0,0,9,143,107.82678855735699,1.0,1,6,0,0,0,0,0,0,1,0,6,0,0,0,0,0,0,1,0,0,0,7,0,0,0,0,0,0,0,1,0,0,1
5160,1,0,1,0,0,0,0,8,86,30.35271158540164,0.9999977682260984,1,6,0,0,0,0,0,0,1,0,6,0,0,0,0,0,0,1,0,0,0,7,0,0,0,0,0,0,0,1,0,0,1
5162,1,1,1,0,0,0,0,22,115,14.958219882581673,0.0845726468809011,0,6,0,0,0,0,0,0,1,0,6,0,0,0,0,0,0,1,0,0,0,7,0,0,0,0,0,0,0,1,0,0,1
5164,1,1,1,0,1,0,0,16,156,61.89333397892138,1.0,1,4,0,0,0,0,1,0,0,0,9,0,0,0,0,0,0,0,0,0,1,5,0,0,0,0,0,1,0,0,0,0,1
5165,0,1,1,0,1,0,0,13,152,32.60526816654199,0.9999997653729022,1,4,0,0,0,0,1,0,0,0,9,0,0,0,0,0,0,0,0,0,1,7,0,0,0,0,0,0,0,1,0,0,0
5166,0,1,1,0,0,0,0,8,103,12.346028528183586,0.006733048343298754,0,6,0,0,0,0,0,0,1,0,6,0,0,0,0,0,0,1,0,0,0,7,0,0,0,0,0,0,0,1,0,0,1
5168,1,1,0,0,0,0,1,12,168,103.31420102016187,1.0,1,4,0,0,0,0,1,0,0,0,9,0,0,0,0,0,0,0,0,0,1,8,0,0,0,0,0,0,0,0,1,0,1
5169,1,1,1,0,0,0,0,6,147,65.59510262348164,1.0,1,0,1,0,0,0,0,0,0,0,6,0,0,0,0,0,0,1,0,0,0,7,0,0,0,0,0,0,0,1,0,0,1
5170,0,0,0,1,0,0,0,4,123,19.48341517686688,0.8950518449255724,1,6,0,0,0,0,0,0,1,0,6,0,0,0,0,0,0,1,0,0,0,7,0,0,0,0,0,0,0,1,0,0,0
5171,1,1,0,0,0,0,0,4,173,86.90927508136505,1.0,1,2,0,0,1,0,0,0,0,0,6,0,0,0,0,0,0,1,0,0,0,7,0,0,0,0,0,0,0,1,0,0,1
5172,1,1,1,0,0,0,0,6,158,78.07585726297606,1.0,1,4,0,0,0,0,1,0,0,0,9,0,0,0,0,0,0,0,0,0,1,7,0,0,0,0,0,0,0,1,0,0,1
5174,0,1,1,0,1,0,0,15,135,9.660681690722251,0.00046207631692057226,0,6,0,0,0,0,0,0,1,0,6,0,0,0,0,0,0,1,0,0,0,7,0,0,0,0,0,0,0,1,0,0,0
5175,1,1,1,0,1,0,0,7,121,9.451329868466523,0.0003748273533203541,0,4,0,0,0,0,1,0,0,0,9,0,0,0,0,0,0,0,0,0,1,7,0,0,0,0,0,0,0,1,0,0,1
5176,0,1,1,0,0,0,0,15,156,8.812433269390745,0.0001978968451661144,0,6,0,0,0,0,0,0,1,0,6,0,0,0,0,0,0,1,0,0,0,7,0,0,0,0,0,0,0,1,0,0,0
5177,1,1,1,1,0,0,0,9,178,73.31763349919619,1.0,1,4,0,0,0,0,1,0,0,0,9,0,0,0,0,0,0,0,0,0,1,7,0,0,0,0,0,0,0,1,0,0,1
5178,1,1,1,0,0,0,0,7,85,14.391191849742755,0.04979287194275082,0,6,0,0,0,0,0,0,1,0,6,0,0,0,0,0,0,1,0,0,0,7,0,0,0,0,0,0,0,1,0,0,1
5179,0,1,1,0,0,0,0,10,89,6.528827768491036,2.0172456892511468e-05,0,4,0,0,0,0,1,0,0,0,9,0,0,0,0,0,0,0,0,0,1,7,0,0,0,0,0,0,0,1,0,0,0
5180,0,0,1,0,0,0,0,9,118,34.64431961943636,0.9999999694627824,1,6,0,0,0,0,0,0,1,0,6,0,0,0,0,0,0,1,0,0,0,7,0,0,0,0,0,0,0,1,0,0,0
5181,1,1,1,0,1,0,0,11,138,31.259544935503047,0.999999098806496,1,4,0,0,0,0,1,0,0,0,9,0,0,0,0,0,0,0,0,0,1,9,0,0,0,0,0,0,0,0,0,1,1
5182,0,0,0,0,1,0,0,8,170,31.19490631873281,0.999999038630763,1,4,0,0,0,0,1,0,0,0,9,0,0,0,0,0,0,0,0,0,1,7,0,0,0,0,0,0,0,1,0,0,1
5183,0,0,0,0,0,0,0,0,72,8.595050360772266,0.00015923827538429035,0,2,0,0,1,0,0,0,0,0,6,0,0,0,0,0,0,1,0,0,0,7,0,0,0,0,0,0,0,1,0,0,0
5184,0,0,0,0,0,0,0,5,57,6.386235231512799,1.7491731745473895e-05,0,6,0,0,0,0,0,0,1,0,6,0,0,0,0,0,0,1,0,0,0,7,0,0,0,0,0,0,0,1,0,0,0
5185,0,1,1,1,0,0,0,14,145,21.950000843914626,0.9901462527105526,1,2,0,0,1,0,0,0,0,0,6,0,0,0,0,0,0,1,0,0,0,7,0,0,0,0,0,0,0,1,0,0,0
5186,1,1,1,1,0,0,4,19,107,7.5993679079351155,5.8839866349132337e-05,0,6,0,0,0,0,0,0,1,0,6,0,0,0,0,0,0,1,0,0,0,7,0,0,0,0,0,0,0,1,0,0,0
5187,1,1,1,0,0,0,0,16,111,15.241788549793439,0.10927078034193664,0,4,0,0,0,0,1,0,0,0,9,0,0,0,0,0,0,0,0,0,1,7,0,0,0,0,0,0,0,1,0,0,1
5188,0,1,1,0,0,0,0,13,85,5.6673652880627525,8.523843227275915e-06,0,6,0,0,0,0,0,0,1,0,6,0,0,0,0,0,0,1,0,0,0,7,0,0,0,0,0,0,0,1,0,0,0
5189,1,1,1,0,1,0,0,12,155,39.6574487031675,0.9999999997969256,1,2,0,0,1,0,0,0,0,0,6,0,0,0,0,0,0,1,0,0,0,7,0,0,0,0,0,0,0,1,0,0,1
5190,1,0,0,0,0,0,0,14,145,88.63096230489992,1.0,1,4,0,0,0,0,1,0,0,0,2,0,0,1,0,0,0,0,0,0,0,7,0,0,0,0,0,0,0,1,0,0,1
5191,1,1,1,0,0,0,0,8,147,48.25501008889698,0.9999999999999624,1,2,0,0,1,0,0,0,0,0,6,0,0,0,0,0,0,1,0,0,0,7,0,0,0,0,0,0,0,1,0,0,1
5192,0,1,0,0,0,0,0,6,118,13.396199852208678,0.019006213982721933,0,6,0,0,0,0,0,0,1,0,6,0,0,0,0,0,0,1,0,0,0,7,0,0,0,0,0,0,0,1,0,0,1
5193,1,1,1,1,0,2,0,43,131,135.02464044242296,1.0,1,1,0,1,0,0,0,0,0,0,6,0,0,0,0,0,0,1,0,0,0,7,0,0,0,0,0,0,0,1,0,0,0
5194,0,1,1,0,1,0,0,8,163,31.92449529673799,0.9999995365168284,1,7,0,0,0,0,0,0,0,1,0,1,0,0,0,0,0,0,0,0,0,7,0,0,0,0,0,0,0,1,0,0,0
5195,0,0,1,0,0,0,0,8,79,4.954241188263887,4.177644490056896e-06,0,4,0,0,0,0,1,0,0,0,9,0,0,0,0,0,0,0,0,0,1,7,0,0,0,0,0,0,0,1,0,0,0
5196,1,1,1,0,0,0,0,5,127,98.18592074841409,1.0,1,6,0,0,0,0,0,0,1,0,6,0,0,0,0,0,0,1,0,0,0,7,0,0,0,0,0,0,0,1,0,0,1
5197,0,1,1,0,0,0,0,16,174,49.616213466862774,0.9999999999999905,1,1,0,1,0,0,0,0,0,0,6,0,0,0,0,0,0,1,0,0,0,7,0,0,0,0,0,0,0,1,0,0,0
5198,0,1,1,0,0,0,0,8,107,15.456345512796036,0.13196967524483186,0,4,0,0,0,0,1,0,0,0,2,0,0,1,0,0,0,0,0,0,0,7,0,0,0,0,0,0,0,1,0,0,1
5199,0,0,1,1,0,0,0,22,136,19.206252233924648,0.8660240338277975,1,6,0,0,0,0,0,0,1,0,6,0,0,0,0,0,0,1,0,0,0,7,0,0,0,0,0,0,0,1,0,0,0
5200,1,1,1,0,0,0,0,10,96,16.024440588045806,0.21155804033016606,0,6,0,0,0,0,0,0,1,0,6,0,0,0,0,0,0,1,0,0,0,7,0,0,0,0,0,0,0,1,0,0,1
5201,1,1,1,0,0,0,0,13,129,44.330289508107526,0.9999999999981022,1,6,0,0,0,0,0,0,1,0,6,0,0,0,0,0,0,1,0,0,0,7,0,0,0,0,0,0,0,1,0,0,1
5202,1,1,1,0,0,0,0,13,149,22.610766369568378,0.9948866109566584,1,2,0,0,1,0,0,0,0,0,6,0,0,0,0,0,0,1,0,0,0,7,0,0,0,0,0,0,0,1,0,0,1
5203,1,1,1,1,0,0,0,7,146,63.68927095533035,1.0,1,6,0,0,0,0,0,0,1,0,6,0,0,0,0,0,0,1,0,0,0,7,0,0,0,0,0,0,0,1,0,0,1
5204,0,0,0,0,0,0,0,12,104,54.23412005301275,1.0,1,6,0,0,0,0,0,0,1,0,6,0,0,0,0,0,0,1,0,0,0,7,0,0,0,0,0,0,0,1,0,0,1
5206,1,1,1,1,0,0,0,19,168,127.63981585848116,1.0,1,4,0,0,0,0,1,0,0,0,9,0,0,0,0,0,0,0,0,0,1,7,0,0,0,0,0,0,0,1,0,0,1
5207,1,0,0,1,0,0,0,11,161,53.040519525144596,0.9999999999999998,1,6,0,0,0,0,0,0,1,0,6,0,0,0,0,0,0,1,0,0,0,7,0,0,0,0,0,0,0,1,0,0,1
5208,1,1,1,0,1,0,0,12,151,59.61727589498216,1.0,1,6,0,0,0,0,0,0,1,0,6,0,0,0,0,0,0,1,0,0,0,7,0,0,0,0,0,0,0,1,0,0,1
5209,1,1,0,0,0,0,0,6,162,75.05509232097134,1.0,1,4,0,0,0,0,1,0,0,0,9,0,0,0,0,0,0,0,0,0,1,7,0,0,0,0,0,0,0,1,0,0,1
5210,1,1,1,0,0,0,0,7,121,36.47418561616538,0.9999999951007594,1,3,0,0,0,1,0,0,0,0,6,0,0,0,0,0,0,1,0,0,0,7,0,0,0,0,0,0,0,1,0,0,1
5211,0,1,1,1,0,0,0,19,144,3.174366780989317,7.046011607781485e-07,0,4,0,0,0,0,1,0,0,0,9,0,0,0,0,0,0,0,0,0,1,7,0,0,0,0,0,0,0,1,0,0,0
5212,0,0,0,1,0,0,2,7,98,6.406969277630882,1.7858185548354138e-05,0,6,0,0,0,0,0,0,1,0,6,0,0,0,0,0,0,1,0,0,0,7,0,0,0,0,0,0,0,1,0,0,0
5213,1,0,0,1,0,0,0,4,32,2.263985299317832,2.8351098005009023e-07,0,6,0,0,0,0,0,0,1,0,6,0,0,0,0,0,0,1,0,0,0,7,0,0,0,0,0,0,0,1,0,0,0
5218,0,0,0,0,0,0,1,7,141,33.618841558676486,0.9999999148491666,1,6,0,0,0,0,0,0,1,0,6,0,0,0,0,0,0,1,0,0,0,5,0,0,0,0,0,1,0,0,0,0,0
5219,0,1,1,1,0,0,0,23,151,56.102482517008454,1.0,1,6,0,0,0,0,0,0,1,0,6,0,0,0,0,0,0,1,0,0,0,7,0,0,0,0,0,0,0,1,0,0,0
5220,0,0,0,0,0,0,0,4,78,4.378681201501422,2.349469152284962e-06,0,6,0,0,0,0,0,0,1,0,6,0,0,0,0,0,0,1,0,0,0,7,0,0,0,0,0,0,0,1,0,0,0
5221,0,0,0,0,0,1,0,2,26,1.3498644097851191,1.136507481356622e-07,0,0,1,0,0,0,0,0,0,0,6,0,0,0,0,0,0,1,0,0,0,7,0,0,0,0,0,0,0,1,0,0,0
5222,1,1,1,0,0,0,1,13,107,29.147777307043466,0.9999925536364098,1,2,0,0,1,0,0,0,0,0,8,0,0,0,0,0,0,0,0,1,0,7,0,0,0,0,0,0,0,1,0,0,1
5223,1,0,0,1,0,0,0,0,78,42.01587173859864,0.9999999999807954,1,6,0,0,0,0,0,0,1,0,6,0,0,0,0,0,0,1,0,0,0,7,0,0,0,0,0,0,0,1,0,0,0
5224,0,0,0,0,0,0,0,1,33,1.6101727819840808,1.474425298158575e-07,0,6,0,0,0,0,0,0,1,0,6,0,0,0,0,0,0,1,0,0,0,7,0,0,0,0,0,0,0,1,0,0,0
5226,1,1,0,0,0,0,2,2,89,25.234842194062608,0.9996274781206448,1,6,0,0,0,0,0,0,1,0,6,0,0,0,0,0,0,1,0,0,0,7,0,0,0,0,0,0,0,1,0,0,1
5227,0,0,0,1,0,0,0,7,145,38.73970960369388,0.9999999994915784,1,4,0,0,0,0,1,0,0,0,9,0,0,0,0,0,0,0,0,0,1,7,0,0,0,0,0,0,0,1,0,0,0
5228,1,1,1,0,0,0,0,12,121,34.192338798309,0.9999999520131512,1,4,0,0,0,0,1,0,0,0,9,0,0,0,0,0,0,0,0,0,1,7,0,0,0,0,0,0,0,1,0,0,1
5229,0,1,1,0,0,0,0,7,57,2.19539899367202,2.647178563821424e-07,0,4,0,0,0,0,1,0,0,0,9,0,0,0,0,0,0,0,0,0,1,7,0,0,0,0,0,0,0,1,0,0,0
5230,0,1,0,1,0,0,0,2,56,4.905602787927925,3.979313697330553e-06,0,6,0,0,0,0,0,0,1,0,6,0,0,0,0,0,0,1,0,0,0,7,0,0,0,0,0,0,0,1,0,0,0
5231,0,1,1,1,1,0,1,8,118,7.610363207071344,5.949035942222095e-05,0,6,0,0,0,0,0,0,1,0,6,0,0,0,0,0,0,1,0,0,0,7,0,0,0,0,0,0,0,1,0,0,0
5232,0,1,0,0,0,2,0,4,60,10.898630739119294,0.0015916847799060847,0,6,0,0,0,0,0,0,1,0,6,0,0,0,0,0,0,1,0,0,0,7,0,0,0,0,0,0,0,1,0,0,0
5233,0,0,0,1,0,0,1,9,63,5.53807125323058,7.490041371850577e-06,0,4,0,0,0,0,1,0,0,0,9,0,0,0,0,0,0,0,0,0,1,7,0,0,0,0,0,0,0,1,0,0,0
5234,1,0,1,0,0,0,0,23,118,16.96846598512944,0.4081704015628488,0,6,0,0,0,0,0,0,1,0,6,0,0,0,0,0,0,1,0,0,0,7,0,0,0,0,0,0,0,1,0,0,1
5235,0,0,0,0,0,0,0,6,39,3.3496946678271686,8.396286117030575e-07,0,6,0,0,0,0,0,0,1,0,6,0,0,0,0,0,0,1,0,0,0,7,0,0,0,0,0,0,0,1,0,0,0
5236,0,0,0,1,0,10,0,11,52,1.598452559495663,1.457245579855444e-07,0,4,0,0,0,0,1,0,0,0,9,0,0,0,0,0,0,0,0,0,1,5,0,0,0,0,0,1,0,0,0,0,0
5238,0,1,1,0,0,0,0,42,156,81.51749112204138,1.0,1,4,0,0,0,0,1,0,0,0,9,0,0,0,0,0,0,0,0,0,1,7,0,0,0,0,0,0,0,1,0,0,0
5242,0,0,0,1,0,1,0,3,46,0.5079457525584491,4.897017995628823e-08,0,6,0,0,0,0,0,0,1,0,6,0,0,0,0,0,0,1,0,0,0,7,0,0,0,0,0,0,0,1,0,0,0
5243,0,1,0,0,0,0,0,11,50,0.5387320474584432,5.0501237145079694e-08,0,6,0,0,0,0,0,0,1,0,6,0,0,0,0,0,0,1,0,0,0,7,0,0,0,0,0,0,0,1,0,0,1
5244,0,0,0,0,0,0,0,3,87,13.84684245635768,0.029507547612753888,0,6,0,0,0,0,0,0,1,0,6,0,0,0,0,0,0,1,0,0,0,7,0,0,0,0,0,0,0,1,0,0,0
5245,0,1,0,1,0,0,0,4,48,2.19539899367202,2.647178563821424e-07,0,4,0,0,0,0,1,0,0,0,9,0,0,0,0,0,0,0,0,0,1,7,0,0,0,0,0,0,0,1,0,0,1
5247,0,1,1,0,0,0,0,9,110,30.378510198180393,0.9999978250662924,1,6,0,0,0,0,0,0,1,0,6,0,0,0,0,0,0,1,0,0,0,7,0,0,0,0,0,0,0,1,0,0,1
5248,1,1,1,0,0,0,0,5,42,1.1269379038744212,9.094033661354398e-08,0,6,0,0,0,0,0,0,1,0,6,0,0,0,0,0,0,1,0,0,0,7,0,0,0,0,0,0,0,1,0,0,0
5249,0,0,0,0,0,0,0,4,76,13.124955248658676,0.014556635027102085,0,6,0,0,0,0,0,0,1,0,6,0,0,0,0,0,0,1,0,0,0,8,0,0,0,0,0,0,0,0,1,0,0
5251,0,1,1,1,0,0,0,25,160,49.87193732461325,0.9999999999999925,1,4,0,0,0,0,1,0,0,0,9,0,0,0,0,0,0,0,0,0,1,7,0,0,0,0,0,0,0,1,0,0,0
5252,1,1,0,0,0,0,0,9,125,42.97050109168623,0.9999999999926071,1,4,0,0,0,0,1,0,0,0,9,0,0,0,0,0,0,0,0,0,1,7,0,0,0,0,0,0,0,1,0,0,1
5254,1,0,0,1,0,0,0,16,116,34.45428456816574,0.999999963071588,1,2,0,0,1,0,0,0,0,0,3,0,0,0,1,0,0,0,0,0,0,7,0,0,0,0,0,0,0,1,0,0,1
5255,0,0,1,1,0,0,0,20,142,37.8226962631723,0.9999999987280266,1,6,0,0,0,0,0,0,1,0,6,0,0,0,0,0,0,1,0,0,0,7,0,0,0,0,0,0,0,1,0,0,0
5256,0,1,1,1,0,0,0,26,153,53.12524101605471,0.9999999999999998,1,2,0,0,1,0,0,0,0,0,8,0,0,0,0,0,0,0,0,1,0,7,0,0,0,0,0,0,0,1,0,0,0
5257,1,1,1,0,0,0,0,9,145,102.61750493443465,1.0,1,6,0,0,0,0,0,0,1,0,6,0,0,0,0,0,0,1,0,0,0,7,0,0,0,0,0,0,0,1,0,0,1
5259,0,0,0,0,0,0,4,2,31,1.3673350528330146,1.1565374543773587e-07,0,4,0,0,0,0,1,0,0,0,6,0,0,0,0,0,0,1,0,0,0,7,0,0,0,0,0,0,0,1,0,0,1
5260,0,0,0,0,0,0,2,2,90,30.721380270726762,0.9999984563824138,1,6,0,0,0,0,0,0,1,0,6,0,0,0,0,0,0,1,0,0,0,7,0,0,0,0,0,0,0,1,0,0,0
5262,0,0,0,0,0,0,0,8,61,5.2519769122498134,5.626467729429032e-06,0,2,0,0,1,0,0,0,0,0,8,0,0,0,0,0,0,0,0,1,0,7,0,0,0,0,0,0,0,1,0,0,0
5263,0,0,1,0,0,0,0,6,89,12.761770791236716,0.010168608817430922,0,6,0,0,0,0,0,0,1,0,6,0,0,0,0,0,0,1,0,0,0,7,0,0,0,0,0,0,0,1,0,0,0
5264,0,1,1,0,0,0,0,8,152,26.58147407147665,0.9999030747990711,1,6,0,0,0,0,0,0,1,0,6,0,0,0,0,0,0,1,0,0,0,7,0,0,0,0,0,0,0,1,0,0,0
5265,0,0,0,1,0,0,0,2,124,20.38306271722236,0.9544820775250464,1,4,0,0,0,0,1,0,0,0,9,0,0,0,0,0,0,0,0,0,1,5,0,0,0,0,0,1,0,0,0,0,0
5266,0,0,0,0,0,0,0,1,134,81.97608844891433,1.0,1,6,0,0,0,0,0,0,1,0,6,0,0,0,0,0,0,1,0,0,0,7,0,0,0,0,0,0,0,1,0,0,0
5267,0,0,0,0,0,0,0,1,67,11.516543959608192,0.0029486464552020445,0,6,0,0,0,0,0,0,1,0,6,0,0,0,0,0,0,1,0,0,0,7,0,0,0,0,0,0,0,1,0,0,0
5269,0,0,0,0,0,0,0,3,96,20.300725998679923,0.9507679877460152,1,6,0,0,0,0,0,0,1,0,6,0,0,0,0,0,0,1,0,0,0,7,0,0,0,0,0,0,0,1,0,0,0
5270,0,0,0,0,0,0,0,5,147,28.789342344801174,0.9999893436329697,1,4,0,0,0,0,1,0,0,0,9,0,0,0,0,0,0,0,0,0,1,7,0,0,0,0,0,0,0,1,0,0,0
5271,0,0,0,0,0,0,0,3,144,15.791493763641268,0.1753021187621172,0,6,0,0,0,0,0,0,1,0,6,0,0,0,0,0,0,1,0,0,0,7,0,0,0,0,0,0,0,1,0,0,0
5272,0,0,1,0,0,0,0,11,76,3.9181040666866815,1.4823269881633743e-06,0,1,0,1,0,0,0,0,0,0,6,0,0,0,0,0,0,1,0,0,0,7,0,0,0,0,0,0,0,1,0,0,0
5273,0,0,0,1,0,0,0,7,168,50.88223440204521,0.9999999999999972,1,0,1,0,0,0,0,0,0,0,6,0,0,0,0,0,0,1,0,0,0,7,0,0,0,0,0,0,0,1,0,0,0
5274,0,1,1,0,0,0,0,57,145,129.92906558833937,1.0,1,4,0,0,0,0,1,0,0,0,9,0,0,0,0,0,0,0,0,0,1,2,0,0,1,0,0,0,0,0,0,0,0
5276,0,0,0,1,1,0,0,12,142,30.588906417525173,0.9999982377306564,1,4,0,0,0,0,1,0,0,0,9,0,0,0,0,0,0,0,0,0,1,7,0,0,0,0,0,0,0,1,0,0,0
5278,1,1,1,0,0,0,0,10,70,8.088648296206957,9.59726137135038e-05,0,6,0,0,0,0,0,0,1,0,6,0,0,0,0,0,0,1,0,0,0,7,0,0,0,0,0,0,0,1,0,0,0
5280,0,0,1,0,0,0,0,8,43,1.309373160605491,1.0914081054791837e-07,0,6,0,0,0,0,0,0,1,0,6,0,0,0,0,0,0,1,0,0,0,7,0,0,0,0,0,0,0,1,0,0,0
5281,0,1,1,0,1,2,0,16,165,20.914419312205183,0.9727326513867384,1,4,0,0,0,0,1,0,0,0,9,0,0,0,0,0,0,0,0,0,1,7,0,0,0,0,0,0,0,1,0,0,0
5282,1,0,1,1,0,0,0,7,158,153.24897323477316,1.0,1,6,0,0,0,0,0,0,1,0,6,0,0,0,0,0,0,1,0,0,0,7,0,0,0,0,0,0,0,1,0,0,0
5283,1,1,1,0,0,0,0,10,153,121.40698658685669,1.0,1,2,0,0,1,0,0,0,0,0,8,0,0,0,0,0,0,0,0,1,0,7,0,0,0,0,0,0,0,1,0,0,0
5284,0,0,1,0,0,0,0,9,120,19.02269912892384,0.8432616095641304,1,6,0,0,0,0,0,0,1,0,6,0,0,0,0,0,0,1,0,0,0,7,0,0,0,0,0,0,0,1,0,0,0
5285,0,1,1,0,0,0,0,6,57,2.1403781690300416,2.5054630542304914e-07,0,6,0,0,0,0,0,0,1,0,6,0,0,0,0,0,0,1,0,0,0,7,0,0,0,0,0,0,0,1,0,0,0
5286,0,1,0,1,0,0,0,2,72,10.805940302725546,0.0014509863139302542,0,6,0,0,0,0,0,0,1,0,6,0,0,0,0,0,0,1,0,0,0,7,0,0,0,0,0,0,0,1,0,0,0
5287,0,1,1,0,1,0,0,11,110,7.2283543701528945,4.0602284155332736e-05,0,7,0,0,0,0,0,0,0,1,6,0,0,0,0,0,0,1,0,0,0,7,0,0,0,0,0,0,0,1,0,0,0
5290,0,1,1,0,0,0,0,7,118,22.143020725447712,0.9918618481711504,1,6,0,0,0,0,0,0,1,0,6,0,0,0,0,0,0,1,0,0,0,7,0,0,0,0,0,0,0,1,0,0,0
5291,0,0,0,0,0,0,0,2,38,4.92057620788973,4.0393457124768095e-06,0,6,0,0,0,0,0,0,1,0,6,0,0,0,0,0,0,1,0,0,0,7,0,0,0,0,0,0,0,1,0,0,0
5292,0,0,0,0,0,0,0,1,44,7.0410159806460815,3.366614967590356e-05,0,6,0,0,0,0,0,0,1,0,6,0,0,0,0,0,0,1,0,0,0,7,0,0,0,0,0,0,0,1,0,0,0
5293,0,0,0,1,0,0,0,10,162,31.136705908032752,0.9999989810184676,1,4,0,0,0,0,1,0,0,0,9,0,0,0,0,0,0,0,0,0,1,7,0,0,0,0,0,0,0,1,0,0,0
5295,0,1,0,0,1,0,0,9,103,16.21130347060638,0.2444017319995624,0,6,0,0,0,0,0,0,1,0,6,0,0,0,0,0,0,1,0,0,0,7,0,0,0,0,0,0,0,1,0,0,0
5296,0,0,0,0,1,1,0,7,118,34.969115285986774,0.9999999779315158,1,1,0,1,0,0,0,0,0,0,6,0,0,0,0,0,0,1,0,0,0,7,0,0,0,0,0,0,0,1,0,0,0
5297,0,0,0,0,0,0,0,4,90,25.573281199960128,0.9997344073537036,1,6,0,0,0,0,0,0,1,0,6,0,0,0,0,0,0,1,0,0,0,5,0,0,0,0,0,1,0,0,0,0,0
5298,0,1,1,0,0,0,0,8,161,29.30076116723115,0.9999936099442006,1,2,0,0,1,0,0,0,0,0,6,0,0,0,0,0,0,1,0,0,0,7,0,0,0,0,0,0,0,1,0,0,0
5299,1,0,0,0,0,0,0,2,51,3.9407052174396986,1.516210696149564e-06,0,6,0,0,0,0,0,0,1,0,6,0,0,0,0,0,0,1,0,0,0,7,0,0,0,0,0,0,0,1,0,0,0
5300,0,1,1,0,1,0,0,12,163,30.27536023457536,0.999997588743666,1,4,0,0,0,0,1,0,0,0,9,0,0,0,0,0,0,0,0,0,1,0,1,0,0,0,0,0,0,0,0,0,0
5301,1,1,0,0,0,0,6,9,88,52.46302828686038,0.9999999999999992,1,0,1,0,0,0,0,0,0,0,6,0,0,0,0,0,0,1,0,0,0,7,0,0,0,0,0,0,0,1,0,0,0
5302,0,0,0,1,0,0,0,3,60,7.402749005476227,4.833767245237882e-05,0,4,0,0,0,0,1,0,0,0,9,0,0,0,0,0,0,0,0,0,1,9,0,0,0,0,0,0,0,0,0,1,0
5304,0,1,0,0,0,0,0,4,126,61.643402849766225,1.0,1,1,0,1,0,0,0,0,0,0,6,0,0,0,0,0,0,1,0,0,0,7,0,0,0,0,0,0,0,1,0,0,0
5305,0,0,0,0,0,0,0,4,151,108.02945494278538,1.0,1,4,0,0,0,0,1,0,0,0,2,0,0,1,0,0,0,0,0,0,0,7,0,0,0,0,0,0,0,1,0,0,0
5306,0,1,0,1,0,0,0,10,128,14.285256241199512,0.045013113145052304,0,4,0,0,0,0,1,0,0,0,9,0,0,0,0,0,0,0,0,0,1,7,0,0,0,0,0,0,0,1,0,0,0
5308,0,1,1,0,1,1,0,9,154,11.828974952817795,0.004025690369463111,0,4,0,0,0,0,1,0,0,0,9,0,0,0,0,0,0,0,0,0,1,5,0,0,0,0,0,1,0,0,0,0,0
5309,0,0,0,0,0,0,0,5,39,2.837917792759262,5.03298345466825e-07,0,4,0,0,0,0,1,0,0,0,9,0,0,0,0,0,0,0,0,0,1,7,0,0,0,0,0,0,0,1,0,0,0
5310,0,1,1,0,0,0,0,17,143,8.332227730099632,0.00012243935439223302,0,6,0,0,0,0,0,0,1,0,6,0,0,0,0,0,0,1,0,0,0,7,0,0,0,0,0,0,0,1,0,0,0
5313,0,1,1,0,0,0,0,20,124,7.281234396372437,4.280702165102691e-05,0,6,0,0,0,0,0,0,1,0,6,0,0,0,0,0,0,1,0,0,0,7,0,0,0,0,0,0,0,1,0,0,0
5315,0,1,1,0,1,0,0,12,111,12.839628424283134,0.010982905737066229,0,6,0,0,0,0,0,0,1,0,6,0,0,0,0,0,0,1,0,0,0,7,0,0,0,0,0,0,0,1,0,0,0
5316,0,1,1,0,0,1,0,16,140,25.299188879681104,0.999650685625635,1,6,0,0,0,0,0,0,1,0,6,0,0,0,0,0,0,1,0,0,0,7,0,0,0,0,0,0,0,1,0,0,1
5317,0,0,0,0,0,0,0,1,49,9.540225462663427,0.0004096594796674688,0,6,0,0,0,0,0,0,1,0,6,0,0,0,0,0,0,1,0,0,0,7,0,0,0,0,0,0,0,1,0,0,1
5319,1,0,1,1,0,0,0,7,149,394.4937902128869,1.0,1,6,0,0,0,0,0,0,1,0,6,0,0,0,0,0,0,1,0,0,0,7,0,0,0,0,0,0,0,1,0,0,1
5320,0,0,0,0,0,0,0,2,37,6.417484459203303,1.8046954956018545e-05,0,6,0,0,0,0,0,0,1,0,6,0,0,0,0,0,0,1,0,0,0,7,0,0,0,0,0,0,0,1,0,0,0
5321,0,1,1,0,1,0,0,14,88,3.7990003660259886,1.3158852171706136e-06,0,6,0,0,0,0,0,0,1,0,6,0,0,0,0,0,0,1,0,0,0,7,0,0,0,0,0,0,0,1,0,0,0
5322,0,1,1,0,0,0,0,5,52,5.840711960674156,1.0137205630939571e-05,0,6,0,0,0,0,0,0,1,0,6,0,0,0,0,0,0,1,0,0,0,7,0,0,0,0,0,0,0,1,0,0,0
5323,0,1,1,0,0,0,0,6,101,21.087991665187122,0.976977500938062,1,6,0,0,0,0,0,0,1,0,6,0,0,0,0,0,0,1,0,0,0,7,0,0,0,0,0,0,0,1,0,0,0
5324,1,0,0,0,0,0,0,1,48,11.5666361665684,0.003099643139477793,0,6,0,0,0,0,0,0,1,0,6,0,0,0,0,0,0,1,0,0,0,7,0,0,0,0,0,0,0,1,0,0,1
5325,0,0,0,0,0,0,0,1,56,11.310174969399064,0.002400140369793153,0,6,0,0,0,0,0,0,1,0,6,0,0,0,0,0,0,1,0,0,0,7,0,0,0,0,0,0,0,1,0,0,0
5326,0,0,0,0,0,0,0,3,16,4.001970337858797,1.6120058672578042e-06,0,6,0,0,0,0,0,0,1,0,6,0,0,0,0,0,0,1,0,0,0,7,0,0,0,0,0,0,0,1,0,0,0
5328,1,1,1,0,0,0,0,7,86,29.658503955075282,0.9999955317263114,1,4,0,0,0,0,1,0,0,0,9,0,0,0,0,0,0,0,0,0,1,7,0,0,0,0,0,0,0,1,0,0,0
5330,0,0,1,0,0,0,0,10,48,2.8896515833735115,5.300211388103573e-07,0,4,0,0,0,0,1,0,0,0,2,0,0,1,0,0,0,0,0,0,0,7,0,0,0,0,0,0,0,1,0,0,0
5331,0,1,1,0,1,1,0,22,161,48.26798969907004,0.9999999999999628,1,1,0,1,0,0,0,0,0,0,7,0,0,0,0,0,0,0,1,0,0,6,0,0,0,0,0,0,1,0,0,0,0
5332,0,1,1,1,1,0,0,29,145,5.673861023976791,8.579391605300891e-06,0,6,0,0,0,0,0,0,1,0,6,0,0,0,0,0,0,1,0,0,0,7,0,0,0,0,0,0,0,1,0,0,0
5335,0,0,0,1,0,0,0,2,144,41.58379797773325,0.9999999999704164,1,6,0,0,0,0,0,0,1,0,6,0,0,0,0,0,0,1,0,0,0,7,0,0,0,0,0,0,0,1,0,0,0
5336,1,1,1,0,0,0,4,5,76,18.682527841072137,0.7929053366287393,1,6,0,0,0,0,0,0,1,0,6,0,0,0,0,0,0,1,0,0,0,7,0,0,0,0,0,0,0,1,0,0,1
5337,0,0,0,0,0,0,0,3,80,17.322754628212472,0.4956887639004121,0,6,0,0,0,0,0,0,1,0,6,0,0,0,0,0,0,1,0,0,0,7,0,0,0,0,0,0,0,1,0,0,0
5338,0,0,0,1,0,0,0,17,46,20.68368729041989,0.9658975087251104,1,6,0,0,0,0,0,0,1,0,6,0,0,0,0,0,0,1,0,0,0,7,0,0,0,0,0,0,0,1,0,0,1
5339,0,0,0,0,0,0,0,2,56,6.7522485818060005,2.522243602865183e-05,0,6,0,0,0,0,0,0,1,0,6,0,0,0,0,0,0,1,0,0,0,7,0,0,0,0,0,0,0,1,0,0,0
5341,0,0,0,0,0,0,0,0,90,28.45822622767107,0.9999851608420972,1,4,0,0,0,0,1,0,0,0,9,0,0,0,0,0,0,0,0,0,1,7,0,0,0,0,0,0,0,1,0,0,0
5342,0,1,1,0,1,0,0,20,142,18.458456257375225,0.7537022557809377,1,6,0,0,0,0,0,0,1,0,6,0,0,0,0,0,0,1,0,0,0,7,0,0,0,0,0,0,0,1,0,0,0
5343,1,1,1,0,0,0,0,6,54,5.7024011873226925,8.827774262797775e-06,0,6,0,0,0,0,0,0,1,0,6,0,0,0,0,0,0,1,0,0,0,7,0,0,0,0,0,0,0,1,0,0,0
5344,0,0,0,1,0,1,0,5,60,5.251266952223643,5.622474602359993e-06,0,6,0,0,0,0,0,0,1,0,6,0,0,0,0,0,0,1,0,0,0,7,0,0,0,0,0,0,0,1,0,0,0
5345,1,1,0,0,0,0,0,8,158,51.91639340419311,0.9999999999999992,1,4,0,0,0,0,1,0,0,0,9,0,0,0,0,0,0,0,0,0,1,7,0,0,0,0,0,0,0,1,0,0,1
5346,1,1,1,0,0,0,0,10,123,24.48551896395152,0.9992122320902896,1,4,0,0,0,0,1,0,0,0,9,0,0,0,0,0,0,0,0,0,1,7,0,0,0,0,0,0,0,1,0,0,1
5347,0,0,0,1,0,1,0,2,121,24.69133213222742,0.9993586746498752,1,6,0,0,0,0,0,0,1,0,6,0,0,0,0,0,0,1,0,0,0,7,0,0,0,0,0,0,0,1,0,0,0
5349,0,0,0,1,0,0,0,6,97,25.28120762509979,0.9996443499578966,1,4,0,0,0,0,1,0,0,0,2,0,0,1,0,0,0,0,0,0,0,7,0,0,0,0,0,0,0,1,0,0,0
5350,0,0,0,0,0,0,0,7,93,30.108425995859147,0.9999971506761719,1,4,0,0,0,0,1,0,0,0,9,0,0,0,0,0,0,0,0,0,1,7,0,0,0,0,0,0,0,1,0,0,0
5351,1,0,0,0,0,0,0,1,55,15.822690344409336,0.17985802798871595,0,6,0,0,0,0,0,0,1,0,6,0,0,0,0,0,0,1,0,0,0,7,0,0,0,0,0,0,0,1,0,0,0
5352,1,1,1,0,0,0,0,10,111,57.049194123249904,1.0,1,6,0,0,0,0,0,0,1,0,6,0,0,0,0,0,0,1,0,0,0,7,0,0,0,0,0,0,0,1,0,0,1
5353,1,1,1,1,1,1,0,14,103,32.02736497331378,0.999999581824816,1,5,0,0,0,0,0,1,0,0,1,0,1,0,0,0,0,0,0,0,0,7,0,0,0,0,0,0,0,1,0,0,0
5354,0,0,0,1,1,0,0,5,123,24.718138138478608,0.999375627059098,1,4,0,0,0,0,1,0,0,0,9,0,0,0,0,0,0,0,0,0,1,7,0,0,0,0,0,0,0,1,0,0,0
5355,0,0,0,0,0,0,0,1,29,4.217671834605723,2.0000664249863016e-06,0,6,0,0,0,0,0,0,1,0,6,0,0,0,0,0,0,1,0,0,0,7,0,0,0,0,0,0,0,1,0,0,1
5356,0,0,0,0,0,0,0,4,90,29.026325215828518,0.9999915920563284,1,4,0,0,0,0,1,0,0,0,9,0,0,0,0,0,0,0,0,0,1,2,0,0,1,0,0,0,0,0,0,0,1
5357,1,0,0,0,0,0,4,2,94,61.89235377289855,1.0,1,6,0,0,0,0,0,0,1,0,6,0,0,0,0,0,0,1,0,0,0,7,0,0,0,0,0,0,0,1,0,0,0
5359,0,0,0,0,0,0,0,1,90,15.93532112117675,0.19707469366464195,0,6,0,0,0,0,0,0,1,0,6,0,0,0,0,0,0,1,0,0,0,7,0,0,0,0,0,0,0,1,0,0,0
5362,1,1,1,0,0,0,0,37,151,56.1375039732866,1.0,1,4,0,0,0,0,1,0,0,0,9,0,0,0,0,0,0,0,0,0,1,7,0,0,0,0,0,0,0,1,0,0,1
5365,0,0,0,0,0,3,0,19,154,73.25347614925305,1.0,1,4,0,0,0,0,1,0,0,0,9,0,0,0,0,0,0,0,0,0,1,7,0,0,0,0,0,0,0,1,0,0,1
5366,0,1,1,0,1,0,0,17,148,14.657982112274759,0.06404281506715759,0,4,0,0,0,0,1,0,0,0,9,0,0,0,0,0,0,0,0,0,1,7,0,0,0,0,0,0,0,1,0,0,1
5367,1,1,1,0,1,0,0,7,77,11.71828322053585,0.0036053779528304438,0,6,0,0,0,0,0,0,1,0,6,0,0,0,0,0,0,1,0,0,0,7,0,0,0,0,0,0,0,1,0,0,1
5368,1,1,0,0,0,0,0,0,149,136.10476615649546,1.0,1,6,0,0,0,0,0,0,1,0,6,0,0,0,0,0,0,1,0,0,0,7,0,0,0,0,0,0,0,1,0,0,1
5371,1,1,1,0,0,0,0,5,160,64.86687122660517,1.0,1,6,0,0,0,0,0,0,1,0,6,0,0,0,0,0,0,1,0,0,0,7,0,0,0,0,0,0,0,1,0,0,1
5372,1,1,0,0,1,0,0,46,108,61.930601193097345,1.0,1,5,0,0,0,0,0,1,0,0,1,0,1,0,0,0,0,0,0,0,0,7,0,0,0,0,0,0,0,1,0,0,1
5373,1,1,0,1,0,0,0,5,148,109.27985202059759,1.0,1,4,0,0,0,0,1,0,0,0,9,0,0,0,0,0,0,0,0,0,1,8,0,0,0,0,0,0,0,0,1,0,1
5375,1,1,1,0,1,0,0,14,132,29.162913149778486,0.9999926654939072,1,1,0,1,0,0,0,0,0,0,6,0,0,0,0,0,0,1,0,0,0,7,0,0,0,0,0,0,0,1,0,0,1
5377,1,1,1,0,0,0,0,11,150,69.62376803657675,1.0,1,6,0,0,0,0,0,0,1,0,6,0,0,0,0,0,0,1,0,0,0,7,0,0,0,0,0,0,0,1,0,0,1
5378,0,0,0,0,0,0,0,1,60,7.287105364529807,4.305906864647847e-05,0,6,0,0,0,0,0,0,1,0,6,0,0,0,0,0,0,1,0,0,0,7,0,0,0,0,0,0,0,1,0,0,1
5379,1,0,0,1,0,0,0,2,69,22.218756545840787,0.9924509551147164,1,6,0,0,0,0,0,0,1,0,6,0,0,0,0,0,0,1,0,0,0,7,0,0,0,0,0,0,0,1,0,0,1
5380,1,0,0,0,0,0,0,3,151,103.77412473576256,1.0,1,6,0,0,0,0,0,0,1,0,6,0,0,0,0,0,0,1,0,0,0,7,0,0,0,0,0,0,0,1,0,0,1
5381,1,1,0,0,1,0,0,12,102,19.328352478874155,0.8795687287116559,1,5,0,0,0,0,0,1,0,0,6,0,0,0,0,0,0,1,0,0,0,7,0,0,0,0,0,0,0,1,0,0,1
5382,1,1,0,0,1,0,0,12,151,73.42546247716183,1.0,1,5,0,0,0,0,0,1,0,0,1,0,1,0,0,0,0,0,0,0,0,7,0,0,0,0,0,0,0,1,0,0,1
5383,1,1,0,1,0,0,1,0,88,14.750242959655669,0.06980055621893345,0,6,0,0,0,0,0,0,1,0,6,0,0,0,0,0,0,1,0,0,0,7,0,0,0,0,0,0,0,1,0,0,1
5384,0,0,0,1,0,0,0,13,140,106.26205069309782,1.0,1,6,0,0,0,0,0,0,1,0,6,0,0,0,0,0,0,1,0,0,0,7,0,0,0,0,0,0,0,1,0,0,0
5385,0,1,1,0,1,0,2,8,184,67.95459550995434,1.0,1,6,0,0,0,0,0,0,1,0,6,0,0,0,0,0,0,1,0,0,0,7,0,0,0,0,0,0,0,1,0,0,0
5386,1,1,0,1,0,0,0,11,158,102.73685816944466,1.0,1,4,0,0,0,0,1,0,0,0,9,0,0,0,0,0,0,0,0,0,1,4,0,0,0,0,1,0,0,0,0,0,1
5387,1,1,0,0,1,0,0,13,147,90.51030712095977,1.0,1,5,0,0,0,0,0,1,0,0,1,0,1,0,0,0,0,0,0,0,0,7,0,0,0,0,0,0,0,1,0,0,1
5389,1,1,1,0,0,0,0,15,181,100.23441938589315,1.0,1,6,0,0,0,0,0,0,1,0,6,0,0,0,0,0,0,1,0,0,0,7,0,0,0,0,0,0,0,1,0,0,0
5391,0,1,1,0,0,0,0,23,137,20.69586090972927,0.9662962354306548,1,6,0,0,0,0,0,0,1,0,6,0,0,0,0,0,0,1,0,0,0,7,0,0,0,0,0,0,0,1,0,0,0
5392,0,1,1,0,0,0,0,18,132,14.708133591886215,0.06711549843766315,0,4,0,0,0,0,1,0,0,0,9,0,0,0,0,0,0,0,0,0,1,7,0,0,0,0,0,0,0,1,0,0,0
5396,1,0,0,0,0,0,0,0,68,33.733299109849945,0.999999924058246,1,6,0,0,0,0,0,0,1,0,6,0,0,0,0,0,0,1,0,0,0,7,0,0,0,0,0,0,0,1,0,0,1
5397,1,1,1,0,0,0,0,8,86,12.823734400761992,0.010811595485692615,0,4,0,0,0,0,1,0,0,0,9,0,0,0,0,0,0,0,0,0,1,7,0,0,0,0,0,0,0,1,0,0,1
5400,1,1,1,0,0,0,0,12,106,24.464674728702875,0.9991956526861624,1,4,0,0,0,0,1,0,0,0,9,0,0,0,0,0,0,0,0,0,1,7,0,0,0,0,0,0,0,1,0,0,1
5403,1,1,1,0,1,0,0,12,152,32.67009232938211,0.9999997800999144,1,6,0,0,0,0,0,0,1,0,6,0,0,0,0,0,0,1,0,0,0,7,0,0,0,0,0,0,0,1,0,0,1
5404,0,0,0,0,0,0,2,2,58,11.59900569957108,0.0032012922333775487,0,6,0,0,0,0,0,0,1,0,6,0,0,0,0,0,0,1,0,0,0,7,0,0,0,0,0,0,0,1,0,0,1
5406,0,1,1,0,0,0,0,8,64,2.067968672111269,2.3304563109764357e-07,0,6,0,0,0,0,0,0,1,0,6,0,0,0,0,0,0,1,0,0,0,7,0,0,0,0,0,0,0,1,0,0,0
5407,0,0,1,1,0,0,5,14,125,15.887916137350723,0.18968106468827656,0,6,0,0,0,0,0,0,1,0,6,0,0,0,0,0,0,1,0,0,0,7,0,0,0,0,0,0,0,1,0,0,0
5408,0,0,1,0,1,0,0,8,115,22.11995463609307,0.991673532333899,1,6,0,0,0,0,0,0,1,0,6,0,0,0,0,0,0,1,0,0,0,7,0,0,0,0,0,0,0,1,0,0,1
5409,1,1,1,1,0,1,0,34,130,17.135105887946292,0.4489549266360345,0,6,0,0,0,0,0,0,1,0,6,0,0,0,0,0,0,1,0,0,0,7,0,0,0,0,0,0,0,1,0,0,1
5410,1,1,1,0,1,0,1,26,138,17.241792882048674,0.4754679342513504,0,7,0,0,0,0,0,0,0,1,6,0,0,0,0,0,0,1,0,0,0,7,0,0,0,0,0,0,0,1,0,0,1
5411,0,0,1,0,1,2,0,4,117,9.071498048551524,0.00025640344735833743,0,6,0,0,0,0,0,0,1,0,6,0,0,0,0,0,0,1,0,0,0,7,0,0,0,0,0,0,0,1,0,0,0
5412,1,0,0,1,0,0,0,11,172,94.08051673694695,1.0,1,4,0,0,0,0,1,0,0,0,9,0,0,0,0,0,0,0,0,0,1,7,0,0,0,0,0,0,0,1,0,0,1
5413,0,0,0,1,0,0,0,56,93,51.015171636799394,0.9999999999999976,1,4,0,0,0,0,1,0,0,0,9,0,0,0,0,0,0,0,0,0,1,8,0,0,0,0,0,0,0,0,1,0,1
5416,0,1,1,1,1,1,0,20,190,16.91315732841711,0.3948805239238664,0,2,0,0,1,0,0,0,0,0,8,0,0,0,0,0,0,0,0,1,0,7,0,0,0,0,0,0,0,1,0,0,0
5417,0,1,1,1,1,0,0,14,161,31.14590803896677,0.9999989903522484,1,6,0,0,0,0,0,0,1,0,6,0,0,0,0,0,0,1,0,0,0,7,0,0,0,0,0,0,0,1,0,0,0
5418,0,1,1,0,1,0,0,14,159,12.319274728912289,0.0065564674041522,0,6,0,0,0,0,0,0,1,0,6,0,0,0,0,0,0,1,0,0,0,7,0,0,0,0,0,0,0,1,0,0,0
5420,1,0,1,0,0,0,0,22,147,56.993762422482156,1.0,1,4,0,0,0,0,1,0,0,0,9,0,0,0,0,0,0,0,0,0,1,7,0,0,0,0,0,0,0,1,0,0,1
5423,0,0,0,0,0,2,0,6,180,63.361682976454624,1.0,1,4,0,0,0,0,1,0,0,0,2,0,0,1,0,0,0,0,0,0,0,7,0,0,0,0,0,0,0,1,0,0,0
5425,1,0,1,0,0,0,0,17,157,86.73736284887346,1.0,1,6,0,0,0,0,0,0,1,0,6,0,0,0,0,0,0,1,0,0,0,7,0,0,0,0,0,0,0,1,0,0,1
5426,0,1,1,0,0,0,0,16,173,31.918582346898308,0.9999995337681588,1,6,0,0,0,0,0,0,1,0,6,0,0,0,0,0,0,1,0,0,0,7,0,0,0,0,0,0,0,1,0,0,0
5428,1,1,1,1,0,0,0,22,145,65.37739149567489,1.0,1,4,0,0,0,0,1,0,0,0,9,0,0,0,0,0,0,0,0,0,1,7,0,0,0,0,0,0,0,1,0,0,1
5430,1,0,0,1,0,1,0,10,135,39.96164643744558,0.9999999998501891,1,4,0,0,0,0,1,0,0,0,9,0,0,0,0,0,0,0,0,0,1,7,0,0,0,0,0,0,0,1,0,0,1
5432,0,1,1,0,0,0,0,11,107,8.214261368925431,0.00010881651383272032,0,6,0,0,0,0,0,0,1,0,6,0,0,0,0,0,0,1,0,0,0,7,0,0,0,0,0,0,0,1,0,0,1
5437,0,0,0,1,0,0,0,7,166,27.163325198575038,0.999945829786676,1,4,0,0,0,0,1,0,0,0,9,0,0,0,0,0,0,0,0,0,1,7,0,0,0,0,0,0,0,1,0,0,0
5439,0,1,1,0,0,0,0,8,111,7.383279925907961,4.7405728556454936e-05,0,6,0,0,0,0,0,0,1,0,6,0,0,0,0,0,0,1,0,0,0,7,0,0,0,0,0,0,0,1,0,0,0
5442,0,1,1,0,0,1,0,10,165,35.56563132466052,0.9999999878462896,1,4,0,0,0,0,1,0,0,0,9,0,0,0,0,0,0,0,0,0,1,4,0,0,0,0,1,0,0,0,0,0,0
5443,0,0,1,0,0,0,0,12,139,29.835982805681674,0.9999962583600276,1,6,0,0,0,0,0,0,1,0,6,0,0,0,0,0,0,1,0,0,0,7,0,0,0,0,0,0,0,1,0,0,1
5444,1,1,1,0,0,1,0,23,117,26.388376829785663,0.999882432086558,1,4,0,0,0,0,1,0,0,0,9,0,0,0,0,0,0,0,0,0,1,7,0,0,0,0,0,0,0,1,0,0,0
5445,1,1,1,0,0,0,0,18,140,38.85939288381651,0.9999999995489276,1,4,0,0,0,0,1,0,0,0,9,0,0,0,0,0,0,0,0,0,1,7,0,0,0,0,0,0,0,1,0,0,1
5446,0,1,1,0,1,0,0,18,139,19.322567019133626,0.8789545419325989,1,6,0,0,0,0,0,0,1,0,6,0,0,0,0,0,0,1,0,0,0,7,0,0,0,0,0,0,0,1,0,0,0
5448,0,1,1,0,1,0,0,13,132,10.382231361608833,0.0009503127633360347,0,6,0,0,0,0,0,0,1,0,6,0,0,0,0,0,0,1,0,0,0,7,0,0,0,0,0,0,0,1,0,0,1
5449,0,1,1,0,0,0,0,10,151,14.11336294447094,0.03817553662508681,0,4,0,0,0,0,1,0,0,0,9,0,0,0,0,0,0,0,0,0,1,9,0,0,0,0,0,0,0,0,0,1,0
5450,1,1,0,1,0,0,1,5,128,25.15161852920047,0.9995951619507474,1,6,0,0,0,0,0,0,1,0,6,0,0,0,0,0,0,1,0,0,0,7,0,0,0,0,0,0,0,1,0,0,1
5452,0,1,1,1,0,1,0,11,129,14.807083517121143,0.07358258782553699,0,6,0,0,0,0,0,0,1,0,6,0,0,0,0,0,0,1,0,0,0,7,0,0,0,0,0,0,0,1,0,0,0
5454,1,1,0,0,1,2,8,6,175,50.308789656698075,0.9999999999999952,1,2,0,0,1,0,0,0,0,0,8,0,0,0,0,0,0,0,0,1,0,7,0,0,0,0,0,0,0,1,0,0,1
5455,1,1,1,0,0,0,0,13,154,65.77067845315484,1.0,1,6,0,0,0,0,0,0,1,0,6,0,0,0,0,0,0,1,0,0,0,7,0,0,0,0,0,0,0,1,0,0,1
5458,1,0,0,0,1,0,0,8,156,85.43119920289331,1.0,1,7,0,0,0,0,0,0,0,1,6,0,0,0,0,0,0,1,0,0,0,7,0,0,0,0,0,0,0,1,0,0,1
5459,1,0,0,1,1,0,0,21,190,75.54553852169758,1.0,1,4,0,0,0,0,1,0,0,0,9,0,0,0,0,0,0,0,0,0,1,7,0,0,0,0,0,0,0,1,0,0,1
5460,0,1,1,1,0,0,0,63,144,66.86998638089277,1.0,1,4,0,0,0,0,1,0,0,0,9,0,0,0,0,0,0,0,0,0,1,7,0,0,0,0,0,0,0,1,0,0,0
5461,1,1,1,0,0,0,0,33,149,12.070482851445528,0.005119748063784473,0,1,0,1,0,0,0,0,0,0,6,0,0,0,0,0,0,1,0,0,0,7,0,0,0,0,0,0,0,1,0,0,0
5462,0,1,1,0,0,0,0,30,155,14.801266796501196,0.07318705468190474,0,4,0,0,0,0,1,0,0,0,9,0,0,0,0,0,0,0,0,0,1,5,0,0,0,0,0,1,0,0,0,0,0
5465,0,1,1,0,0,0,0,28,155,14.801266796501196,0.07318705468190474,0,4,0,0,0,0,1,0,0,0,9,0,0,0,0,0,0,0,0,0,1,5,0,0,0,0,0,1,0,0,0,0,0
5466,0,1,1,1,1,0,0,13,132,10.113793217683153,0.0007267458039006334,0,4,0,0,0,0,1,0,0,0,9,0,0,0,0,0,0,0,0,0,1,7,0,0,0,0,0,0,0,1,0,0,0
5467,0,1,1,0,0,0,0,5,52,2.8919852135217967,5.312594557869552e-07,0,6,0,0,0,0,0,0,1,0,6,0,0,0,0,0,0,1,0,0,0,7,0,0,0,0,0,0,0,1,0,0,0
5468,0,0,0,0,0,0,0,3,108,17.44011871809596,0.5250087928397807,1,4,0,0,0,0,1,0,0,0,9,0,0,0,0,0,0,0,0,0,1,7,0,0,0,0,0,0,0,1,0,0,0
5469,0,1,1,0,0,1,0,11,157,46.10295276563088,0.9999999999996776,1,4,0,0,0,0,1,0,0,0,6,0,0,0,0,0,0,1,0,0,0,7,0,0,0,0,0,0,0,1,0,0,0
5471,0,0,0,1,0,1,0,8,52,1.374790072951957,1.1651916820024195e-07,0,6,0,0,0,0,0,0,1,0,6,0,0,0,0,0,0,1,0,0,0,7,0,0,0,0,0,0,0,1,0,0,0
5473,0,1,1,0,1,0,1,16,105,3.949320714234976,1.529330018153723e-06,0,6,0,0,0,0,0,0,1,0,6,0,0,0,0,0,0,1,0,0,0,7,0,0,0,0,0,0,0,1,0,0,0
5475,0,0,0,0,0,0,0,0,67,16.885527835945087,0.3882979966027608,0,6,0,0,0,0,0,0,1,0,6,0,0,0,0,0,0,1,0,0,0,7,0,0,0,0,0,0,0,1,0,0,0
5476,0,0,0,0,0,0,4,1,53,6.085188332999481,1.29446936340882e-05,0,6,0,0,0,0,0,0,1,0,6,0,0,0,0,0,0,1,0,0,0,7,0,0,0,0,0,0,0,1,0,0,0
5477,0,0,0,0,0,0,0,0,59,10.817099202871466,0.0014672445116565196,0,6,0,0,0,0,0,0,1,0,6,0,0,0,0,0,0,1,0,0,0,7,0,0,0,0,0,0,0,1,0,0,0
5479,1,0,0,1,0,0,0,0,83,68.90034200785726,1.0,1,6,0,0,0,0,0,0,1,0,6,0,0,0,0,0,0,1,0,0,0,7,0,0,0,0,0,0,0,1,0,0,0
5480,0,1,0,0,0,0,0,14,85,10.375580715472973,0.0009440194861910893,0,4,0,0,0,0,1,0,0,0,9,0,0,0,0,0,0,0,0,0,1,7,0,0,0,0,0,0,0,1,0,0,0
5481,0,1,1,0,0,0,0,29,155,14.801266796501196,0.07318705468190474,0,4,0,0,0,0,1,0,0,0,9,0,0,0,0,0,0,0,0,0,1,5,0,0,0,0,0,1,0,0,0,0,0
5482,1,0,0,1,0,0,0,10,141,120.91621581476973,1.0,1,6,0,0,0,0,0,0,1,0,6,0,0,0,0,0,0,1,0,0,0,7,0,0,0,0,0,0,0,1,0,0,1
5484,1,1,1,0,0,0,0,8,143,68.58862111977996,1.0,1,6,0,0,0,0,0,0,1,0,6,0,0,0,0,0,0,1,0,0,0,7,0,0,0,0,0,0,0,1,0,0,1
5485,0,1,1,0,0,0,0,13,146,3.956516804504688,1.5403748903510817e-06,0,6,0,0,0,0,0,0,1,0,6,0,0,0,0,0,0,1,0,0,0,7,0,0,0,0,0,0,0,1,0,0,0
5486,1,0,0,0,0,0,0,11,150,49.93784521761218,0.9999999999999932,1,4,0,0,0,0,1,0,0,0,9,0,0,0,0,0,0,0,0,0,1,7,0,0,0,0,0,0,0,1,0,0,1
5487,1,0,0,0,0,0,0,0,41,17.34375687499861,0.5009392176449681,1,7,0,0,0,0,0,0,0,1,6,0,0,0,0,0,0,1,0,0,0,7,0,0,0,0,0,0,0,1,0,0,1
5488,1,1,0,0,0,0,0,8,116,53.40257469840869,0.9999999999999998,1,4,0,0,0,0,1,0,0,0,9,0,0,0,0,0,0,0,0,0,1,7,0,0,0,0,0,0,0,1,0,0,1
5489,0,0,0,0,1,0,0,6,148,98.51342655114935,1.0,1,6,0,0,0,0,0,0,1,0,6,0,0,0,0,0,0,1,0,0,0,7,0,0,0,0,0,0,0,1,0,0,0
5491,1,1,0,0,0,0,0,6,163,114.31745637510937,1.0,1,6,0,0,0,0,0,0,1,0,6,0,0,0,0,0,0,1,0,0,0,7,0,0,0,0,0,0,0,1,0,0,1
5492,0,0,0,1,0,0,0,5,70,8.53667296235691,0.00015020984741393226,0,4,0,0,0,0,1,0,0,0,9,0,0,0,0,0,0,0,0,0,1,7,0,0,0,0,0,0,0,1,0,0,0
5493,0,0,0,1,0,0,0,9,166,45.400051663155544,0.9999999999993491,1,4,0,0,0,0,1,0,0,0,9,0,0,0,0,0,0,0,0,0,1,7,0,0,0,0,0,0,0,1,0,0,0
5494,1,1,1,0,0,0,0,10,148,68.58862111977996,1.0,1,6,0,0,0,0,0,0,1,0,6,0,0,0,0,0,0,1,0,0,0,7,0,0,0,0,0,0,0,1,0,0,1
5495,0,0,0,0,0,0,0,5,120,34.109701039228035,0.9999999478791664,1,6,0,0,0,0,0,0,1,0,6,0,0,0,0,0,0,1,0,0,0,7,0,0,0,0,0,0,0,1,0,0,0
5496,0,0,0,1,0,1,0,5,105,12.788500286091757,0.010441199534457685,0,6,0,0,0,0,0,0,1,0,6,0,0,0,0,0,0,1,0,0,0,7,0,0,0,0,0,0,0,1,0,0,0
5497,1,0,0,1,0,0,0,5,155,155.25256179212943,1.0,1,4,0,0,0,0,1,0,0,0,9,0,0,0,0,0,0,0,0,0,1,7,0,0,0,0,0,0,0,1,0,0,1
5498,0,0,0,0,1,2,0,4,44,1.3257326106836975,1.1094097872387939e-07,0,6,0,0,0,0,0,0,1,0,6,0,0,0,0,0,0,1,0,0,0,7,0,0,0,0,0,0,0,1,0,0,0
5499,0,0,0,0,0,0,0,1,95,22.031541158433804,0.9909108318270712,1,6,0,0,0,0,0,0,1,0,6,0,0,0,0,0,0,1,0,0,0,7,0,0,0,0,0,0,0,1,0,0,0
5501,0,1,1,0,0,1,2,6,135,33.02233269044929,0.9999998453857984,1,6,0,0,0,0,0,0,1,0,6,0,0,0,0,0,0,1,0,0,0,7,0,0,0,0,0,0,0,1,0,0,0
5502,1,0,0,1,0,1,0,8,150,90.82535598167759,1.0,1,6,0,0,0,0,0,0,1,0,6,0,0,0,0,0,0,1,0,0,0,7,0,0,0,0,0,0,0,1,0,0,1
5503,1,1,0,0,0,0,0,10,167,161.1200535298539,1.0,1,4,0,0,0,0,1,0,0,0,2,0,0,1,0,0,0,0,0,0,0,7,0,0,0,0,0,0,0,1,0,0,1
5505,1,1,1,0,0,0,0,10,163,85.26860886565262,1.0,1,6,0,0,0,0,0,0,1,0,6,0,0,0,0,0,0,1,0,0,0,7,0,0,0,0,0,0,0,1,0,0,1
5506,0,0,0,1,0,0,2,6,134,34.55634858337479,0.999999966654687,1,4,0,0,0,0,1,0,0,0,9,0,0,0,0,0,0,0,0,0,1,7,0,0,0,0,0,0,0,1,0,0,0
5507,0,0,1,1,0,0,0,18,127,26.104799366106715,0.999843890907994,1,4,0,0,0,0,1,0,0,0,9,0,0,0,0,0,0,0,0,0,1,7,0,0,0,0,0,0,0,1,0,0,0
5509,0,1,1,0,0,0,0,12,122,22.945617150294147,0.9963363214081888,1,6,0,0,0,0,0,0,1,0,6,0,0,0,0,0,0,1,0,0,0,7,0,0,0,0,0,0,0,1,0,0,0
5510,0,0,0,0,0,0,0,4,90,9.295488637397671,0.0003207552555823727,0,6,0,0,0,0,0,0,1,0,6,0,0,0,0,0,0,1,0,0,0,7,0,0,0,0,0,0,0,1,0,0,0
5514,0,1,1,0,0,1,0,8,100,4.985682045861804,4.311079310077882e-06,0,6,0,0,0,0,0,0,1,0,6,0,0,0,0,0,0,1,0,0,0,7,0,0,0,0,0,0,0,1,0,0,0
5515,0,0,0,0,0,0,0,2,112,35.98979741308252,0.9999999920476428,1,4,0,0,0,0,1,0,0,0,9,0,0,0,0,0,0,0,0,0,1,1,0,1,0,0,0,0,0,0,0,0,0
5517,0,0,0,0,1,0,8,4,135,14.008390958030178,0.0345025894558113,0,2,0,0,1,0,0,0,0,0,8,0,0,0,0,0,0,0,0,1,0,7,0,0,0,0,0,0,0,1,0,0,0
5518,0,1,1,0,0,0,0,21,65,6.535362562535838,2.0304708715635488e-05,0,6,0,0,0,0,0,0,1,0,6,0,0,0,0,0,0,1,0,0,0,7,0,0,0,0,0,0,0,1,0,0,0
5519,0,0,0,0,1,0,2,5,62,4.628128676956472,3.015109716722678e-06,0,2,0,0,1,0,0,0,0,0,8,0,0,0,0,0,0,0,0,1,0,7,0,0,0,0,0,0,0,1,0,0,0
5520,0,0,0,0,0,0,2,4,82,4.57836277713534,2.868732992768705e-06,0,2,0,0,1,0,0,0,0,0,3,0,0,0,1,0,0,0,0,0,0,7,0,0,0,0,0,0,0,1,0,0,0
5521,0,1,1,0,0,0,0,5,48,1.4801497110499169,1.2946562715470189e-07,0,6,0,0,0,0,0,0,1,0,6,0,0,0,0,0,0,1,0,0,0,7,0,0,0,0,0,0,0,1,0,0,0
5522,1,1,0,0,1,0,0,5,160,64.04346733052897,1.0,1,7,0,0,0,0,0,0,0,1,0,1,0,0,0,0,0,0,0,0,0,7,0,0,0,0,0,0,0,1,0,0,1
5524,1,1,0,0,0,0,0,9,152,92.22627880740278,1.0,1,6,0,0,0,0,0,0,1,0,6,0,0,0,0,0,0,1,0,0,0,7,0,0,0,0,0,0,0,1,0,0,1
5525,0,0,1,0,0,0,2,6,95,5.371908763164555,6.343387791597382e-06,0,2,0,0,1,0,0,0,0,0,3,0,0,0,1,0,0,0,0,0,0,7,0,0,0,0,0,0,0,1,0,0,0
5526,0,0,0,0,0,0,2,10,145,22.590745759414105,0.9947837455139872,1,4,0,0,0,0,1,0,0,0,9,0,0,0,0,0,0,0,0,0,1,5,0,0,0,0,0,1,0,0,0,0,0
5528,1,0,0,1,0,0,0,4,171,94.54001280926043,1.0,1,6,0,0,0,0,0,0,1,0,6,0,0,0,0,0,0,1,0,0,0,7,0,0,0,0,0,0,0,1,0,0,0
5529,0,1,1,0,1,0,0,9,146,20.89744251208342,0.9722787294080985,1,4,0,0,0,0,1,0,0,0,6,0,0,0,0,0,0,1,0,0,0,7,0,0,0,0,0,0,0,1,0,0,0
5531,0,1,1,0,0,0,0,7,127,8.96829797976576,0.0002312680073485295,0,6,0,0,0,0,0,0,1,0,6,0,0,0,0,0,0,1,0,0,0,7,0,0,0,0,0,0,0,1,0,0,0
5532,1,0,0,0,0,0,0,2,38,4.164485259822247,1.8964693512308189e-06,0,2,0,0,1,0,0,0,0,0,8,0,0,0,0,0,0,0,0,1,0,7,0,0,0,0,0,0,0,1,0,0,0
5534,0,1,1,1,0,0,0,11,103,9.030987943468268,0.0002462265986110101,0,6,0,0,0,0,0,0,1,0,6,0,0,0,0,0,0,1,0,0,0,7,0,0,0,0,0,0,0,1,0,0,0
5535,0,0,0,0,0,0,2,1,42,1.67800813298222,1.5779138494305488e-07,0,6,0,0,0,0,0,0,1,0,6,0,0,0,0,0,0,1,0,0,0,7,0,0,0,0,0,0,0,1,0,0,0
5538,0,1,1,0,0,0,0,15,174,29.42249246849972,0.9999943423283868,1,2,0,0,1,0,0,0,0,0,8,0,0,0,0,0,0,0,0,1,0,7,0,0,0,0,0,0,0,1,0,0,1
5539,0,0,0,1,0,0,4,4,116,24.35565837148902,0.9991030905811834,1,6,0,0,0,0,0,0,1,0,6,0,0,0,0,0,0,1,0,0,0,7,0,0,0,0,0,0,0,1,0,0,0
5540,0,0,0,0,0,0,0,2,71,6.5964672321745015,2.158408431495518e-05,0,6,0,0,0,0,0,0,1,0,6,0,0,0,0,0,0,1,0,0,0,7,0,0,0,0,0,0,0,1,0,0,0
5541,0,0,0,1,0,0,0,5,59,1.5464040778621428,1.3833382371371408e-07,0,2,0,0,1,0,0,0,0,0,8,0,0,0,0,0,0,0,0,1,0,7,0,0,0,0,0,0,0,1,0,0,0
5544,0,1,1,0,0,0,0,7,148,39.70415490117606,0.9999999998061924,1,4,0,0,0,0,1,0,0,0,9,0,0,0,0,0,0,0,0,0,1,7,0,0,0,0,0,0,0,1,0,0,0
5545,0,0,0,1,0,0,0,8,154,31.367517203988964,0.9999991910413332,1,6,0,0,0,0,0,0,1,0,6,0,0,0,0,0,0,1,0,0,0,7,0,0,0,0,0,0,0,1,0,0,0
5547,0,0,0,1,0,0,0,10,158,40.9093071291389,0.9999999999419262,1,4,0,0,0,0,1,0,0,0,9,0,0,0,0,0,0,0,0,0,1,8,0,0,0,0,0,0,0,0,1,0,0
5548,0,0,0,0,1,0,4,4,144,36.67473289183085,0.9999999959910356,1,2,0,0,1,0,0,0,0,0,8,0,0,0,0,0,0,0,0,1,0,7,0,0,0,0,0,0,0,1,0,0,0
5552,0,0,0,1,0,0,0,33,166,97.44761849295973,1.0,1,4,0,0,0,0,1,0,0,0,9,0,0,0,0,0,0,0,0,0,1,7,0,0,0,0,0,0,0,1,0,0,0
5553,0,0,0,1,0,0,1,1,47,1.5715325419622141,1.4185398260810481e-07,0,1,0,1,0,0,0,0,0,0,4,0,0,0,0,1,0,0,0,0,0,7,0,0,0,0,0,0,0,1,0,0,0
5554,0,0,0,0,0,0,0,5,67,4.043306826772561,1.6800368113594785e-06,0,2,0,0,1,0,0,0,0,0,3,0,0,0,1,0,0,0,0,0,0,7,0,0,0,0,0,0,0,1,0,0,0
5555,0,0,0,0,1,0,0,5,168,44.90423202094883,0.9999999999989309,1,4,0,0,0,0,1,0,0,0,9,0,0,0,0,0,0,0,0,0,1,7,0,0,0,0,0,0,0,1,0,0,0
5556,0,1,1,0,0,0,0,20,155,23.118437406801014,0.9969159949235472,1,4,0,0,0,0,1,0,0,0,9,0,0,0,0,0,0,0,0,0,1,7,0,0,0,0,0,0,0,1,0,0,0
5557,0,1,1,0,0,0,0,70,150,127.56069128392478,1.0,1,6,0,0,0,0,0,0,1,0,6,0,0,0,0,0,0,1,0,0,0,7,0,0,0,0,0,0,0,1,0,0,0
5558,0,1,0,1,1,6,2,10,142,22.725110739919852,0.9954365875749612,1,4,0,0,0,0,1,0,0,0,9,0,0,0,0,0,0,0,0,0,1,7,0,0,0,0,0,0,0,1,0,0,0
5559,1,0,0,1,0,0,0,6,175,141.2539752299135,1.0,1,6,0,0,0,0,0,0,1,0,6,0,0,0,0,0,0,1,0,0,0,7,0,0,0,0,0,0,0,1,0,0,0
5560,0,1,1,0,0,0,0,72,158,153.35920285936947,1.0,1,4,0,0,0,0,1,0,0,0,9,0,0,0,0,0,0,0,0,0,1,5,0,0,0,0,0,1,0,0,0,0,0
5561,0,0,0,0,0,0,0,0,101,24.301784469842683,0.9990534922750842,1,2,0,0,1,0,0,0,0,0,8,0,0,0,0,0,0,0,0,1,0,7,0,0,0,0,0,0,0,1,0,0,0
5563,1,1,1,0,1,0,0,19,105,52.36939314383546,0.9999999999999992,1,4,0,0,0,0,1,0,0,0,9,0,0,0,0,0,0,0,0,0,1,7,0,0,0,0,0,0,0,1,0,0,1
5564,1,1,1,0,0,0,0,32,154,28.879273993328518,0.999990260139212,1,4,0,0,0,0,1,0,0,0,9,0,0,0,0,0,0,0,0,0,1,5,0,0,0,0,0,1,0,0,0,0,0
5565,0,1,1,0,0,0,0,27,154,28.879273993328518,0.999990260139212,1,4,0,0,0,0,1,0,0,0,9,0,0,0,0,0,0,0,0,0,1,5,0,0,0,0,0,1,0,0,0,0,0
5567,1,1,1,0,0,0,0,17,113,15.914174091284838,0.19374988927167625,0,5,0,0,0,0,0,1,0,0,1,0,1,0,0,0,0,0,0,0,0,7,0,0,0,0,0,0,0,1,0,0,1
5569,1,1,1,0,1,1,0,15,132,43.42685214447585,0.999999999995316,1,4,0,0,0,0,1,0,0,0,2,0,0,1,0,0,0,0,0,0,0,7,0,0,0,0,0,0,0,1,0,0,1
5570,0,1,1,0,0,0,0,33,146,37.39112233472765,0.9999999980415692,1,6,0,0,0,0,0,0,1,0,6,0,0,0,0,0,0,1,0,0,0,7,0,0,0,0,0,0,0,1,0,0,0
5573,0,0,0,0,0,0,0,7,133,43.90430425840556,0.999999999997094,1,6,0,0,0,0,0,0,1,0,6,0,0,0,0,0,0,1,0,0,0,7,0,0,0,0,0,0,0,1,0,0,0
5575,0,1,0,1,0,0,1,13,161,21.397209190471454,0.9829968816866966,1,2,0,0,1,0,0,0,0,0,6,0,0,0,0,0,0,1,0,0,0,7,0,0,0,0,0,0,0,1,0,0,1
5576,1,0,0,1,0,1,0,6,96,26.036381305883985,0.9998328382216172,1,4,0,0,0,0,1,0,0,0,9,0,0,0,0,0,0,0,0,0,1,7,0,0,0,0,0,0,0,1,0,0,1
5577,0,1,1,0,0,0,0,29,154,28.879273993328518,0.999990260139212,1,4,0,0,0,0,1,0,0,0,9,0,0,0,0,0,0,0,0,0,1,5,0,0,0,0,0,1,0,0,0,0,0
5578,0,0,0,1,0,0,0,11,42,7.293099606509472,4.331793903347356e-05,0,4,0,0,0,0,1,0,0,0,9,0,0,0,0,0,0,0,0,0,1,7,0,0,0,0,0,0,0,1,0,0,0
5579,0,1,1,0,0,0,0,35,154,33.11384186282428,0.9999998589063528,1,4,0,0,0,0,1,0,0,0,9,0,0,0,0,0,0,0,0,0,1,5,0,0,0,0,0,1,0,0,0,0,0
5580,1,1,1,0,0,0,0,39,154,47.22965358253364,0.9999999999998954,1,4,0,0,0,0,1,0,0,0,9,0,0,0,0,0,0,0,0,0,1,5,0,0,0,0,0,1,0,0,0,0,0
5581,0,0,0,1,0,0,0,3,97,20.32019889599765,0.9516715198933584,1,4,0,0,0,0,1,0,0,0,9,0,0,0,0,0,0,0,0,0,1,7,0,0,0,0,0,0,0,1,0,0,0
5582,0,1,1,0,1,0,0,38,155,51.764023132321995,0.9999999999999988,1,6,0,0,0,0,0,0,1,0,6,0,0,0,0,0,0,1,0,0,0,7,0,0,0,0,0,0,0,1,0,0,0
5584,0,1,1,0,0,0,0,31,133,34.841291541695036,0.9999999749224188,1,6,0,0,0,0,0,0,1,0,6,0,0,0,0,0,0,1,0,0,0,7,0,0,0,0,0,0,0,1,0,0,0
5586,1,1,1,0,1,0,0,50,155,145.97859019369318,1.0,1,4,0,0,0,0,1,0,0,0,9,0,0,0,0,0,0,0,0,0,1,7,0,0,0,0,0,0,0,1,0,0,1
5587,0,1,1,0,0,0,0,33,152,71.65759700301078,1.0,1,4,0,0,0,0,1,0,0,0,9,0,0,0,0,0,0,0,0,0,1,5,0,0,0,0,0,1,0,0,0,0,0
5588,0,1,1,0,0,0,0,36,154,47.22965358253364,0.9999999999998954,1,4,0,0,0,0,1,0,0,0,9,0,0,0,0,0,0,0,0,0,1,5,0,0,0,0,0,1,0,0,0,0,0
5589,1,1,1,0,0,0,0,9,121,55.49260627924383,1.0,1,6,0,0,0,0,0,0,1,0,6,0,0,0,0,0,0,1,0,0,0,7,0,0,0,0,0,0,0,1,0,0,0
5590,1,1,1,0,0,0,0,19,100,75.62338524053297,1.0,1,6,0,0,0,0,0,0,1,0,6,0,0,0,0,0,0,1,0,0,0,7,0,0,0,0,0,0,0,1,0,0,1
5592,0,1,1,0,0,0,0,37,154,47.22965358253364,0.9999999999998954,1,4,0,0,0,0,1,0,0,0,9,0,0,0,0,0,0,0,0,0,1,5,0,0,0,0,0,1,0,0,0,0,0
5593,1,1,1,0,1,0,0,15,98,55.64670220929169,1.0,1,6,0,0,0,0,0,0,1,0,6,0,0,0,0,0,0,1,0,0,0,7,0,0,0,0,0,0,0,1,0,0,1
5594,1,1,1,0,1,0,0,11,148,61.06431370573206,1.0,1,4,0,0,0,0,1,0,0,0,9,0,0,0,0,0,0,0,0,0,1,7,0,0,0,0,0,0,0,1,0,0,1
5595,0,1,1,0,0,0,0,28,154,28.879273993328518,0.999990260139212,1,4,0,0,0,0,1,0,0,0,9,0,0,0,0,0,0,0,0,0,1,5,0,0,0,0,0,1,0,0,0,0,0
5598,0,1,1,0,0,0,0,26,154,28.879273993328518,0.999990260139212,1,4,0,0,0,0,1,0,0,0,9,0,0,0,0,0,0,0,0,0,1,5,0,0,0,0,0,1,0,0,0,0,0
5599,0,1,1,0,0,0,0,27,154,28.879273993328518,0.999990260139212,1,4,0,0,0,0,1,0,0,0,9,0,0,0,0,0,0,0,0,0,1,5,0,0,0,0,0,1,0,0,0,0,0
5600,1,1,1,0,1,0,0,18,101,35.20349690291049,0.9999999825425078,1,4,0,0,0,0,1,0,0,0,9,0,0,0,0,0,0,0,0,0,1,7,0,0,0,0,0,0,0,1,0,0,1
5602,0,0,0,0,0,0,1,0,146,21.03599621289814,0.9757785299561046,1,6,0,0,0,0,0,0,1,0,6,0,0,0,0,0,0,1,0,0,0,7,0,0,0,0,0,0,0,1,0,0,0
5603,0,1,1,0,0,0,0,27,154,28.879273993328518,0.999990260139212,1,4,0,0,0,0,1,0,0,0,9,0,0,0,0,0,0,0,0,0,1,5,0,0,0,0,0,1,0,0,0,0,0
5604,1,1,1,0,1,0,0,25,126,58.309973259952834,1.0,1,6,0,0,0,0,0,0,1,0,6,0,0,0,0,0,0,1,0,0,0,7,0,0,0,0,0,0,0,1,0,0,1
5605,1,1,1,0,0,0,0,12,130,48.36746791808381,0.9999999999999664,1,6,0,0,0,0,0,0,1,0,6,0,0,0,0,0,0,1,0,0,0,7,0,0,0,0,0,0,0,1,0,0,1
5608,1,1,1,0,1,0,0,35,156,115.89781924819113,1.0,1,4,0,0,0,0,1,0,0,0,9,0,0,0,0,0,0,0,0,0,1,7,0,0,0,0,0,0,0,1,0,0,1
5609,0,1,1,0,0,0,0,33,154,33.11384186282428,0.9999998589063528,1,4,0,0,0,0,1,0,0,0,9,0,0,0,0,0,0,0,0,0,1,5,0,0,0,0,0,1,0,0,0,0,0
5611,1,1,1,0,0,0,0,28,170,112.89480545892944,1.0,1,4,0,0,0,0,1,0,0,0,9,0,0,0,0,0,0,0,0,0,1,7,0,0,0,0,0,0,0,1,0,0,1
5612,1,1,1,0,0,0,0,5,97,47.7284086224661,0.9999999999999364,1,1,0,1,0,0,0,0,0,0,6,0,0,0,0,0,0,1,0,0,0,7,0,0,0,0,0,0,0,1,0,0,1
5613,1,1,1,0,0,0,0,13,114,26.38632667304852,0.999882190835087,1,4,0,0,0,0,1,0,0,0,9,0,0,0,0,0,0,0,0,0,1,7,0,0,0,0,0,0,0,1,0,0,1
5614,0,0,0,1,0,0,0,1,140,50.315268313961276,0.9999999999999952,1,6,0,0,0,0,0,0,1,0,6,0,0,0,0,0,0,1,0,0,0,7,0,0,0,0,0,0,0,1,0,0,0
5617,1,1,1,0,1,0,0,46,152,31.880134626625203,0.9999995154935588,1,6,0,0,0,0,0,0,1,0,6,0,0,0,0,0,0,1,0,0,0,7,0,0,0,0,0,0,0,1,0,0,1
5618,1,1,1,0,1,0,0,14,160,21.61503917590018,0.9862793708704928,1,4,0,0,0,0,1,0,0,0,9,0,0,0,0,0,0,0,0,0,1,7,0,0,0,0,0,0,0,1,0,0,1
5619,0,1,1,0,1,0,0,9,163,16.379147528494073,0.27670754834603595,0,4,0,0,0,0,1,0,0,0,2,0,0,1,0,0,0,0,0,0,0,7,0,0,0,0,0,0,0,1,0,0,1
5620,1,1,1,0,0,0,4,6,46,2.1347647089478348,2.4914381418631806e-07,0,6,0,0,0,0,0,0,1,0,6,0,0,0,0,0,0,1,0,0,0,7,0,0,0,0,0,0,0,1,0,0,1
5621,0,1,0,1,1,0,0,4,87,16.092739061095696,0.2231746435220722,0,1,0,1,0,0,0,0,0,0,6,0,0,0,0,0,0,1,0,0,0,7,0,0,0,0,0,0,0,1,0,0,1
5622,1,1,1,0,1,0,0,6,126,36.846724787206,0.999999996624508,1,6,0,0,0,0,0,0,1,0,6,0,0,0,0,0,0,1,0,0,0,7,0,0,0,0,0,0,0,1,0,0,1
5624,1,1,1,0,0,0,0,13,130,49.77565994144765,0.9999999999999918,1,6,0,0,0,0,0,0,1,0,6,0,0,0,0,0,0,1,0,0,0,7,0,0,0,0,0,0,0,1,0,0,1
5625,1,1,1,0,1,0,0,12,122,14.516830498278255,0.05608490581543887,0,1,0,1,0,0,0,0,0,0,6,0,0,0,0,0,0,1,0,0,0,7,0,0,0,0,0,0,0,1,0,0,1
5626,1,0,1,0,1,0,0,7,148,42.91476410214866,0.9999999999921834,1,6,0,0,0,0,0,0,1,0,6,0,0,0,0,0,0,1,0,0,0,7,0,0,0,0,0,0,0,1,0,0,1
5627,0,0,0,1,0,0,0,6,148,62.885622455745036,1.0,1,6,0,0,0,0,0,0,1,0,6,0,0,0,0,0,0,1,0,0,0,7,0,0,0,0,0,0,0,1,0,0,0
5628,1,1,1,0,0,0,0,5,97,47.7284086224661,0.9999999999999364,1,1,0,1,0,0,0,0,0,0,6,0,0,0,0,0,0,1,0,0,0,7,0,0,0,0,0,0,0,1,0,0,1
5629,0,0,0,0,0,0,0,72,96,246.10493698997715,1.0,1,6,0,0,0,0,0,0,1,0,6,0,0,0,0,0,0,1,0,0,0,7,0,0,0,0,0,0,0,1,0,0,1
5631,1,1,1,0,0,0,0,30,155,119.83269037334685,1.0,1,6,0,0,0,0,0,0,1,0,6,0,0,0,0,0,0,1,0,0,0,7,0,0,0,0,0,0,0,1,0,0,1
5632,1,1,1,1,0,0,0,14,126,55.15836414283659,1.0,1,4,0,0,0,0,1,0,0,0,9,0,0,0,0,0,0,0,0,0,1,7,0,0,0,0,0,0,0,1,0,0,1
5633,1,1,1,1,1,0,0,20,127,17.37667799599322,0.5091684711781296,1,6,0,0,0,0,0,0,1,0,6,0,0,0,0,0,0,1,0,0,0,7,0,0,0,0,0,0,0,1,0,0,1
5634,0,1,1,0,0,0,0,11,101,20.024367330438725,0.936097869498889,1,4,0,0,0,0,1,0,0,0,9,0,0,0,0,0,0,0,0,0,1,7,0,0,0,0,0,0,0,1,0,0,0
5635,1,1,1,1,0,0,0,21,167,67.1669357277853,1.0,1,4,0,0,0,0,1,0,0,0,9,0,0,0,0,0,0,0,0,0,1,8,0,0,0,0,0,0,0,0,1,0,1
5638,1,1,1,1,0,2,0,22,138,68.49943327202018,1.0,1,4,0,0,0,0,1,0,0,0,9,0,0,0,0,0,0,0,0,0,1,0,1,0,0,0,0,0,0,0,0,0,0
5641,1,0,0,0,1,0,0,4,69,16.97409276593118,0.4095303470512469,0,4,0,0,0,0,1,0,0,0,2,0,0,1,0,0,0,0,0,0,0,7,0,0,0,0,0,0,0,1,0,0,1
5642,0,0,0,1,0,0,2,0,117,25.432741013319106,0.9996943429136176,1,6,0,0,0,0,0,0,1,0,6,0,0,0,0,0,0,1,0,0,0,7,0,0,0,0,0,0,0,1,0,0,0
5644,0,0,0,0,0,0,0,35,103,104.56426882852942,1.0,1,6,0,0,0,0,0,0,1,0,6,0,0,0,0,0,0,1,0,0,0,7,0,0,0,0,0,0,0,1,0,0,1
5645,1,1,1,1,0,0,0,21,158,38.96402135202656,0.9999999995937374,1,6,0,0,0,0,0,0,1,0,6,0,0,0,0,0,0,1,0,0,0,7,0,0,0,0,0,0,0,1,0,0,1
5646,1,1,1,0,1,0,0,21,155,23.75676063970864,0.9983687248132732,1,1,0,1,0,0,0,0,0,0,6,0,0,0,0,0,0,1,0,0,0,7,0,0,0,0,0,0,0,1,0,0,1
5647,0,0,0,1,0,0,0,33,62,52.19840998965421,0.9999999999999992,1,6,0,0,0,0,0,0,1,0,6,0,0,0,0,0,0,1,0,0,0,7,0,0,0,0,0,0,0,1,0,0,1
5650,1,1,1,0,1,0,0,29,163,36.85444457682072,0.9999999966504658,1,6,0,0,0,0,0,0,1,0,6,0,0,0,0,0,0,1,0,0,0,7,0,0,0,0,0,0,0,1,0,0,1
5651,0,0,0,0,0,0,0,34,52,74.4793670002681,1.0,1,6,0,0,0,0,0,0,1,0,6,0,0,0,0,0,0,1,0,0,0,7,0,0,0,0,0,0,0,1,0,0,0
5652,1,1,1,0,0,0,0,13,143,41.24064932201719,0.9999999999583054,1,1,0,1,0,0,0,0,0,0,6,0,0,0,0,0,0,1,0,0,0,7,0,0,0,0,0,0,0,1,0,0,1
5653,1,1,1,0,1,0,0,16,159,73.33296974213394,1.0,1,6,0,0,0,0,0,0,1,0,6,0,0,0,0,0,0,1,0,0,0,7,0,0,0,0,0,0,0,1,0,0,1
5654,0,0,0,0,0,0,0,5,87,40.467538200806814,0.9999999999096688,1,6,0,0,0,0,0,0,1,0,6,0,0,0,0,0,0,1,0,0,0,7,0,0,0,0,0,0,0,1,0,0,0
5655,0,0,0,1,0,0,0,1,60,10.631252948480508,0.0012187049509052366,0,4,0,0,0,0,1,0,0,0,2,0,0,1,0,0,0,0,0,0,0,7,0,0,0,0,0,0,0,1,0,0,0
5656,1,1,1,0,0,0,0,16,123,53.20247543180659,0.9999999999999998,1,1,0,1,0,0,0,0,0,0,6,0,0,0,0,0,0,1,0,0,0,7,0,0,0,0,0,0,0,1,0,0,1
5657,1,1,1,0,0,0,0,18,157,77.84510136915941,1.0,1,4,0,0,0,0,1,0,0,0,9,0,0,0,0,0,0,0,0,0,1,7,0,0,0,0,0,0,0,1,0,0,1
5658,1,1,1,0,0,0,0,9,149,49.80315444669422,0.9999999999999921,1,6,0,0,0,0,0,0,1,0,6,0,0,0,0,0,0,1,0,0,0,7,0,0,0,0,0,0,0,1,0,0,1
5659,0,0,0,0,1,2,2,21,178,52.81452346728872,0.9999999999999996,1,1,0,1,0,0,0,0,0,0,4,0,0,0,0,1,0,0,0,0,0,7,0,0,0,0,0,0,0,1,0,0,0
5661,1,0,1,1,1,0,0,20,136,57.42325092028989,1.0,1,1,0,1,0,0,0,0,0,0,7,0,0,0,0,0,0,0,1,0,0,6,0,0,0,0,0,0,1,0,0,0,1
5662,1,0,0,0,1,0,0,19,145,84.14342865332543,1.0,1,6,0,0,0,0,0,0,1,0,6,0,0,0,0,0,0,1,0,0,0,7,0,0,0,0,0,0,0,1,0,0,1
5663,1,1,1,0,0,0,0,13,168,101.94586058830228,1.0,1,6,0,0,0,0,0,0,1,0,6,0,0,0,0,0,0,1,0,0,0,7,0,0,0,0,0,0,0,1,0,0,1
5664,1,1,1,0,1,0,0,5,153,62.31380342603954,1.0,1,5,0,0,0,0,0,1,0,0,1,0,1,0,0,0,0,0,0,0,0,7,0,0,0,0,0,0,0,1,0,0,1
5665,1,0,0,1,0,0,0,4,148,88.83309113793284,1.0,1,6,0,0,0,0,0,0,1,0,6,0,0,0,0,0,0,1,0,0,0,7,0,0,0,0,0,0,0,1,0,0,1
5668,1,1,0,1,0,0,0,3,150,94.07609361871631,1.0,1,6,0,0,0,0,0,0,1,0,6,0,0,0,0,0,0,1,0,0,0,7,0,0,0,0,0,0,0,1,0,0,1
5669,1,0,0,0,0,0,0,13,91,32.71073687547511,0.9999997888584524,1,6,0,0,0,0,0,0,1,0,6,0,0,0,0,0,0,1,0,0,0,7,0,0,0,0,0,0,0,1,0,0,1
5670,0,1,0,1,0,0,0,8,163,58.089253772226954,1.0,1,5,0,0,0,0,0,1,0,0,1,0,1,0,0,0,0,0,0,0,0,7,0,0,0,0,0,0,0,1,0,0,1
5671,1,1,0,1,0,0,0,1,124,102.67301135623993,1.0,1,4,0,0,0,0,1,0,0,0,2,0,0,1,0,0,0,0,0,0,0,7,0,0,0,0,0,0,0,1,0,0,1
5672,1,1,1,0,0,0,0,5,71,12.31063146174383,0.006500409090806696,0,4,0,0,0,0,1,0,0,0,9,0,0,0,0,0,0,0,0,0,1,7,0,0,0,0,0,0,0,1,0,0,1
5673,0,0,0,0,0,0,0,0,157,76.88170073824459,1.0,1,4,0,0,0,0,1,0,0,0,2,0,0,1,0,0,0,0,0,0,0,3,0,0,0,1,0,0,0,0,0,0,0
5674,0,0,0,0,1,0,1,1,143,33.81453576119569,0.9999999299835648,1,6,0,0,0,0,0,0,1,0,6,0,0,0,0,0,0,1,0,0,0,7,0,0,0,0,0,0,0,1,0,0,0
5675,0,1,1,0,0,0,0,18,155,29.70233959046789,0.9999957233641212,1,4,0,0,0,0,1,0,0,0,9,0,0,0,0,0,0,0,0,0,1,0,1,0,0,0,0,0,0,0,0,0,0
5676,1,1,1,0,1,0,0,20,160,84.79769825925777,1.0,1,6,0,0,0,0,0,0,1,0,6,0,0,0,0,0,0,1,0,0,0,7,0,0,0,0,0,0,0,1,0,0,1
5677,1,1,1,0,0,0,0,14,142,52.93383603784979,0.9999999999999996,1,6,0,0,0,0,0,0,1,0,6,0,0,0,0,0,0,1,0,0,0,7,0,0,0,0,0,0,0,1,0,0,1
5680,1,1,1,1,0,0,0,11,139,66.91365971520453,1.0,1,6,0,0,0,0,0,0,1,0,6,0,0,0,0,0,0,1,0,0,0,7,0,0,0,0,0,0,0,1,0,0,1
5683,1,0,0,1,0,0,0,5,114,86.64677102420515,1.0,1,4,0,0,0,0,1,0,0,0,9,0,0,0,0,0,0,0,0,0,1,7,0,0,0,0,0,0,0,1,0,0,1
5684,0,1,1,1,1,0,0,15,111,13.78513567019552,0.02779084450383149,0,4,0,0,0,0,1,0,0,0,9,0,0,0,0,0,0,0,0,0,1,5,0,0,0,0,0,1,0,0,0,0,0
5685,1,1,0,1,0,1,1,13,172,120.12438277092758,1.0,1,5,0,0,0,0,0,1,0,0,6,0,0,0,0,0,0,1,0,0,0,7,0,0,0,0,0,0,0,1,0,0,1
5686,1,1,1,0,0,0,0,12,97,13.769976247642386,0.027384178315959646,0,0,1,0,0,0,0,0,0,0,6,0,0,0,0,0,0,1,0,0,0,7,0,0,0,0,0,0,0,1,0,0,1
5687,0,0,0,0,0,0,0,5,124,68.09022309998737,1.0,1,4,0,0,0,0,1,0,0,0,2,0,0,1,0,0,0,0,0,0,0,7,0,0,0,0,0,0,0,1,0,0,1
5688,1,1,1,0,0,0,0,19,113,47.6164489910975,0.9999999999999291,1,0,1,0,0,0,0,0,0,0,5,0,0,0,0,0,1,0,0,0,0,7,0,0,0,0,0,0,0,1,0,0,1
5689,1,1,0,0,0,0,0,18,154,108.20359893577536,1.0,1,1,0,1,0,0,0,0,0,0,6,0,0,0,0,0,0,1,0,0,0,7,0,0,0,0,0,0,0,1,0,0,1
5690,1,1,1,0,1,0,0,12,147,20.4775086292464,0.9584136957526012,1,6,0,0,0,0,0,0,1,0,6,0,0,0,0,0,0,1,0,0,0,7,0,0,0,0,0,0,0,1,0,0,1
5692,1,1,1,0,1,0,1,11,126,18.023607946929364,0.6645434774716453,1,4,0,0,0,0,1,0,0,0,6,0,0,0,0,0,0,1,0,0,0,7,0,0,0,0,0,0,0,1,0,0,1
5693,1,0,1,0,0,0,0,18,148,159.5635373973957,1.0,1,6,0,0,0,0,0,0,1,0,6,0,0,0,0,0,0,1,0,0,0,7,0,0,0,0,0,0,0,1,0,0,1
5694,1,0,0,0,1,1,0,5,107,30.205255696025638,0.999997413637947,1,6,0,0,0,0,0,0,1,0,6,0,0,0,0,0,0,1,0,0,0,7,0,0,0,0,0,0,0,1,0,0,1
5695,1,1,1,0,0,0,0,7,105,41.56523854184323,0.999999999969862,1,6,0,0,0,0,0,0,1,0,6,0,0,0,0,0,0,1,0,0,0,7,0,0,0,0,0,0,0,1,0,0,1
5698,0,0,0,0,0,0,0,5,133,43.69582332824675,0.9999999999964206,1,4,0,0,0,0,1,0,0,0,9,0,0,0,0,0,0,0,0,0,1,5,0,0,0,0,0,1,0,0,0,0,0
5699,0,0,0,0,1,0,0,19,145,84.14342865332543,1.0,1,6,0,0,0,0,0,0,1,0,6,0,0,0,0,0,0,1,0,0,0,7,0,0,0,0,0,0,0,1,0,0,1
5703,1,1,1,0,0,0,0,8,97,11.708753378454444,0.0035713045903707405,0,6,0,0,0,0,0,0,1,0,6,0,0,0,0,0,0,1,0,0,0,7,0,0,0,0,0,0,0,1,0,0,1
5704,1,1,1,0,1,0,0,9,120,26.869250769666024,0.9999273112158482,1,6,0,0,0,0,0,0,1,0,6,0,0,0,0,0,0,1,0,0,0,7,0,0,0,0,0,0,0,1,0,0,1
5705,1,0,0,0,0,0,0,1,29,3.9662283383594357,1.5554071449588553e-06,0,6,0,0,0,0,0,0,1,0,6,0,0,0,0,0,0,1,0,0,0,7,0,0,0,0,0,0,0,1,0,0,1
5706,1,1,1,0,0,0,0,10,151,35.260367164269255,0.9999999835076164,1,6,0,0,0,0,0,0,1,0,6,0,0,0,0,0,0,1,0,0,0,7,0,0,0,0,0,0,0,1,0,0,1
5707,0,0,0,0,0,0,0,5,147,22.43655459984443,0.9939194112309468,1,7,0,0,0,0,0,0,0,1,6,0,0,0,0,0,0,1,0,0,0,7,0,0,0,0,0,0,0,1,0,0,1
5710,0,0,0,0,1,0,0,19,145,84.14342865332543,1.0,1,6,0,0,0,0,0,0,1,0,6,0,0,0,0,0,0,1,0,0,0,7,0,0,0,0,0,0,0,1,0,0,1
5711,1,1,0,0,0,0,0,20,150,54.291768758217366,1.0,1,6,0,0,0,0,0,0,1,0,6,0,0,0,0,0,0,1,0,0,0,7,0,0,0,0,0,0,0,1,0,0,1
5712,1,0,0,0,0,0,0,15,119,65.34845443957997,1.0,1,6,0,0,0,0,0,0,1,0,6,0,0,0,0,0,0,1,0,0,0,7,0,0,0,0,0,0,0,1,0,0,1
5713,1,1,1,1,0,0,0,13,135,114.2350905171782,1.0,1,4,0,0,0,0,1,0,0,0,9,0,0,0,0,0,0,0,0,0,1,7,0,0,0,0,0,0,0,1,0,0,1
5714,1,0,0,0,0,0,1,1,113,60.43396826943978,1.0,1,6,0,0,0,0,0,0,1,0,6,0,0,0,0,0,0,1,0,0,0,7,0,0,0,0,0,0,0,1,0,0,1
5715,1,1,1,0,0,0,0,3,83,20.26341203295792,0.9489917167009754,1,6,0,0,0,0,0,0,1,0,6,0,0,0,0,0,0,1,0,0,0,7,0,0,0,0,0,0,0,1,0,0,1
5716,1,1,1,0,0,0,0,10,100,18.186000486765707,0.6997274808658834,1,4,0,0,0,0,1,0,0,0,9,0,0,0,0,0,0,0,0,0,1,7,0,0,0,0,0,0,0,1,0,0,1
5717,1,1,1,0,1,0,0,18,167,62.97669256964378,1.0,1,4,0,0,0,0,1,0,0,0,9,0,0,0,0,0,0,0,0,0,1,0,1,0,0,0,0,0,0,0,0,0,1
5719,1,1,0,1,0,0,0,2,106,30.04085397719759,0.9999969514882148,1,6,0,0,0,0,0,0,1,0,6,0,0,0,0,0,0,1,0,0,0,7,0,0,0,0,0,0,0,1,0,0,1
5720,1,0,0,1,0,0,0,0,57,6.344980523323428,1.678480975829485e-05,0,6,0,0,0,0,0,0,1,0,6,0,0,0,0,0,0,1,0,0,0,7,0,0,0,0,0,0,0,1,0,0,1
5721,0,1,1,1,0,0,0,16,124,12.660445596154362,0.009197765271216926,0,2,0,0,1,0,0,0,0,0,6,0,0,0,0,0,0,1,0,0,0,7,0,0,0,0,0,0,0,1,0,0,1
5722,1,1,1,0,1,0,0,15,162,60.81119475826361,1.0,1,4,0,0,0,0,1,0,0,0,9,0,0,0,0,0,0,0,0,0,1,0,1,0,0,0,0,0,0,0,0,0,1
5724,1,1,1,0,0,0,0,40,85,46.333188608217924,0.999999999999744,1,6,0,0,0,0,0,0,1,0,6,0,0,0,0,0,0,1,0,0,0,7,0,0,0,0,0,0,0,1,0,0,1
5726,1,1,1,0,0,0,0,11,100,23.225508911837803,0.997228272446729,1,4,0,0,0,0,1,0,0,0,9,0,0,0,0,0,0,0,0,0,1,7,0,0,0,0,0,0,0,1,0,0,1
5727,0,0,0,0,0,1,0,4,153,60.940628227761756,1.0,1,6,0,0,0,0,0,0,1,0,6,0,0,0,0,0,0,1,0,0,0,7,0,0,0,0,0,0,0,1,0,0,0
5729,1,1,1,0,0,0,0,3,152,82.47057304942615,1.0,1,6,0,0,0,0,0,0,1,0,6,0,0,0,0,0,0,1,0,0,0,7,0,0,0,0,0,0,0,1,0,0,1
5730,1,1,1,1,1,0,0,16,171,69.04456962572465,1.0,1,4,0,0,0,0,1,0,0,0,9,0,0,0,0,0,0,0,0,0,1,4,0,0,0,0,1,0,0,0,0,0,1
5732,1,1,0,0,0,0,12,12,161,141.83300291759738,1.0,1,6,0,0,0,0,0,0,1,0,6,0,0,0,0,0,0,1,0,0,0,7,0,0,0,0,0,0,0,1,0,0,1
5733,0,1,1,0,0,0,0,14,103,11.25288300844084,0.0022667994776226184,0,4,0,0,0,0,1,0,0,0,9,0,0,0,0,0,0,0,0,0,1,9,0,0,0,0,0,0,0,0,0,1,1
5734,0,0,0,0,0,0,0,2,119,85.0767474072293,1.0,1,4,0,0,0,0,1,0,0,0,9,0,0,0,0,0,0,0,0,0,1,7,0,0,0,0,0,0,0,1,0,0,1
5736,1,1,1,0,0,0,4,6,78,2.8794090150474334,5.246200715489415e-07,0,6,0,0,0,0,0,0,1,0,6,0,0,0,0,0,0,1,0,0,0,7,0,0,0,0,0,0,0,1,0,0,1
5739,1,1,1,0,1,0,0,12,154,38.343737647865204,0.9999999992445728,1,6,0,0,0,0,0,0,1,0,6,0,0,0,0,0,0,1,0,0,0,7,0,0,0,0,0,0,0,1,0,0,1
5740,0,0,0,0,0,0,2,8,152,24.231605650580345,0.9989847510394706,1,6,0,0,0,0,0,0,1,0,6,0,0,0,0,0,0,1,0,0,0,7,0,0,0,0,0,0,0,1,0,0,0
5741,1,1,0,1,0,0,1,4,166,57.32355167071815,1.0,1,4,0,0,0,0,1,0,0,0,2,0,0,1,0,0,0,0,0,0,0,7,0,0,0,0,0,0,0,1,0,0,1
5743,1,1,1,0,0,0,0,12,170,48.78605530868128,0.9999999999999781,1,4,0,0,0,0,1,0,0,0,9,0,0,0,0,0,0,0,0,0,1,9,0,0,0,0,0,0,0,0,0,1,1
5744,1,0,0,0,0,0,0,2,88,22.19833092060359,0.9922963756888856,1,6,0,0,0,0,0,0,1,0,6,0,0,0,0,0,0,1,0,0,0,7,0,0,0,0,0,0,0,1,0,0,1
5745,1,0,0,1,0,0,0,35,155,249.3043953636144,1.0,1,6,0,0,0,0,0,0,1,0,6,0,0,0,0,0,0,1,0,0,0,7,0,0,0,0,0,0,0,1,0,0,1
5746,1,1,1,0,0,0,0,8,113,27.81796356183936,0.9999718508024904,1,4,0,0,0,0,1,0,0,0,9,0,0,0,0,0,0,0,0,0,1,7,0,0,0,0,0,0,0,1,0,0,1
5748,0,0,0,0,0,0,0,3,103,12.350614011115669,0.006763784210142425,0,6,0,0,0,0,0,0,1,0,6,0,0,0,0,0,0,1,0,0,0,7,0,0,0,0,0,0,0,1,0,0,1
5751,1,1,1,0,1,0,0,6,153,42.29826827499245,0.9999999999855202,1,6,0,0,0,0,0,0,1,0,6,0,0,0,0,0,0,1,0,0,0,7,0,0,0,0,0,0,0,1,0,0,1
5752,1,1,1,0,0,0,0,6,127,45.15362044184523,0.9999999999991668,1,6,0,0,0,0,0,0,1,0,6,0,0,0,0,0,0,1,0,0,0,7,0,0,0,0,0,0,0,1,0,0,1
5753,1,1,1,0,0,0,0,12,113,14.164750106472036,0.040107810157974114,0,6,0,0,0,0,0,0,1,0,6,0,0,0,0,0,0,1,0,0,0,7,0,0,0,0,0,0,0,1,0,0,1
5754,1,1,1,0,1,0,0,11,157,40.4335376003009,0.9999999999065448,1,7,0,0,0,0,0,0,0,1,0,1,0,0,0,0,0,0,0,0,0,7,0,0,0,0,0,0,0,1,0,0,1
5757,1,1,1,1,0,0,0,7,106,2.9922792213061853,5.87305114476651e-07,0,6,0,0,0,0,0,0,1,0,6,0,0,0,0,0,0,1,0,0,0,7,0,0,0,0,0,0,0,1,0,0,1
5758,0,1,1,0,0,0,0,8,108,14.108376560632346,0.03799286679719581,0,6,0,0,0,0,0,0,1,0,6,0,0,0,0,0,0,1,0,0,0,7,0,0,0,0,0,0,0,1,0,0,1
5759,1,1,1,0,1,0,0,14,167,33.25175807423152,0.999999877083208,1,6,0,0,0,0,0,0,1,0,6,0,0,0,0,0,0,1,0,0,0,7,0,0,0,0,0,0,0,1,0,0,1
5760,0,1,1,0,1,0,0,8,130,16.648051544874466,0.3335997699620253,0,6,0,0,0,0,0,0,1,0,6,0,0,0,0,0,0,1,0,0,0,7,0,0,0,0,0,0,0,1,0,0,1
5763,1,1,1,0,0,0,0,18,138,8.756211887854196,0.0001870798158466441,0,4,0,0,0,0,1,0,0,0,9,0,0,0,0,0,0,0,0,0,1,7,0,0,0,0,0,0,0,1,0,0,1
5764,1,1,1,0,0,1,0,11,155,48.454922641623,0.9999999999999694,1,6,0,0,0,0,0,0,1,0,6,0,0,0,0,0,0,1,0,0,0,7,0,0,0,0,0,0,0,1,0,0,1
5765,1,0,0,0,0,5,0,39,94,12.988832984723313,0.012727676778043106,0,6,0,0,0,0,0,0,1,0,6,0,0,0,0,0,0,1,0,0,0,7,0,0,0,0,0,0,0,1,0,0,1
5766,1,0,0,1,0,0,0,8,151,158.3976806564331,1.0,1,4,0,0,0,0,1,0,0,0,2,0,0,1,0,0,0,0,0,0,0,7,0,0,0,0,0,0,0,1,0,0,1
5769,1,0,1,0,1,0,0,9,120,27.674243213236647,0.9999675001704608,1,6,0,0,0,0,0,0,1,0,6,0,0,0,0,0,0,1,0,0,0,7,0,0,0,0,0,0,0,1,0,0,1
5771,0,0,0,0,0,0,2,4,75,18.763227583385927,0.8058439010612397,1,4,0,0,0,0,1,0,0,0,9,0,0,0,0,0,0,0,0,0,1,8,0,0,0,0,0,0,0,0,1,0,1
5772,1,1,1,0,0,0,0,41,151,35.220353244864775,0.9999999828343108,1,6,0,0,0,0,0,0,1,0,6,0,0,0,0,0,0,1,0,0,0,7,0,0,0,0,0,0,0,1,0,0,1
5775,1,1,1,0,0,0,0,9,106,27.674243213236647,0.9999675001704608,1,6,0,0,0,0,0,0,1,0,6,0,0,0,0,0,0,1,0,0,0,7,0,0,0,0,0,0,0,1,0,0,1
5776,1,1,1,1,0,0,0,14,147,46.79233431570548,0.999999999999838,1,6,0,0,0,0,0,0,1,0,6,0,0,0,0,0,0,1,0,0,0,0,1,0,0,0,0,0,0,0,0,0,1
5777,1,1,1,0,0,0,0,25,167,31.01346060638567,0.9999988473671056,1,4,0,0,0,0,1,0,0,0,9,0,0,0,0,0,0,0,0,0,1,7,0,0,0,0,0,0,0,1,0,0,1
5778,1,1,1,1,0,0,0,9,132,41.63313962930761,0.9999999999718404,1,4,0,0,0,0,1,0,0,0,2,0,0,1,0,0,0,0,0,0,0,7,0,0,0,0,0,0,0,1,0,0,1
5780,1,1,1,0,0,0,0,14,146,28.499138336898056,0.9999857556836198,1,4,0,0,0,0,1,0,0,0,9,0,0,0,0,0,0,0,0,0,1,7,0,0,0,0,0,0,0,1,0,0,1
5781,1,0,1,0,0,0,2,11,144,6.225902300738193,1.490054751193779e-05,0,6,0,0,0,0,0,0,1,0,6,0,0,0,0,0,0,1,0,0,0,7,0,0,0,0,0,0,0,1,0,0,1
5783,1,0,0,0,1,0,0,1,141,75.01252875770484,1.0,1,6,0,0,0,0,0,0,1,0,6,0,0,0,0,0,0,1,0,0,0,7,0,0,0,0,0,0,0,1,0,0,1
5784,1,0,1,0,0,0,0,11,170,68.53937438350172,1.0,1,7,0,0,0,0,0,0,0,1,6,0,0,0,0,0,0,1,0,0,0,7,0,0,0,0,0,0,0,1,0,0,1
5789,1,1,1,1,1,0,0,47,154,26.16706442577238,0.9998533132391476,1,4,0,0,0,0,1,0,0,0,9,0,0,0,0,0,0,0,0,0,1,7,0,0,0,0,0,0,0,1,0,0,0
5790,0,0,0,0,1,0,0,6,46,5.431606634492954,6.733603635577293e-06,0,6,0,0,0,0,0,0,1,0,6,0,0,0,0,0,0,1,0,0,0,7,0,0,0,0,0,0,0,1,0,0,0
5791,1,1,1,1,1,0,0,10,95,8.815001522204803,0.0001984056465417228,0,6,0,0,0,0,0,0,1,0,6,0,0,0,0,0,0,1,0,0,0,7,0,0,0,0,0,0,0,1,0,0,0
5792,0,0,0,1,1,2,0,9,92,9.450956435956881,0.0003746874591692808,0,4,0,0,0,0,1,0,0,0,2,0,0,1,0,0,0,0,0,0,0,7,0,0,0,0,0,0,0,1,0,0,0
5793,1,1,1,0,1,0,0,30,146,114.72376619559334,1.0,1,4,0,0,0,0,1,0,0,0,9,0,0,0,0,0,0,0,0,0,1,7,0,0,0,0,0,0,0,1,0,0,1
5794,0,1,1,0,0,6,0,19,93,15.933562365009324,0.1967965429311514,0,4,0,0,0,0,1,0,0,0,9,0,0,0,0,0,0,0,0,0,1,7,0,0,0,0,0,0,0,1,0,0,0
5795,1,1,1,0,1,0,0,26,154,106.20302321214984,1.0,1,4,0,0,0,0,1,0,0,0,9,0,0,0,0,0,0,0,0,0,1,7,0,0,0,0,0,0,0,1,0,0,1
5797,1,1,0,0,0,0,0,24,142,184.77145845564328,1.0,1,4,0,0,0,0,1,0,0,0,9,0,0,0,0,0,0,0,0,0,1,7,0,0,0,0,0,0,0,1,0,0,1
5798,0,0,0,0,0,0,8,2,108,43.79893852121005,0.9999999999967712,1,6,0,0,0,0,0,0,1,0,6,0,0,0,0,0,0,1,0,0,0,7,0,0,0,0,0,0,0,1,0,0,1
5799,0,0,0,1,0,4,0,2,65,8.410222558079209,0.00013236996102962878,0,4,0,0,0,0,1,0,0,0,9,0,0,0,0,0,0,0,0,0,1,7,0,0,0,0,0,0,0,1,0,0,0
5800,1,0,0,1,0,2,0,13,117,60.71078281397965,1.0,1,6,0,0,0,0,0,0,1,0,6,0,0,0,0,0,0,1,0,0,0,7,0,0,0,0,0,0,0,1,0,0,1
5801,0,0,0,1,0,2,0,4,86,18.86898938269182,0.8218584007190748,1,6,0,0,0,0,0,0,1,0,6,0,0,0,0,0,0,1,0,0,0,7,0,0,0,0,0,0,0,1,0,0,1
5803,1,1,1,0,1,0,0,28,149,119.40656495760004,1.0,1,6,0,0,0,0,0,0,1,0,6,0,0,0,0,0,0,1,0,0,0,7,0,0,0,0,0,0,0,1,0,0,1
5804,0,1,1,0,0,2,0,19,114,13.282572642752653,0.01699947225534553,0,4,0,0,0,0,1,0,0,0,9,0,0,0,0,0,0,0,0,0,1,2,0,0,1,0,0,0,0,0,0,0,0
5805,0,0,0,1,0,2,0,13,134,12.256262435461473,0.006158542423449362,0,4,0,0,0,0,1,0,0,0,9,0,0,0,0,0,0,0,0,0,1,7,0,0,0,0,0,0,0,1,0,0,0
5807,0,0,1,0,0,0,0,13,139,47.20087694478385,0.9999999999998924,1,6,0,0,0,0,0,0,1,0,6,0,0,0,0,0,0,1,0,0,0,7,0,0,0,0,0,0,0,1,0,0,0
5808,0,1,1,0,1,0,2,23,139,9.532264973738503,0.0004064126555641407,0,7,0,0,0,0,0,0,0,1,6,0,0,0,0,0,0,1,0,0,0,7,0,0,0,0,0,0,0,1,0,0,0
5812,1,1,0,1,0,0,2,4,145,92.73948416330387,1.0,1,6,0,0,0,0,0,0,1,0,6,0,0,0,0,0,0,1,0,0,0,7,0,0,0,0,0,0,0,1,0,0,1
5814,0,0,0,1,0,0,0,6,48,7.5388114196666045,5.5382662495817075e-05,0,4,0,0,0,0,1,0,0,0,6,0,0,0,0,0,0,1,0,0,0,7,0,0,0,0,0,0,0,1,0,0,0
5815,1,1,1,0,1,0,0,24,164,72.55840866969443,1.0,1,4,0,0,0,0,1,0,0,0,9,0,0,0,0,0,0,0,0,0,1,7,0,0,0,0,0,0,0,1,0,0,1
5816,0,0,0,1,0,1,0,3,54,3.5013845438166897,9.771590212150465e-07,0,6,0,0,0,0,0,0,1,0,6,0,0,0,0,0,0,1,0,0,0,7,0,0,0,0,0,0,0,1,0,0,0
5817,0,1,1,0,0,1,0,11,69,3.9608179005030255,1.547014448832017e-06,0,6,0,0,0,0,0,0,1,0,6,0,0,0,0,0,0,1,0,0,0,7,0,0,0,0,0,0,0,1,0,0,0
5818,1,0,0,0,1,0,0,8,119,68.13671091543006,1.0,1,6,0,0,0,0,0,0,1,0,6,0,0,0,0,0,0,1,0,0,0,7,0,0,0,0,0,0,0,1,0,0,1
5819,1,0,0,1,0,0,0,6,49,18.54542333478632,0.7694881592820333,1,4,0,0,0,0,1,0,0,0,2,0,0,1,0,0,0,0,0,0,0,7,0,0,0,0,0,0,0,1,0,0,1
5821,1,0,0,1,0,1,0,1,49,6.353278401958778,1.692466516446594e-05,0,4,0,0,0,0,1,0,0,0,2,0,0,1,0,0,0,0,0,0,0,7,0,0,0,0,0,0,0,1,0,0,1
5822,0,1,0,1,1,1,0,6,111,12.967194498556651,0.012458621789407029,0,6,0,0,0,0,0,0,1,0,6,0,0,0,0,0,0,1,0,0,0,7,0,0,0,0,0,0,0,1,0,0,1
5824,1,1,1,0,0,0,0,9,106,22.042557978922524,0.9910095206940374,1,4,0,0,0,0,1,0,0,0,9,0,0,0,0,0,0,0,0,0,1,7,0,0,0,0,0,0,0,1,0,0,1
5825,1,1,1,0,1,0,0,15,140,46.84562594507698,0.9999999999998466,1,6,0,0,0,0,0,0,1,0,6,0,0,0,0,0,0,1,0,0,0,7,0,0,0,0,0,0,0,1,0,0,1
5826,1,1,0,0,0,0,0,24,161,172.52075898545294,1.0,1,4,0,0,0,0,1,0,0,0,9,0,0,0,0,0,0,0,0,0,1,7,0,0,0,0,0,0,0,1,0,0,1
5827,0,1,1,0,0,0,0,11,149,29.842198099354874,0.9999962815432124,1,1,0,1,0,0,0,0,0,0,6,0,0,0,0,0,0,1,0,0,0,7,0,0,0,0,0,0,0,1,0,0,0
5828,0,1,1,0,0,1,0,14,90,5.996337916192896,1.1844180263112687e-05,0,4,0,0,0,0,1,0,0,0,9,0,0,0,0,0,0,0,0,0,1,7,0,0,0,0,0,0,0,1,0,0,0
5829,1,1,1,0,0,0,0,6,85,20.318969396702517,0.9516149403181144,1,6,0,0,0,0,0,0,1,0,6,0,0,0,0,0,0,1,0,0,0,7,0,0,0,0,0,0,0,1,0,0,1
5832,0,0,0,1,0,1,0,7,55,5.029647294714978,4.50484438541144e-06,0,6,0,0,0,0,0,0,1,0,6,0,0,0,0,0,0,1,0,0,0,7,0,0,0,0,0,0,0,1,0,0,0
5833,1,1,1,0,1,0,0,12,151,63.809126671255996,1.0,1,4,0,0,0,0,1,0,0,0,9,0,0,0,0,0,0,0,0,0,1,7,0,0,0,0,0,0,0,1,0,0,1
5834,1,1,0,0,0,0,0,24,156,187.5067169964096,1.0,1,4,0,0,0,0,1,0,0,0,9,0,0,0,0,0,0,0,0,0,1,7,0,0,0,0,0,0,0,1,0,0,1
5835,1,0,0,1,1,0,0,12,123,22.01019042683096,0.9907165058767671,1,4,0,0,0,0,1,0,0,0,2,0,0,1,0,0,0,0,0,0,0,7,0,0,0,0,0,0,0,1,0,0,1
5836,0,1,0,1,0,0,0,14,128,43.18706984245725,0.9999999999940468,1,6,0,0,0,0,0,0,1,0,6,0,0,0,0,0,0,1,0,0,0,7,0,0,0,0,0,0,0,1,0,0,0
5837,0,1,1,0,0,1,0,11,70,5.6424947419278775,8.314466798978678e-06,0,4,0,0,0,0,1,0,0,0,2,0,0,1,0,0,0,0,0,0,0,7,0,0,0,0,0,0,0,1,0,0,1
5840,1,1,1,1,1,0,0,18,173,69.9375598596125,1.0,1,4,0,0,0,0,1,0,0,0,9,0,0,0,0,0,0,0,0,0,1,7,0,0,0,0,0,0,0,1,0,0,1
5841,1,0,1,0,0,1,0,31,167,136.13906107523493,1.0,1,6,0,0,0,0,0,0,1,0,6,0,0,0,0,0,0,1,0,0,0,7,0,0,0,0,0,0,0,1,0,0,1
5842,0,0,0,0,0,0,0,5,108,22.74555579290956,0.9955285265477644,1,6,0,0,0,0,0,0,1,0,6,0,0,0,0,0,0,1,0,0,0,7,0,0,0,0,0,0,0,1,0,0,0
5843,0,1,1,0,0,0,0,14,117,19.389460612896016,0.8858931053076978,1,6,0,0,0,0,0,0,1,0,6,0,0,0,0,0,0,1,0,0,0,7,0,0,0,0,0,0,0,1,0,0,1
5845,1,1,1,1,1,0,0,12,106,5.117498481474851,4.918502532801027e-06,0,4,0,0,0,0,1,0,0,0,2,0,0,1,0,0,0,0,0,0,0,7,0,0,0,0,0,0,0,1,0,0,1
5847,1,1,1,0,0,0,0,12,122,27.413327419897062,0.9999578117836364,1,6,0,0,0,0,0,0,1,0,6,0,0,0,0,0,0,1,0,0,0,7,0,0,0,0,0,0,0,1,0,0,1
5848,1,0,1,0,1,0,0,9,102,4.6759091325698,3.1626697479659507e-06,0,4,0,0,0,0,1,0,0,0,2,0,0,1,0,0,0,0,0,0,0,7,0,0,0,0,0,0,0,1,0,0,1
5849,1,1,1,0,0,0,0,9,110,24.306420437334214,0.9990578659740664,1,1,0,1,0,0,0,0,0,0,6,0,0,0,0,0,0,1,0,0,0,7,0,0,0,0,0,0,0,1,0,0,1
5850,1,1,1,0,0,0,0,14,76,17.48663197664834,0.5365924533101593,1,4,0,0,0,0,1,0,0,0,9,0,0,0,0,0,0,0,0,0,1,9,0,0,0,0,0,0,0,0,0,1,1
5853,0,0,0,0,0,0,0,5,115,35.109793667700536,0.9999999808275922,1,6,0,0,0,0,0,0,1,0,6,0,0,0,0,0,0,1,0,0,0,7,0,0,0,0,0,0,0,1,0,0,0
5854,1,1,1,0,0,0,0,17,106,13.073966279449651,0.013843029499006187,0,4,0,0,0,0,1,0,0,0,9,0,0,0,0,0,0,0,0,0,1,7,0,0,0,0,0,0,0,1,0,0,1
5855,1,1,1,0,0,0,0,9,115,29.6125021318798,0.9999953213774138,1,6,0,0,0,0,0,0,1,0,6,0,0,0,0,0,0,1,0,0,0,7,0,0,0,0,0,0,0,1,0,0,1
5856,1,1,1,1,1,2,0,21,166,25.00556990388136,0.9995315299958608,1,4,0,0,0,0,1,0,0,0,2,0,0,1,0,0,0,0,0,0,0,7,0,0,0,0,0,0,0,1,0,0,1
5858,1,1,1,0,1,1,0,11,151,2.6849427170010967,4.319060648146415e-07,0,6,0,0,0,0,0,0,1,0,6,0,0,0,0,0,0,1,0,0,0,7,0,0,0,0,0,0,0,1,0,0,1
5861,1,1,1,0,0,0,0,9,108,25.923441843966952,0.9998128554052744,1,6,0,0,0,0,0,0,1,0,6,0,0,0,0,0,0,1,0,0,0,7,0,0,0,0,0,0,0,1,0,0,1
5863,1,1,1,0,0,0,0,8,163,98.49568685775441,1.0,1,4,0,0,0,0,1,0,0,0,2,0,0,1,0,0,0,0,0,0,0,7,0,0,0,0,0,0,0,1,0,0,1
5864,1,1,1,0,0,0,0,17,171,35.670085731842654,0.9999999890517448,1,6,0,0,0,0,0,0,1,0,6,0,0,0,0,0,0,1,0,0,0,7,0,0,0,0,0,0,0,1,0,0,1
5867,0,1,1,0,0,0,0,5,50,1.861435768306565,1.895592073744047e-07,0,6,0,0,0,0,0,0,1,0,6,0,0,0,0,0,0,1,0,0,0,7,0,0,0,0,0,0,0,1,0,0,1
5868,1,1,1,0,0,0,0,13,163,27.1479889351075,0.999944992660928,1,6,0,0,0,0,0,0,1,0,6,0,0,0,0,0,0,1,0,0,0,7,0,0,0,0,0,0,0,1,0,0,1
5869,0,1,1,0,1,1,0,16,155,14.605783771544562,0.060984272314042375,0,4,0,0,0,0,1,0,0,0,9,0,0,0,0,0,0,0,0,0,1,7,0,0,0,0,0,0,0,1,0,0,0
5870,1,1,1,0,1,0,0,12,115,16.51414948694456,0.304523171563325,0,4,0,0,0,0,1,0,0,0,9,0,0,0,0,0,0,0,0,0,1,7,0,0,0,0,0,0,0,1,0,0,1
5873,1,0,0,1,0,0,0,6,55,23.362760120386273,0.9975828839452516,1,6,0,0,0,0,0,0,1,0,6,0,0,0,0,0,0,1,0,0,0,7,0,0,0,0,0,0,0,1,0,0,1
5874,1,1,1,0,1,0,0,10,134,29.52117861004267,0.9999948739938798,1,6,0,0,0,0,0,0,1,0,6,0,0,0,0,0,0,1,0,0,0,7,0,0,0,0,0,0,0,1,0,0,1
5875,0,1,1,0,0,0,0,14,117,19.389460612896016,0.8858931053076978,1,6,0,0,0,0,0,0,1,0,6,0,0,0,0,0,0,1,0,0,0,7,0,0,0,0,0,0,0,1,0,0,1
5876,1,1,1,0,1,0,0,12,173,62.6938449665356,1.0,1,4,0,0,0,0,1,0,0,0,9,0,0,0,0,0,0,0,0,0,1,4,0,0,0,0,1,0,0,0,0,0,1
5881,1,1,1,0,0,0,0,16,120,27.55275311264853,0.9999633020554494,1,6,0,0,0,0,0,0,1,0,6,0,0,0,0,0,0,1,0,0,0,7,0,0,0,0,0,0,0,1,0,0,1
5882,1,1,1,0,1,0,0,8,139,34.62695425057751,0.9999999689278612,1,6,0,0,0,0,0,0,1,0,6,0,0,0,0,0,0,1,0,0,0,7,0,0,0,0,0,0,0,1,0,0,1
5883,1,1,1,0,0,0,0,13,165,38.358408321625426,0.9999999992555746,1,4,0,0,0,0,1,0,0,0,2,0,0,1,0,0,0,0,0,0,0,7,0,0,0,0,0,0,0,1,0,0,1
5884,1,1,1,0,1,0,0,11,143,27.67430203412011,0.9999675020820112,1,4,0,0,0,0,1,0,0,0,2,0,0,1,0,0,0,0,0,0,0,7,0,0,0,0,0,0,0,1,0,0,1
5885,0,1,1,0,0,0,0,16,146,12.399615799122687,0.007101064349562263,0,6,0,0,0,0,0,0,1,0,6,0,0,0,0,0,0,1,0,0,0,7,0,0,0,0,0,0,0,1,0,0,0
5886,0,0,0,1,0,0,0,5,109,31.373511685148507,0.9999991958761114,1,4,0,0,0,0,1,0,0,0,9,0,0,0,0,0,0,0,0,0,1,7,0,0,0,0,0,0,0,1,0,0,0
5887,0,0,0,0,0,0,0,0,71,6.7420305366473565,2.496603068424223e-05,0,6,0,0,0,0,0,0,1,0,6,0,0,0,0,0,0,1,0,0,0,7,0,0,0,0,0,0,0,1,0,0,0
5888,0,1,0,0,1,0,0,3,113,33.35393236201097,0.9999998890218468,1,6,0,0,0,0,0,0,1,0,6,0,0,0,0,0,0,1,0,0,0,7,0,0,0,0,0,0,0,1,0,0,0
5889,0,1,1,0,0,0,0,12,79,3.035480797902116,6.132336500384208e-07,0,5,0,0,0,0,0,1,0,0,1,0,1,0,0,0,0,0,0,0,0,7,0,0,0,0,0,0,0,1,0,0,0
5890,1,1,1,1,0,2,0,32,153,76.1037456490798,1.0,1,4,0,0,0,0,1,0,0,0,9,0,0,0,0,0,0,0,0,0,1,7,0,0,0,0,0,0,0,1,0,0,0
5891,1,1,1,0,1,0,0,80,145,183.06546094865186,1.0,1,4,0,0,0,0,1,0,0,0,9,0,0,0,0,0,0,0,0,0,1,7,0,0,0,0,0,0,0,1,0,0,0
5892,0,0,0,1,0,0,0,4,135,22.226276536570055,0.9925070871781704,1,6,0,0,0,0,0,0,1,0,6,0,0,0,0,0,0,1,0,0,0,7,0,0,0,0,0,0,0,1,0,0,0
5893,0,0,0,0,0,0,0,4,134,94.05513712493463,1.0,1,6,0,0,0,0,0,0,1,0,6,0,0,0,0,0,0,1,0,0,0,7,0,0,0,0,0,0,0,1,0,0,0
5894,0,1,1,0,0,0,1,5,121,31.192016203130265,0.9999990358482784,1,6,0,0,0,0,0,0,1,0,6,0,0,0,0,0,0,1,0,0,0,7,0,0,0,0,0,0,0,1,0,0,0
5896,0,0,0,0,0,0,2,45,87,95.3993954488142,1.0,1,6,0,0,0,0,0,0,1,0,6,0,0,0,0,0,0,1,0,0,0,7,0,0,0,0,0,0,0,1,0,0,0
5898,0,1,1,1,0,2,0,32,153,52.241676683562545,0.9999999999999992,1,4,0,0,0,0,1,0,0,0,9,0,0,0,0,0,0,0,0,0,1,7,0,0,0,0,0,0,0,1,0,0,0
5899,0,0,0,0,0,0,0,10,149,44.86336463752173,0.9999999999988862,1,6,0,0,0,0,0,0,1,0,6,0,0,0,0,0,0,1,0,0,0,7,0,0,0,0,0,0,0,1,0,0,0
5900,0,1,1,0,0,0,1,12,129,26.15886406450944,0.9998521055877948,1,4,0,0,0,0,1,0,0,0,9,0,0,0,0,0,0,0,0,0,1,7,0,0,0,0,0,0,0,1,0,0,0
5901,0,0,0,0,0,0,1,6,86,12.008792191044636,0.004814927142516389,0,6,0,0,0,0,0,0,1,0,6,0,0,0,0,0,0,1,0,0,0,7,0,0,0,0,0,0,0,1,0,0,0
5902,0,1,0,0,1,0,0,16,165,61.27559789470313,1.0,1,6,0,0,0,0,0,0,1,0,6,0,0,0,0,0,0,1,0,0,0,7,0,0,0,0,0,0,0,1,0,0,0
5903,1,0,0,0,0,0,0,11,157,84.61340852747597,1.0,1,6,0,0,0,0,0,0,1,0,6,0,0,0,0,0,0,1,0,0,0,7,0,0,0,0,0,0,0,1,0,0,0
5904,0,1,1,1,0,0,0,10,149,23.080238779908687,0.9967962959622928,1,0,1,0,0,0,0,0,0,0,6,0,0,0,0,0,0,1,0,0,0,7,0,0,0,0,0,0,0,1,0,0,0
5905,0,1,1,0,0,0,0,22,154,89.59058853818476,1.0,1,6,0,0,0,0,0,0,1,0,6,0,0,0,0,0,0,1,0,0,0,7,0,0,0,0,0,0,0,1,0,0,0
5906,0,1,0,1,0,0,0,0,41,1.3062236190133278,1.0879760781244164e-07,0,6,0,0,0,0,0,0,1,0,6,0,0,0,0,0,0,1,0,0,0,7,0,0,0,0,0,0,0,1,0,0,0
5907,0,1,0,1,0,0,0,3,146,23.28952552898652,0.9973997019701628,1,6,0,0,0,0,0,0,1,0,6,0,0,0,0,0,0,1,0,0,0,7,0,0,0,0,0,0,0,1,0,0,0
5908,0,0,0,0,0,0,2,4,65,17.330839782365732,0.4977099616044254,0,6,0,0,0,0,0,0,1,0,6,0,0,0,0,0,0,1,0,0,0,8,0,0,0,0,0,0,0,0,1,0,0
5909,0,0,0,1,0,0,0,4,104,8.383313789194434,0.00012885599756077163,0,2,0,0,1,0,0,0,0,0,3,0,0,0,1,0,0,0,0,0,0,7,0,0,0,0,0,0,0,1,0,0,0
5911,0,1,1,0,0,0,0,21,108,17.278509985580552,0.4846323382121419,0,4,0,0,0,0,1,0,0,0,9,0,0,0,0,0,0,0,0,0,1,7,0,0,0,0,0,0,0,1,0,0,0
5912,0,1,1,0,0,2,0,34,94,25.448966971314398,0.9996992609929464,1,6,0,0,0,0,0,0,1,0,6,0,0,0,0,0,0,1,0,0,0,7,0,0,0,0,0,0,0,1,0,0,0
5913,0,0,0,0,0,0,0,92,127,926.0449059721236,1.0,1,6,0,0,0,0,0,0,1,0,6,0,0,0,0,0,0,1,0,0,0,7,0,0,0,0,0,0,0,1,0,0,0
5916,0,0,0,0,1,0,0,70,123,300.8193367879619,1.0,1,6,0,0,0,0,0,0,1,0,6,0,0,0,0,0,0,1,0,0,0,7,0,0,0,0,0,0,0,1,0,0,0
5918,0,1,0,0,0,0,4,2,103,21.780362271558968,0.9883457569800412,1,6,0,0,0,0,0,0,1,0,6,0,0,0,0,0,0,1,0,0,0,7,0,0,0,0,0,0,0,1,0,0,0
5919,0,0,0,1,0,0,2,1,63,1.9624060846243616,2.0969869440435352e-07,0,6,0,0,0,0,0,0,1,0,6,0,0,0,0,0,0,1,0,0,0,7,0,0,0,0,0,0,0,1,0,0,0
5920,0,1,1,0,0,0,0,15,90,5.933709379133803,1.1125155571177755e-05,0,6,0,0,0,0,0,0,1,0,6,0,0,0,0,0,0,1,0,0,0,7,0,0,0,0,0,0,0,1,0,0,0
5921,0,1,1,1,0,2,0,33,154,49.44077644913354,0.9999999999999885,1,4,0,0,0,0,1,0,0,0,9,0,0,0,0,0,0,0,0,0,1,7,0,0,0,0,0,0,0,1,0,0,0
5922,0,0,0,0,0,0,2,8,129,69.92127485635832,1.0,1,6,0,0,0,0,0,0,1,0,6,0,0,0,0,0,0,1,0,0,0,7,0,0,0,0,0,0,0,1,0,0,0
5923,0,0,0,1,0,0,0,4,146,87.39408547485823,1.0,1,6,0,0,0,0,0,0,1,0,6,0,0,0,0,0,0,1,0,0,0,7,0,0,0,0,0,0,0,1,0,0,0
5925,1,0,0,1,0,0,0,4,132,133.16327992023378,1.0,1,6,0,0,0,0,0,0,1,0,6,0,0,0,0,0,0,1,0,0,0,7,0,0,0,0,0,0,0,1,0,0,0
5927,0,1,0,1,0,0,0,1,146,48.974072443709666,0.9999999999999818,1,6,0,0,0,0,0,0,1,0,6,0,0,0,0,0,0,1,0,0,0,7,0,0,0,0,0,0,0,1,0,0,0
5928,0,0,0,1,0,0,0,4,81,10.802719732057744,0.0014463275745890804,0,4,0,0,0,0,1,0,0,0,9,0,0,0,0,0,0,0,0,0,1,7,0,0,0,0,0,0,0,1,0,0,0
5929,0,0,0,1,0,0,4,4,62,2.533624887646658,3.712554437605768e-07,0,6,0,0,0,0,0,0,1,0,6,0,0,0,0,0,0,1,0,0,0,7,0,0,0,0,0,0,0,1,0,0,0
5930,0,0,1,0,0,0,2,1,119,20.723383291260227,0.9671811667226704,1,6,0,0,0,0,0,0,1,0,6,0,0,0,0,0,0,1,0,0,0,7,0,0,0,0,0,0,0,1,0,0,0
5932,0,1,0,1,0,0,0,5,143,21.351679833186072,0.982218930261252,1,6,0,0,0,0,0,0,1,0,6,0,0,0,0,0,0,1,0,0,0,7,0,0,0,0,0,0,0,1,0,0,0
5933,0,1,1,0,0,0,0,18,167,16.055946774495656,0.2168610648382147,0,4,0,0,0,0,1,0,0,0,9,0,0,0,0,0,0,0,0,0,1,0,1,0,0,0,0,0,0,0,0,0,0
5934,0,1,1,0,1,0,0,15,178,25.42780009703273,0.999692829415484,1,1,0,1,0,0,0,0,0,0,7,0,0,0,0,0,0,0,1,0,0,6,0,0,0,0,0,0,1,0,0,0,0
5935,0,0,0,1,0,0,0,5,90,6.847069156145596,2.7731029441789948e-05,0,6,0,0,0,0,0,0,1,0,6,0,0,0,0,0,0,1,0,0,0,7,0,0,0,0,0,0,0,1,0,0,0
5937,0,1,1,0,1,0,0,17,132,3.6986383853363303,1.1902314131725516e-06,0,5,0,0,0,0,0,1,0,0,1,0,1,0,0,0,0,0,0,0,0,7,0,0,0,0,0,0,0,1,0,0,0
5938,0,0,0,1,0,0,0,8,116,36.34625126759785,0.999999994432119,1,6,0,0,0,0,0,0,1,0,6,0,0,0,0,0,0,1,0,0,0,7,0,0,0,0,0,0,0,1,0,0,0
5939,1,1,1,0,0,0,0,15,95,22.033721987959066,0.9909304525749524,1,4,0,0,0,0,1,0,0,0,9,0,0,0,0,0,0,0,0,0,1,7,0,0,0,0,0,0,0,1,0,0,0
5942,0,0,1,0,0,0,0,12,85,5.5145265498384175,7.315751710115149e-06,0,2,0,0,1,0,0,0,0,0,3,0,0,0,1,0,0,0,0,0,0,3,0,0,0,1,0,0,0,0,0,0,0
5943,0,0,0,0,0,0,0,2,34,3.5252432210483637,1.0007530616677386e-06,0,4,0,0,0,0,1,0,0,0,9,0,0,0,0,0,0,0,0,0,1,7,0,0,0,0,0,0,0,1,0,0,0
5944,0,1,1,1,0,0,0,15,162,33.214037307479174,0.9999998723581364,1,2,0,0,1,0,0,0,0,0,8,0,0,0,0,0,0,0,0,1,0,7,0,0,0,0,0,0,0,1,0,0,0
5947,0,0,0,1,0,5,4,25,112,58.232101197326095,1.0,1,1,0,1,0,0,0,0,0,0,7,0,0,0,0,0,0,0,1,0,0,7,0,0,0,0,0,0,0,1,0,0,0
5949,0,0,1,1,0,0,0,30,76,37.79195273465708,0.9999999986883144,1,6,0,0,0,0,0,0,1,0,6,0,0,0,0,0,0,1,0,0,0,7,0,0,0,0,0,0,0,1,0,0,1
5950,1,1,0,0,1,0,0,8,150,143.98244786303042,1.0,1,6,0,0,0,0,0,0,1,0,6,0,0,0,0,0,0,1,0,0,0,7,0,0,0,0,0,0,0,1,0,0,1
5952,0,0,0,0,1,0,2,10,145,31.020121137488733,0.9999988550187338,1,4,0,0,0,0,1,0,0,0,6,0,0,0,0,0,0,1,0,0,0,7,0,0,0,0,0,0,0,1,0,0,0
5953,0,1,1,0,0,0,0,23,134,11.231326043442225,0.002218564340953089,0,6,0,0,0,0,0,0,1,0,6,0,0,0,0,0,0,1,0,0,0,7,0,0,0,0,0,0,0,1,0,0,0
5954,0,0,1,0,0,0,0,7,57,2.946232176371104,5.608746568268037e-07,0,6,0,0,0,0,0,0,1,0,6,0,0,0,0,0,0,1,0,0,0,7,0,0,0,0,0,0,0,1,0,0,0
5955,1,1,1,0,0,0,0,16,116,34.77715912628811,0.9999999732614409,1,4,0,0,0,0,1,0,0,0,9,0,0,0,0,0,0,0,0,0,1,1,0,1,0,0,0,0,0,0,0,0,0
5956,0,0,0,1,0,0,2,18,116,12.768836195450016,0.01023997025679873,0,1,0,1,0,0,0,0,0,0,6,0,0,0,0,0,0,1,0,0,0,7,0,0,0,0,0,0,0,1,0,0,0
5957,0,0,0,0,0,0,0,3,90,21.62945439379279,0.9864730817492252,1,6,0,0,0,0,0,0,1,0,6,0,0,0,0,0,0,1,0,0,0,7,0,0,0,0,0,0,0,1,0,0,0
5958,0,0,0,1,0,0,0,3,114,27.051220839382196,0.999939403985673,1,6,0,0,0,0,0,0,1,0,6,0,0,0,0,0,0,1,0,0,0,7,0,0,0,0,0,0,0,1,0,0,0
5959,0,1,1,0,0,0,0,16,98,22.033721987959066,0.9909304525749524,1,4,0,0,0,0,1,0,0,0,9,0,0,0,0,0,0,0,0,0,1,7,0,0,0,0,0,0,0,1,0,0,0
5960,0,1,1,0,0,0,0,19,147,12.490128625434306,0.007768561487223881,0,6,0,0,0,0,0,0,1,0,6,0,0,0,0,0,0,1,0,0,0,7,0,0,0,0,0,0,0,1,0,0,0
5961,0,0,0,0,0,0,3,9,162,38.86680765129888,0.9999999995522596,1,2,0,0,1,0,0,0,0,0,8,0,0,0,0,0,0,0,0,1,0,7,0,0,0,0,0,0,0,1,0,0,0
5962,0,1,0,0,0,2,0,7,155,27.26459869409519,0.9999510468895896,1,6,0,0,0,0,0,0,1,0,6,0,0,0,0,0,0,1,0,0,0,7,0,0,0,0,0,0,0,1,0,0,1
5963,0,1,1,0,0,0,0,23,133,9.927886406744195,0.0006035284940079728,0,6,0,0,0,0,0,0,1,0,6,0,0,0,0,0,0,1,0,0,0,7,0,0,0,0,0,0,0,1,0,0,0
5964,0,1,1,0,0,0,0,14,136,14.7805793248922,0.07179613974101733,0,0,1,0,0,0,0,0,0,0,6,0,0,0,0,0,0,1,0,0,0,7,0,0,0,0,0,0,0,1,0,0,0
5965,0,1,1,0,0,0,0,9,116,10.784107683093884,0.0014196952814715955,0,4,0,0,0,0,1,0,0,0,9,0,0,0,0,0,0,0,0,0,1,1,0,1,0,0,0,0,0,0,0,0,0
5966,1,1,0,1,0,0,0,4,93,46.87697981274802,0.9999999999998512,1,6,0,0,0,0,0,0,1,0,6,0,0,0,0,0,0,1,0,0,0,7,0,0,0,0,0,0,0,1,0,0,1
5972,0,1,1,0,0,0,0,6,94,5.341546981024387,6.153686820958485e-06,0,4,0,0,0,0,1,0,0,0,9,0,0,0,0,0,0,0,0,0,1,7,0,0,0,0,0,0,0,1,0,0,1
5974,0,1,1,1,0,0,0,4,81,2.7232807817137106,4.4878600468890846e-07,0,6,0,0,0,0,0,0,1,0,6,0,0,0,0,0,0,1,0,0,0,7,0,0,0,0,0,0,0,1,0,0,0
5975,1,1,1,1,0,0,0,42,100,47.108618927984075,0.999999999999882,1,6,0,0,0,0,0,0,1,0,6,0,0,0,0,0,0,1,0,0,0,7,0,0,0,0,0,0,0,1,0,0,1
5978,0,1,1,1,0,0,0,15,118,15.273192796551145,0.11236509155463366,0,6,0,0,0,0,0,0,1,0,6,0,0,0,0,0,0,1,0,0,0,7,0,0,0,0,0,0,0,1,0,0,0
5979,1,0,1,1,0,0,1,4,119,60.64673686859149,1.0,1,6,0,0,0,0,0,0,1,0,6,0,0,0,0,0,0,1,0,0,0,7,0,0,0,0,0,0,0,1,0,0,0
5980,0,1,1,0,1,1,0,19,141,8.002251264238835,8.802965872566971e-05,0,6,0,0,0,0,0,0,1,0,6,0,0,0,0,0,0,1,0,0,0,7,0,0,0,0,0,0,0,1,0,0,0
5981,0,0,0,1,0,0,3,4,101,7.306448298744483,4.3900027904433426e-05,0,6,0,0,0,0,0,0,1,0,6,0,0,0,0,0,0,1,0,0,0,7,0,0,0,0,0,0,0,1,0,0,0
5982,0,1,0,0,0,0,0,4,142,70.05637577463872,1.0,1,6,0,0,0,0,0,0,1,0,6,0,0,0,0,0,0,1,0,0,0,7,0,0,0,0,0,0,0,1,0,0,0
5983,1,1,1,1,0,0,0,42,99,32.67784021211814,0.9999997817970906,1,6,0,0,0,0,0,0,1,0,6,0,0,0,0,0,0,1,0,0,0,7,0,0,0,0,0,0,0,1,0,0,1
5985,0,1,1,0,1,0,0,21,129,10.635464542463193,0.0012238421700873693,0,4,0,0,0,0,1,0,0,0,9,0,0,0,0,0,0,0,0,0,1,7,0,0,0,0,0,0,0,1,0,0,0
5987,1,1,0,0,0,0,0,11,171,94.58920784945283,1.0,1,6,0,0,0,0,0,0,1,0,6,0,0,0,0,0,0,1,0,0,0,7,0,0,0,0,0,0,0,1,0,0,1
5988,1,0,1,0,1,0,0,5,147,47.03005008110723,0.9999999999998724,1,6,0,0,0,0,0,0,1,0,6,0,0,0,0,0,0,1,0,0,0,7,0,0,0,0,0,0,0,1,0,0,1
5989,1,1,1,0,0,0,0,14,76,13.062009323477655,0.013680745592757202,0,6,0,0,0,0,0,0,1,0,6,0,0,0,0,0,0,1,0,0,0,7,0,0,0,0,0,0,0,1,0,0,1
5990,0,0,1,0,0,0,0,15,76,13.062009323477655,0.013680745592757202,0,6,0,0,0,0,0,0,1,0,6,0,0,0,0,0,0,1,0,0,0,7,0,0,0,0,0,0,0,1,0,0,1
5991,0,1,1,0,1,0,0,12,132,14.405042326243755,0.0504522883465548,0,6,0,0,0,0,0,0,1,0,6,0,0,0,0,0,0,1,0,0,0,7,0,0,0,0,0,0,0,1,0,0,0
5992,1,1,1,0,1,0,0,14,94,19.289185036812423,0.875357751180587,1,4,0,0,0,0,1,0,0,0,9,0,0,0,0,0,0,0,0,0,1,7,0,0,0,0,0,0,0,1,0,0,1
5995,0,0,0,1,0,0,1,4,107,15.200944867086875,0.10535841762089587,0,6,0,0,0,0,0,0,1,0,6,0,0,0,0,0,0,1,0,0,0,7,0,0,0,0,0,0,0,1,0,0,0
5996,1,1,0,0,1,0,0,3,128,17.95100782229843,0.6481706656800839,1,6,0,0,0,0,0,0,1,0,6,0,0,0,0,0,0,1,0,0,0,7,0,0,0,0,0,0,0,1,0,0,1
5997,0,1,1,0,1,0,0,19,144,25.517451817765004,0.9997191620359018,1,6,0,0,0,0,0,0,1,0,6,0,0,0,0,0,0,1,0,0,0,7,0,0,0,0,0,0,0,1,0,0,0
5998,1,1,1,0,1,1,0,11,113,17.10594338124669,0.441751519288465,0,4,0,0,0,0,1,0,0,0,2,0,0,1,0,0,0,0,0,0,0,7,0,0,0,0,0,0,0,1,0,0,0
5999,1,1,0,0,0,0,0,2,135,50.70717426727862,0.9999999999999968,1,6,0,0,0,0,0,0,1,0,6,0,0,0,0,0,0,1,0,0,0,7,0,0,0,0,0,0,0,1,0,0,0
6000,1,1,1,0,1,0,0,19,144,28.917280534102602,0.9999906233679018,1,6,0,0,0,0,0,0,1,0,6,0,0,0,0,0,0,1,0,0,0,7,0,0,0,0,0,0,0,1,0,0,0
6001,0,1,1,0,0,0,0,2,85,5.735648498361126,9.126204858856746e-06,0,6,0,0,0,0,0,0,1,0,6,0,0,0,0,0,0,1,0,0,0,7,0,0,0,0,0,0,0,1,0,0,0
6002,0,1,1,0,0,0,0,54,161,83.59462865263872,1.0,1,4,0,0,0,0,1,0,0,0,9,0,0,0,0,0,0,0,0,0,1,7,0,0,0,0,0,0,0,1,0,0,1
6003,1,1,1,0,1,0,0,14,94,19.289185036812423,0.875357751180587,1,4,0,0,0,0,1,0,0,0,9,0,0,0,0,0,0,0,0,0,1,7,0,0,0,0,0,0,0,1,0,0,1
6004,0,0,1,1,0,0,0,19,176,57.791771305947435,1.0,1,1,0,1,0,0,0,0,0,0,6,0,0,0,0,0,0,1,0,0,0,7,0,0,0,0,0,0,0,1,0,0,0
6007,1,1,1,0,1,0,0,15,94,19.289185036812423,0.875357751180587,1,4,0,0,0,0,1,0,0,0,9,0,0,0,0,0,0,0,0,0,1,7,0,0,0,0,0,0,0,1,0,0,1
6009,0,0,1,1,0,0,0,19,178,68.2331936529323,1.0,1,1,0,1,0,0,0,0,0,0,6,0,0,0,0,0,0,1,0,0,0,7,0,0,0,0,0,0,0,1,0,0,0
6012,1,0,0,0,0,0,0,1,62,10.616252502009504,0.0012005820461624102,0,6,0,0,0,0,0,0,1,0,6,0,0,0,0,0,0,1,0,0,0,7,0,0,0,0,0,0,0,1,0,0,0
6013,0,0,0,0,0,0,0,7,162,151.0720379608861,1.0,1,4,0,0,0,0,1,0,0,0,9,0,0,0,0,0,0,0,0,0,1,7,0,0,0,0,0,0,0,1,0,0,0
6015,1,0,0,1,0,0,0,2,97,7.7538883113211226,6.86712204878614e-05,0,6,0,0,0,0,0,0,1,0,6,0,0,0,0,0,0,1,0,0,0,7,0,0,0,0,0,0,0,1,0,0,0
6017,0,0,0,0,0,0,0,1,62,10.616252502009504,0.0012005820461624102,0,6,0,0,0,0,0,0,1,0,6,0,0,0,0,0,0,1,0,0,0,7,0,0,0,0,0,0,0,1,0,0,0
6019,1,1,1,0,0,0,0,18,87,19.432801886121677,0.8902015891713665,1,4,0,0,0,0,1,0,0,0,9,0,0,0,0,0,0,0,0,0,1,7,0,0,0,0,0,0,0,1,0,0,1
6020,1,1,1,0,0,0,0,6,94,12.438547948150699,0.007380895392532924,0,6,0,0,0,0,0,0,1,0,6,0,0,0,0,0,0,1,0,0,0,7,0,0,0,0,0,0,0,1,0,0,0
6022,0,0,0,1,0,0,3,6,78,4.060402319851759,1.7090047248384892e-06,0,6,0,0,0,0,0,0,1,0,6,0,0,0,0,0,0,1,0,0,0,7,0,0,0,0,0,0,0,1,0,0,0
6023,1,1,0,0,1,0,0,5,145,22.26699639021235,0.9928039174367328,1,1,0,1,0,0,0,0,0,0,4,0,0,0,0,1,0,0,0,0,0,7,0,0,0,0,0,0,0,1,0,0,1
6024,1,1,1,0,0,0,0,17,149,27.933211795327463,0.99997491490921,1,6,0,0,0,0,0,0,1,0,6,0,0,0,0,0,0,1,0,0,0,7,0,0,0,0,0,0,0,1,0,0,1
6026,1,1,1,0,0,0,0,15,76,13.062009323477655,0.013680745592757202,0,6,0,0,0,0,0,0,1,0,6,0,0,0,0,0,0,1,0,0,0,7,0,0,0,0,0,0,0,1,0,0,1
6027,1,1,1,0,1,0,0,66,148,198.13203978947223,1.0,1,4,0,0,0,0,1,0,0,0,9,0,0,0,0,0,0,0,0,0,1,7,0,0,0,0,0,0,0,1,0,0,1
6030,1,0,1,0,1,1,0,10,95,14.16840179432214,0.04024863346263171,0,4,0,0,0,0,1,0,0,0,2,0,0,1,0,0,0,0,0,0,0,7,0,0,0,0,0,0,0,1,0,0,0
6031,0,1,0,0,1,0,0,6,144,24.54221974870952,0.9992556240947988,1,1,0,1,0,0,0,0,0,0,4,0,0,0,0,1,0,0,0,0,0,7,0,0,0,0,0,0,0,1,0,0,1
6032,1,1,1,0,1,0,0,20,144,25.517451817765004,0.9997191620359018,1,6,0,0,0,0,0,0,1,0,6,0,0,0,0,0,0,1,0,0,0,7,0,0,0,0,0,0,0,1,0,0,0
6033,1,1,1,0,1,0,0,15,94,19.289185036812423,0.875357751180587,1,4,0,0,0,0,1,0,0,0,9,0,0,0,0,0,0,0,0,0,1,7,0,0,0,0,0,0,0,1,0,0,1
6034,1,1,1,0,1,1,0,13,113,17.10594338124669,0.441751519288465,0,4,0,0,0,0,1,0,0,0,2,0,0,1,0,0,0,0,0,0,0,7,0,0,0,0,0,0,0,1,0,0,0
6036,1,1,1,1,0,0,0,19,144,18.123735576155788,0.6864846571423004,1,4,0,0,0,0,1,0,0,0,9,0,0,0,0,0,0,0,0,0,1,8,0,0,0,0,0,0,0,0,1,0,1
6037,0,1,0,1,0,0,0,2,148,70.2803298233169,1.0,1,6,0,0,0,0,0,0,1,0,6,0,0,0,0,0,0,1,0,0,0,7,0,0,0,0,0,0,0,1,0,0,0
6038,1,1,1,0,1,0,0,25,152,75.37287211111708,1.0,1,6,0,0,0,0,0,0,1,0,6,0,0,0,0,0,0,1,0,0,0,7,0,0,0,0,0,0,0,1,0,0,1
6039,0,1,1,0,0,0,0,10,175,32.62828786348617,0.9999997707122548,1,4,0,0,0,0,1,0,0,0,9,0,0,0,0,0,0,0,0,0,1,7,0,0,0,0,0,0,0,1,0,0,0
6041,1,1,1,0,0,0,0,15,89,15.796992225131758,0.1760984581396472,0,6,0,0,0,0,0,0,1,0,6,0,0,0,0,0,0,1,0,0,0,7,0,0,0,0,0,0,0,1,0,0,1
6043,1,1,1,0,0,0,0,13,92,25.354399684525728,0.9996694426195188,1,6,0,0,0,0,0,0,1,0,6,0,0,0,0,0,0,1,0,0,0,7,0,0,0,0,0,0,0,1,0,0,1
6045,0,0,0,1,0,0,4,4,99,37.18527826064558,0.9999999975939472,1,6,0,0,0,0,0,0,1,0,6,0,0,0,0,0,0,1,0,0,0,7,0,0,0,0,0,0,0,1,0,0,1
6047,1,1,1,1,0,0,0,17,170,74.38257572422883,1.0,1,1,0,1,0,0,0,0,0,0,6,0,0,0,0,0,0,1,0,0,0,7,0,0,0,0,0,0,0,1,0,0,1
6048,1,1,1,0,0,0,0,14,118,29.362341013131342,0.9999939915696802,1,1,0,1,0,0,0,0,0,0,6,0,0,0,0,0,0,1,0,0,0,7,0,0,0,0,0,0,0,1,0,0,1
6049,1,1,0,1,0,0,0,1,113,37.666164260219496,0.9999999985124929,1,6,0,0,0,0,0,0,1,0,6,0,0,0,0,0,0,1,0,0,0,7,0,0,0,0,0,0,0,1,0,0,1
6050,1,0,0,1,0,0,0,2,62,16.890242796310954,0.38941849459960826,0,4,0,0,0,0,1,0,0,0,2,0,0,1,0,0,0,0,0,0,0,3,0,0,0,1,0,0,0,0,0,0,1
6051,1,1,1,0,0,0,0,14,177,56.01776275764516,1.0,1,2,0,0,1,0,0,0,0,0,6,0,0,0,0,0,0,1,0,0,0,7,0,0,0,0,0,0,0,1,0,0,1
6053,1,1,1,0,0,0,0,12,168,60.334617612071675,1.0,1,6,0,0,0,0,0,0,1,0,6,0,0,0,0,0,0,1,0,0,0,7,0,0,0,0,0,0,0,1,0,0,1
6055,1,1,0,1,0,3,0,10,152,59.099227964287046,1.0,1,2,0,0,1,0,0,0,0,0,6,0,0,0,0,0,0,1,0,0,0,7,0,0,0,0,0,0,0,1,0,0,1
6056,1,1,1,0,1,0,0,9,79,1.9368890652920776,2.044155021802858e-07,0,6,0,0,0,0,0,0,1,0,6,0,0,0,0,0,0,1,0,0,0,7,0,0,0,0,0,0,0,1,0,0,1
6057,1,1,1,0,1,0,0,16,125,20.86578926244251,0.9714127117179132,1,4,0,0,0,0,1,0,0,0,9,0,0,0,0,0,0,0,0,0,1,7,0,0,0,0,0,0,0,1,0,0,1
6058,1,1,1,0,0,1,1,23,161,21.916489964238142,0.9898138704021148,1,4,0,0,0,0,1,0,0,0,9,0,0,0,0,0,0,0,0,0,1,7,0,0,0,0,0,0,0,1,0,0,1
6059,1,0,0,1,0,0,2,9,151,157.15029997431668,1.0,1,4,0,0,0,0,1,0,0,0,9,0,0,0,0,0,0,0,0,0,1,7,0,0,0,0,0,0,0,1,0,0,1
6060,1,0,0,0,0,0,0,6,128,49.51551065068911,0.9999999999999892,1,6,0,0,0,0,0,0,1,0,6,0,0,0,0,0,0,1,0,0,0,7,0,0,0,0,0,0,0,1,0,0,1
6061,1,1,0,0,0,0,6,4,115,15.546116243072884,0.1425972232880416,0,1,0,1,0,0,0,0,0,0,6,0,0,0,0,0,0,1,0,0,0,7,0,0,0,0,0,0,0,1,0,0,1
6064,1,1,0,0,0,1,0,9,128,46.270541016692654,0.9999999999997272,1,6,0,0,0,0,0,0,1,0,6,0,0,0,0,0,0,1,0,0,0,7,0,0,0,0,0,0,0,1,0,0,1
6065,1,0,0,1,0,0,1,3,137,70.7855371805732,1.0,1,6,0,0,0,0,0,0,1,0,6,0,0,0,0,0,0,1,0,0,0,7,0,0,0,0,0,0,0,1,0,0,1
6066,0,0,0,0,0,1,0,2,49,3.2500571864368384,7.600029108813254e-07,0,6,0,0,0,0,0,0,1,0,6,0,0,0,0,0,0,1,0,0,0,7,0,0,0,0,0,0,0,1,0,0,0
6069,1,1,1,0,1,0,0,11,129,27.818803437564807,0.999971874433728,1,6,0,0,0,0,0,0,1,0,6,0,0,0,0,0,0,1,0,0,0,7,0,0,0,0,0,0,0,1,0,0,1
6070,1,1,1,1,0,0,0,17,153,32.23110261222939,0.999999658904368,1,6,0,0,0,0,0,0,1,0,6,0,0,0,0,0,0,1,0,0,0,7,0,0,0,0,0,0,0,1,0,0,1
6071,0,1,1,1,0,0,2,10,132,3.873622194057005,1.4178353883696683e-06,0,6,0,0,0,0,0,0,1,0,6,0,0,0,0,0,0,1,0,0,0,7,0,0,0,0,0,0,0,1,0,0,0
6072,1,1,1,0,0,0,0,14,166,63.538377827302526,1.0,1,4,0,0,0,0,1,0,0,0,9,0,0,0,0,0,0,0,0,0,1,7,0,0,0,0,0,0,0,1,0,0,1
6073,1,1,0,0,0,0,0,4,72,36.44716869663464,0.9999999949665928,1,1,0,1,0,0,0,0,0,0,7,0,0,0,0,0,0,0,1,0,0,6,0,0,0,0,0,0,1,0,0,0,1
6074,0,1,0,1,0,0,0,7,119,13.42774350766533,0.01960335523415462,0,4,0,0,0,0,1,0,0,0,9,0,0,0,0,0,0,0,0,0,1,7,0,0,0,0,0,0,0,1,0,0,1
6075,0,0,0,0,1,1,4,2,134,32.633880491735496,0.9999997719909964,1,5,0,0,0,0,0,1,0,0,1,0,1,0,0,0,0,0,0,0,0,7,0,0,0,0,0,0,0,1,0,0,1
6076,0,1,0,1,0,0,0,16,156,57.21864104407998,1.0,1,4,0,0,0,0,1,0,0,0,9,0,0,0,0,0,0,0,0,0,1,7,0,0,0,0,0,0,0,1,0,0,1
6078,1,1,1,0,0,0,0,15,124,16.438757311259458,0.2887951914168102,0,6,0,0,0,0,0,0,1,0,6,0,0,0,0,0,0,1,0,0,0,7,0,0,0,0,0,0,0,1,0,0,1
6083,0,1,1,0,1,0,1,38,161,57.878312803961535,1.0,1,4,0,0,0,0,1,0,0,0,9,0,0,0,0,0,0,0,0,0,1,7,0,0,0,0,0,0,0,1,0,0,0
6084,1,1,1,0,0,0,0,28,180,78.86572901100612,1.0,1,4,0,0,0,0,1,0,0,0,9,0,0,0,0,0,0,0,0,0,1,7,0,0,0,0,0,0,0,1,0,0,1
6085,0,0,1,0,0,0,0,12,78,4.436378649484634,2.4890141750103085e-06,0,2,0,0,1,0,0,0,0,0,6,0,0,0,0,0,0,1,0,0,0,7,0,0,0,0,0,0,0,1,0,0,0
6086,0,1,0,0,0,0,0,1,107,29.15409883602847,0.999992600559994,1,6,0,0,0,0,0,0,1,0,6,0,0,0,0,0,0,1,0,0,0,7,0,0,0,0,0,0,0,1,0,0,0
6087,0,0,0,0,0,0,0,4,124,48.97766256488092,0.9999999999999818,1,6,0,0,0,0,0,0,1,0,6,0,0,0,0,0,0,1,0,0,0,7,0,0,0,0,0,0,0,1,0,0,0
6088,0,0,0,0,1,1,0,3,110,27.905359440906853,0.9999742064277536,1,6,0,0,0,0,0,0,1,0,6,0,0,0,0,0,0,1,0,0,0,7,0,0,0,0,0,0,0,1,0,0,0
6090,0,0,0,0,0,0,0,5,130,57.950338266566064,1.0,1,1,0,1,0,0,0,0,0,0,6,0,0,0,0,0,0,1,0,0,0,7,0,0,0,0,0,0,0,1,0,0,0
6091,0,0,0,1,0,2,0,7,112,27.408189932830787,0.9999575944937272,1,6,0,0,0,0,0,0,1,0,6,0,0,0,0,0,0,1,0,0,0,7,0,0,0,0,0,0,0,1,0,0,0
6092,0,0,0,0,1,2,0,4,147,51.69994158845822,0.9999999999999988,1,0,1,0,0,0,0,0,0,0,6,0,0,0,0,0,0,1,0,0,0,7,0,0,0,0,0,0,0,1,0,0,0
6093,0,1,1,1,0,0,0,29,105,15.482093170697755,0.13494721463942294,0,1,0,1,0,0,0,0,0,0,7,0,0,0,0,0,0,0,1,0,0,6,0,0,0,0,0,0,1,0,0,0,0
6094,0,0,0,0,1,0,0,10,172,49.693120148197906,0.9999999999999912,1,6,0,0,0,0,0,0,1,0,6,0,0,0,0,0,0,1,0,0,0,7,0,0,0,0,0,0,0,1,0,0,0
6096,0,0,0,0,1,2,0,3,130,39.98268393012831,0.9999999998533078,1,6,0,0,0,0,0,0,1,0,6,0,0,0,0,0,0,1,0,0,0,7,0,0,0,0,0,0,0,1,0,0,0
6097,1,0,0,0,0,0,0,4,124,48.97766256488092,0.9999999999999818,1,6,0,0,0,0,0,0,1,0,6,0,0,0,0,0,0,1,0,0,0,7,0,0,0,0,0,0,0,1,0,0,0
6098,0,0,0,0,0,2,0,4,117,42.71817741516751,0.9999999999904852,1,6,0,0,0,0,0,0,1,0,6,0,0,0,0,0,0,1,0,0,0,7,0,0,0,0,0,0,0,1,0,0,0
6099,0,0,0,0,1,1,0,3,117,27.905359440906853,0.9999742064277536,1,6,0,0,0,0,0,0,1,0,6,0,0,0,0,0,0,1,0,0,0,7,0,0,0,0,0,0,0,1,0,0,0
6100,0,0,0,1,0,0,0,7,148,50.71931360798737,0.9999999999999968,1,4,0,0,0,0,1,0,0,0,9,0,0,0,0,0,0,0,0,0,1,7,0,0,0,0,0,0,0,1,0,0,0
6102,0,0,0,1,0,0,4,5,48,3.2544762933618814,7.633688742423684e-07,0,6,0,0,0,0,0,0,1,0,6,0,0,0,0,0,0,1,0,0,0,7,0,0,0,0,0,0,0,1,0,0,0
6103,0,1,0,1,0,0,4,9,68,7.100566104994509,3.573179578094853e-05,0,6,0,0,0,0,0,0,1,0,6,0,0,0,0,0,0,1,0,0,0,7,0,0,0,0,0,0,0,1,0,0,0
6104,0,0,0,0,0,0,0,4,104,17.57296976230955,0.5579804372372295,1,4,0,0,0,0,1,0,0,0,9,0,0,0,0,0,0,0,0,0,1,7,0,0,0,0,0,0,0,1,0,0,0
6105,0,0,0,0,1,0,23,5,174,41.08906947572128,0.9999999999514813,1,6,0,0,0,0,0,0,1,0,6,0,0,0,0,0,0,1,0,0,0,7,0,0,0,0,0,0,0,1,0,0,0
6106,0,0,0,1,0,0,0,8,164,68.84227012792059,1.0,1,4,0,0,0,0,1,0,0,0,9,0,0,0,0,0,0,0,0,0,1,7,0,0,0,0,0,0,0,1,0,0,0
6108,0,0,0,0,0,0,0,1,117,36.62698029562278,0.9999999957949528,1,4,0,0,0,0,1,0,0,0,9,0,0,0,0,0,0,0,0,0,1,4,0,0,0,0,1,0,0,0,0,0,0
6109,0,0,0,0,0,0,0,3,158,86.26766098788833,1.0,1,4,0,0,0,0,1,0,0,0,9,0,0,0,0,0,0,0,0,0,1,7,0,0,0,0,0,0,0,1,0,0,0
6110,0,0,0,0,1,2,0,3,130,39.98268393012831,0.9999999998533078,1,6,0,0,0,0,0,0,1,0,6,0,0,0,0,0,0,1,0,0,0,7,0,0,0,0,0,0,0,1,0,0,0
6111,0,0,0,0,0,0,0,4,124,48.97766256488092,0.9999999999999818,1,6,0,0,0,0,0,0,1,0,6,0,0,0,0,0,0,1,0,0,0,7,0,0,0,0,0,0,0,1,0,0,0
6112,1,0,0,0,1,1,0,3,110,27.905359440906853,0.9999742064277536,1,6,0,0,0,0,0,0,1,0,6,0,0,0,0,0,0,1,0,0,0,7,0,0,0,0,0,0,0,1,0,0,0
6113,0,0,0,0,1,2,0,4,124,50.88950195365817,0.9999999999999972,1,6,0,0,0,0,0,0,1,0,6,0,0,0,0,0,0,1,0,0,0,7,0,0,0,0,0,0,0,1,0,0,0
6115,0,1,1,0,0,1,0,14,168,16.286996308606373,0.2586487268999167,0,4,0,0,0,0,1,0,0,0,9,0,0,0,0,0,0,0,0,0,1,7,0,0,0,0,0,0,0,1,0,0,0
6116,0,0,0,0,1,1,23,3,144,27.905359440906853,0.9999742064277536,1,6,0,0,0,0,0,0,1,0,6,0,0,0,0,0,0,1,0,0,0,7,0,0,0,0,0,0,0,1,0,0,0
6118,0,0,0,0,0,0,0,4,124,48.97766256488092,0.9999999999999818,1,6,0,0,0,0,0,0,1,0,6,0,0,0,0,0,0,1,0,0,0,7,0,0,0,0,0,0,0,1,0,0,0
6119,0,0,0,0,0,2,0,4,117,42.71817741516751,0.9999999999904852,1,6,0,0,0,0,0,0,1,0,6,0,0,0,0,0,0,1,0,0,0,7,0,0,0,0,0,0,0,1,0,0,0
6120,1,0,0,1,0,1,0,8,143,34.60354681163784,0.999999968191963,1,4,0,0,0,0,1,0,0,0,9,0,0,0,0,0,0,0,0,0,1,7,0,0,0,0,0,0,0,1,0,0,0
6123,1,0,0,0,1,0,16,5,166,41.08906947572128,0.9999999999514813,1,6,0,0,0,0,0,0,1,0,6,0,0,0,0,0,0,1,0,0,0,7,0,0,0,0,0,0,0,1,0,0,0
6125,0,0,0,0,1,1,0,3,110,27.905359440906853,0.9999742064277536,1,6,0,0,0,0,0,0,1,0,6,0,0,0,0,0,0,1,0,0,0,7,0,0,0,0,0,0,0,1,0,0,0
6126,1,1,1,0,1,1,0,15,104,34.207981451624065,0.9999999527579522,1,6,0,0,0,0,0,0,1,0,6,0,0,0,0,0,0,1,0,0,0,7,0,0,0,0,0,0,0,1,0,0,0
6127,0,1,1,0,0,0,0,9,74,1.9225484669324155,2.0150498134046965e-07,0,4,0,0,0,0,1,0,0,0,9,0,0,0,0,0,0,0,0,0,1,7,0,0,0,0,0,0,0,1,0,0,0
6128,0,0,0,1,0,0,1,6,81,7.665381600607541,6.285492553597897e-05,0,4,0,0,0,0,1,0,0,0,9,0,0,0,0,0,0,0,0,0,1,7,0,0,0,0,0,0,0,1,0,0,0
6130,0,0,0,1,0,0,0,7,142,35.423046187513215,0.9999999859837184,1,4,0,0,0,0,1,0,0,0,9,0,0,0,0,0,0,0,0,0,1,7,0,0,0,0,0,0,0,1,0,0,0
6132,1,0,0,0,0,0,0,4,124,48.97766256488092,0.9999999999999818,1,6,0,0,0,0,0,0,1,0,6,0,0,0,0,0,0,1,0,0,0,7,0,0,0,0,0,0,0,1,0,0,0
6133,0,1,1,1,1,0,0,18,145,18.811662513313674,0.81330994835723,1,4,0,0,0,0,1,0,0,0,9,0,0,0,0,0,0,0,0,0,1,7,0,0,0,0,0,0,0,1,0,0,0
6134,1,0,0,0,1,2,0,5,133,59.84406597185536,1.0,1,1,0,1,0,0,0,0,0,0,6,0,0,0,0,0,0,1,0,0,0,7,0,0,0,0,0,0,0,1,0,0,0
6135,1,1,1,0,0,0,0,23,106,63.12763519037207,1.0,1,4,0,0,0,0,1,0,0,0,9,0,0,0,0,0,0,0,0,0,1,7,0,0,0,0,0,0,0,1,0,0,1
6137,0,0,0,0,1,0,0,7,165,37.91603969945346,0.999999998841384,1,6,0,0,0,0,0,0,1,0,6,0,0,0,0,0,0,1,0,0,0,7,0,0,0,0,0,0,0,1,0,0,0
6138,1,1,1,0,0,0,0,17,143,79.71217358052195,1.0,1,6,0,0,0,0,0,0,1,0,6,0,0,0,0,0,0,1,0,0,0,7,0,0,0,0,0,0,0,1,0,0,1
6140,1,0,1,1,0,0,0,7,159,220.90244274572598,1.0,1,4,0,0,0,0,1,0,0,0,9,0,0,0,0,0,0,0,0,0,1,5,0,0,0,0,0,1,0,0,0,0,0
6141,0,1,1,0,0,0,0,11,119,39.437222054840774,0.9999999997468964,1,4,0,0,0,0,1,0,0,0,9,0,0,0,0,0,0,0,0,0,1,7,0,0,0,0,0,0,0,1,0,0,0
6145,0,1,1,0,0,0,0,9,127,23.785335950206264,0.9984146064434771,1,6,0,0,0,0,0,0,1,0,6,0,0,0,0,0,0,1,0,0,0,7,0,0,0,0,0,0,0,1,0,0,0
6146,0,1,1,0,0,1,0,22,95,3.9069008625086767,1.4658128787943485e-06,0,6,0,0,0,0,0,0,1,0,6,0,0,0,0,0,0,1,0,0,0,7,0,0,0,0,0,0,0,1,0,0,0
6147,1,1,1,0,0,0,0,18,130,46.71096839707296,0.9999999999998244,1,6,0,0,0,0,0,0,1,0,6,0,0,0,0,0,0,1,0,0,0,7,0,0,0,0,0,0,0,1,0,0,1
6148,1,1,1,1,1,0,0,30,137,47.7815986850091,0.9999999999999398,1,0,1,0,0,0,0,0,0,0,5,0,0,0,0,0,1,0,0,0,0,7,0,0,0,0,0,0,0,1,0,0,1
6150,1,1,1,0,0,0,0,20,103,29.536504745833373,0.999994951956391,1,0,1,0,0,0,0,0,0,0,5,0,0,0,0,0,1,0,0,0,0,7,0,0,0,0,0,0,0,1,0,0,1
6151,1,1,1,0,0,0,0,22,117,42.83902627663598,0.9999999999915684,1,6,0,0,0,0,0,0,1,0,6,0,0,0,0,0,0,1,0,0,0,7,0,0,0,0,0,0,0,1,0,0,1
6152,1,0,1,0,0,0,0,19,166,86.74575218780839,1.0,1,0,1,0,0,0,0,0,0,0,5,0,0,0,0,0,1,0,0,0,0,7,0,0,0,0,0,0,0,1,0,0,1
6153,0,0,0,1,0,0,0,0,170,59.67034329778315,1.0,1,6,0,0,0,0,0,0,1,0,6,0,0,0,0,0,0,1,0,0,0,7,0,0,0,0,0,0,0,1,0,0,0
6154,1,1,1,0,0,0,0,20,127,41.83394260623282,0.9999999999769636,1,0,1,0,0,0,0,0,0,0,5,0,0,0,0,0,1,0,0,0,0,7,0,0,0,0,0,0,0,1,0,0,1
6156,1,1,1,1,0,0,0,17,144,47.92651690754396,0.999999999999948,1,6,0,0,0,0,0,0,1,0,6,0,0,0,0,0,0,1,0,0,0,7,0,0,0,0,0,0,0,1,0,0,1
6159,0,1,1,0,0,0,0,19,99,26.77254296473627,0.9999199310994308,1,0,1,0,0,0,0,0,0,0,5,0,0,0,0,0,1,0,0,0,0,7,0,0,0,0,0,0,0,1,0,0,1
6160,0,0,1,0,0,0,2,10,105,29.274179378384947,0.9999934378084996,1,6,0,0,0,0,0,0,1,0,6,0,0,0,0,0,0,1,0,0,0,7,0,0,0,0,0,0,0,1,0,0,1
6162,0,1,1,0,1,0,0,17,148,12.764791151532831,0.010199054392774564,0,4,0,0,0,0,1,0,0,0,9,0,0,0,0,0,0,0,0,0,1,7,0,0,0,0,0,0,0,1,0,0,1
6163,0,1,1,0,0,0,0,10,127,23.785335950206264,0.9984146064434771,1,6,0,0,0,0,0,0,1,0,6,0,0,0,0,0,0,1,0,0,0,7,0,0,0,0,0,0,0,1,0,0,0
6164,1,1,1,0,0,0,0,26,140,23.16534672601692,0.9970569068491968,1,0,1,0,0,0,0,0,0,0,5,0,0,0,0,0,1,0,0,0,0,7,0,0,0,0,0,0,0,1,0,0,1
6165,1,1,1,0,0,0,0,10,109,58.46921270653799,1.0,1,6,0,0,0,0,0,0,1,0,6,0,0,0,0,0,0,1,0,0,0,7,0,0,0,0,0,0,0,1,0,0,1
6166,0,1,0,1,0,0,0,2,90,23.997822411562943,0.998717707166419,1,6,0,0,0,0,0,0,1,0,6,0,0,0,0,0,0,1,0,0,0,7,0,0,0,0,0,0,0,1,0,0,0
6167,0,1,1,0,0,1,0,11,67,4.138609103361416,1.848025576642823e-06,0,5,0,0,0,0,0,1,0,0,1,0,1,0,0,0,0,0,0,0,0,7,0,0,0,0,0,0,0,1,0,0,0
6169,0,1,1,0,0,0,0,19,129,70.5887377926727,1.0,1,0,1,0,0,0,0,0,0,0,5,0,0,0,0,0,1,0,0,0,0,7,0,0,0,0,0,0,0,1,0,0,1
6170,1,0,0,0,1,0,0,18,93,47.90784621720131,0.9999999999999468,1,6,0,0,0,0,0,0,1,0,6,0,0,0,0,0,0,1,0,0,0,7,0,0,0,0,0,0,0,1,0,0,1
6171,1,1,1,0,0,0,0,24,124,50.01201421452136,0.9999999999999936,1,0,1,0,0,0,0,0,0,0,5,0,0,0,0,0,1,0,0,0,0,7,0,0,0,0,0,0,0,1,0,0,1
6173,0,1,1,0,0,0,0,8,52,1.6889829093202593,1.5953264732996414e-07,0,1,0,1,0,0,0,0,0,0,4,0,0,0,0,1,0,0,0,0,0,7,0,0,0,0,0,0,0,1,0,0,0
6174,0,1,1,0,0,0,0,19,156,91.0736375435782,1.0,1,6,0,0,0,0,0,0,1,0,6,0,0,0,0,0,0,1,0,0,0,7,0,0,0,0,0,0,0,1,0,0,1
6175,0,1,0,1,0,0,0,7,135,26.907548832483698,0.9999300422306312,1,6,0,0,0,0,0,0,1,0,6,0,0,0,0,0,0,1,0,0,0,7,0,0,0,0,0,0,0,1,0,0,0
6178,1,0,1,0,0,0,0,23,110,47.65031212191187,0.9999999999999314,1,4,0,0,0,0,1,0,0,0,9,0,0,0,0,0,0,0,0,0,1,2,0,0,1,0,0,0,0,0,0,0,1
6181,1,1,1,0,0,0,0,10,109,58.46921270653799,1.0,1,6,0,0,0,0,0,0,1,0,6,0,0,0,0,0,0,1,0,0,0,7,0,0,0,0,0,0,0,1,0,0,1
6183,0,0,1,0,0,0,0,26,149,110.50190484658009,1.0,1,0,1,0,0,0,0,0,0,0,5,0,0,0,0,0,1,0,0,0,0,7,0,0,0,0,0,0,0,1,0,0,1
6184,0,1,0,1,0,3,0,13,141,39.31981357049078,0.999999999715365,1,4,0,0,0,0,1,0,0,0,9,0,0,0,0,0,0,0,0,0,1,7,0,0,0,0,0,0,0,1,0,0,0
6185,1,1,1,0,0,0,1,18,116,29.509200613927412,0.999994812225726,1,6,0,0,0,0,0,0,1,0,6,0,0,0,0,0,0,1,0,0,0,7,0,0,0,0,0,0,0,1,0,0,1
6187,1,1,1,0,0,0,0,10,161,53.40865574498639,0.9999999999999998,1,7,0,0,0,0,0,0,0,1,0,1,0,0,0,0,0,0,0,0,0,7,0,0,0,0,0,0,0,1,0,0,1
6188,0,1,1,0,0,0,0,19,160,33.876824740545786,0.9999999342117646,1,1,0,1,0,0,0,0,0,0,6,0,0,0,0,0,0,1,0,0,0,7,0,0,0,0,0,0,0,1,0,0,1
6191,1,1,1,0,0,0,0,17,132,11.006008095596476,0.0017717894306718109,0,4,0,0,0,0,1,0,0,0,9,0,0,0,0,0,0,0,0,0,1,7,0,0,0,0,0,0,0,1,0,0,0
6192,0,1,1,0,0,0,0,12,134,48.64877292261611,0.9999999999999748,1,4,0,0,0,0,1,0,0,0,9,0,0,0,0,0,0,0,0,0,1,0,1,0,0,0,0,0,0,0,0,0,1
6193,0,1,1,0,0,0,0,20,130,11.006008095596476,0.0017717894306718109,0,4,0,0,0,0,1,0,0,0,9,0,0,0,0,0,0,0,0,0,1,7,0,0,0,0,0,0,0,1,0,0,0
6195,1,1,1,1,0,0,0,17,114,25.414786849119018,0.9996888072585404,1,6,0,0,0,0,0,0,1,0,6,0,0,0,0,0,0,1,0,0,0,7,0,0,0,0,0,0,0,1,0,0,1
6196,1,1,1,0,0,0,0,10,79,20.743164337599712,0.9678032824343556,1,6,0,0,0,0,0,0,1,0,6,0,0,0,0,0,0,1,0,0,0,7,0,0,0,0,0,0,0,1,0,0,1
6197,1,0,1,1,0,0,0,15,158,87.57304036438074,1.0,1,4,0,0,0,0,1,0,0,0,9,0,0,0,0,0,0,0,0,0,1,9,0,0,0,0,0,0,0,0,0,1,1
6198,1,1,1,0,0,0,0,11,80,13.68640094915704,0.025243990863599512,0,6,0,0,0,0,0,0,1,0,6,0,0,0,0,0,0,1,0,0,0,7,0,0,0,0,0,0,0,1,0,0,1
6199,1,1,1,0,0,0,0,17,134,13.202804001991826,0.015716605988077233,0,4,0,0,0,0,1,0,0,0,9,0,0,0,0,0,0,0,0,0,1,7,0,0,0,0,0,0,0,1,0,0,0
6200,0,1,1,0,0,0,0,17,125,9.697933010847095,0.0004796054795241255,0,4,0,0,0,0,1,0,0,0,2,0,0,1,0,0,0,0,0,0,0,7,0,0,0,0,0,0,0,1,0,0,0
6201,1,1,1,0,0,0,0,7,79,20.743164337599712,0.9678032824343556,1,6,0,0,0,0,0,0,1,0,6,0,0,0,0,0,0,1,0,0,0,7,0,0,0,0,0,0,0,1,0,0,1
6202,0,1,1,0,0,0,0,22,113,4.115570393930734,1.8059362330037896e-06,0,6,0,0,0,0,0,0,1,0,6,0,0,0,0,0,0,1,0,0,0,7,0,0,0,0,0,0,0,1,0,0,0
6203,0,1,1,0,0,1,0,18,127,11.145082447231207,0.002035619168569132,0,6,0,0,0,0,0,0,1,0,6,0,0,0,0,0,0,1,0,0,0,7,0,0,0,0,0,0,0,1,0,0,0
6206,0,1,1,0,0,0,0,15,118,8.282599105060838,0.00011651186861828084,0,6,0,0,0,0,0,0,1,0,6,0,0,0,0,0,0,1,0,0,0,7,0,0,0,0,0,0,0,1,0,0,0
6207,0,1,1,0,0,0,0,19,134,13.718096917208323,0.026035773387350948,0,4,0,0,0,0,1,0,0,0,9,0,0,0,0,0,0,0,0,0,1,7,0,0,0,0,0,0,0,1,0,0,0
6208,1,0,0,0,0,0,0,6,86,28.744942254184647,0.9999888598336892,1,6,0,0,0,0,0,0,1,0,6,0,0,0,0,0,0,1,0,0,0,7,0,0,0,0,0,0,0,1,0,0,1
6211,0,1,1,0,0,0,0,14,143,54.824969763113934,1.0,1,6,0,0,0,0,0,0,1,0,6,0,0,0,0,0,0,1,0,0,0,7,0,0,0,0,0,0,0,1,0,0,1
6213,1,0,1,0,1,0,0,15,103,14.909974054399596,0.0809115377535226,0,7,0,0,0,0,0,0,0,1,6,0,0,0,0,0,0,1,0,0,0,7,0,0,0,0,0,0,0,1,0,0,1
6215,1,1,1,0,0,0,0,9,123,18.12374248721908,0.6864861445634248,1,6,0,0,0,0,0,0,1,0,6,0,0,0,0,0,0,1,0,0,0,7,0,0,0,0,0,0,0,1,0,0,1
6216,1,1,1,0,0,0,0,15,118,21.43066647405815,0.9835471437024841,1,0,1,0,0,0,0,0,0,0,6,0,0,0,0,0,0,1,0,0,0,7,0,0,0,0,0,0,0,1,0,0,1
6217,0,1,1,0,0,0,0,12,124,30.40232583431832,0.9999978762516863,1,4,0,0,0,0,1,0,0,0,9,0,0,0,0,0,0,0,0,0,1,0,1,0,0,0,0,0,0,0,0,0,1
6218,1,1,1,0,0,0,0,9,79,20.743164337599712,0.9678032824343556,1,6,0,0,0,0,0,0,1,0,6,0,0,0,0,0,0,1,0,0,0,7,0,0,0,0,0,0,0,1,0,0,1
6219,1,0,1,0,0,0,0,18,124,30.40232583431832,0.9999978762516863,1,4,0,0,0,0,1,0,0,0,9,0,0,0,0,0,0,0,0,0,1,0,1,0,0,0,0,0,0,0,0,0,1
6220,0,1,1,0,0,0,0,13,113,17.77279068927591,0.6065398619963054,1,6,0,0,0,0,0,0,1,0,6,0,0,0,0,0,0,1,0,0,0,7,0,0,0,0,0,0,0,1,0,0,1
6222,1,1,1,0,1,0,0,10,116,32.203499509400395,0.9999996493579238,1,4,0,0,0,0,1,0,0,0,9,0,0,0,0,0,0,0,0,0,1,0,1,0,0,0,0,0,0,0,0,0,1
6223,1,1,1,0,0,0,0,13,113,17.77279068927591,0.6065398619963054,1,6,0,0,0,0,0,0,1,0,6,0,0,0,0,0,0,1,0,0,0,7,0,0,0,0,0,0,0,1,0,0,1
6224,0,1,1,1,0,0,0,11,127,10.180824436924144,0.0007770911096163891,0,6,0,0,0,0,0,0,1,0,6,0,0,0,0,0,0,1,0,0,0,7,0,0,0,0,0,0,0,1,0,0,0
6226,0,0,0,1,0,0,0,8,119,26.580980878567985,0.9999030269890959,1,6,0,0,0,0,0,0,1,0,6,0,0,0,0,0,0,1,0,0,0,7,0,0,0,0,0,0,0,1,0,0,0
6227,0,1,1,0,0,0,0,19,124,7.003514824821088,3.2427050135659635e-05,0,6,0,0,0,0,0,0,1,0,6,0,0,0,0,0,0,1,0,0,0,7,0,0,0,0,0,0,0,1,0,0,0
6230,1,0,0,0,0,0,0,5,86,31.737497710284963,0.9999994412134444,1,6,0,0,0,0,0,0,1,0,6,0,0,0,0,0,0,1,0,0,0,7,0,0,0,0,0,0,0,1,0,0,1
6232,0,1,1,0,0,0,0,16,129,13.777510402291329,0.027585561262702733,0,4,0,0,0,0,1,0,0,0,9,0,0,0,0,0,0,0,0,0,1,7,0,0,0,0,0,0,0,1,0,0,0
6233,0,0,0,0,0,0,1,12,97,10.866390602405566,0.0015412648762853105,0,6,0,0,0,0,0,0,1,0,6,0,0,0,0,0,0,1,0,0,0,7,0,0,0,0,0,0,0,1,0,0,0
6234,1,1,1,0,0,0,0,10,112,38.1786497776813,0.999999999108976,1,6,0,0,0,0,0,0,1,0,6,0,0,0,0,0,0,1,0,0,0,7,0,0,0,0,0,0,0,1,0,0,1
6240,1,1,1,0,0,0,0,10,84,18.32590923524093,0.728279162917735,1,6,0,0,0,0,0,0,1,0,6,0,0,0,0,0,0,1,0,0,0,7,0,0,0,0,0,0,0,1,0,0,1
6241,0,0,1,1,0,0,0,7,138,38.33617931979703,0.9999999992388412,1,4,0,0,0,0,1,0,0,0,9,0,0,0,0,0,0,0,0,0,1,7,0,0,0,0,0,0,0,1,0,0,0
6243,0,1,1,0,1,0,0,10,147,22.24504018488611,0.9926453463565088,1,5,0,0,0,0,0,1,0,0,1,0,1,0,0,0,0,0,0,0,0,7,0,0,0,0,0,0,0,1,0,0,0
6244,1,1,1,0,1,0,0,6,138,23.60579469034837,0.998103401176798,1,1,0,1,0,0,0,0,0,0,6,0,0,0,0,0,0,1,0,0,0,7,0,0,0,0,0,0,0,1,0,0,0
6245,0,1,1,0,1,0,0,9,149,22.24504018488611,0.9926453463565088,1,5,0,0,0,0,0,1,0,0,1,0,1,0,0,0,0,0,0,0,0,7,0,0,0,0,0,0,0,1,0,0,0
6246,0,1,1,0,1,0,0,6,135,22.323270238745536,0.9931950057817908,1,1,0,1,0,0,0,0,0,0,6,0,0,0,0,0,0,1,0,0,0,7,0,0,0,0,0,0,0,1,0,0,0
6247,1,1,1,0,0,0,0,17,136,37.97845829683065,0.9999999989114924,1,6,0,0,0,0,0,0,1,0,6,0,0,0,0,0,0,1,0,0,0,7,0,0,0,0,0,0,0,1,0,0,1
6248,0,1,1,0,1,0,0,10,149,24.417699289619733,0.9991569991957662,1,1,0,1,0,0,0,0,0,0,6,0,0,0,0,0,0,1,0,0,0,7,0,0,0,0,0,0,0,1,0,0,0
6253,0,1,1,0,1,0,0,7,134,21.679074377027177,0.98711947216467,1,2,0,0,1,0,0,0,0,0,6,0,0,0,0,0,0,1,0,0,0,7,0,0,0,0,0,0,0,1,0,0,0
6254,1,1,1,0,0,0,0,14,97,18.32590923524093,0.728279162917735,1,2,0,0,1,0,0,0,0,0,6,0,0,0,0,0,0,1,0,0,0,7,0,0,0,0,0,0,0,1,0,0,1
6255,0,1,1,0,1,0,0,10,142,23.685678150612087,0.9982487595722028,1,6,0,0,0,0,0,0,1,0,6,0,0,0,0,0,0,1,0,0,0,7,0,0,0,0,0,0,0,1,0,0,0
6256,0,1,1,0,1,0,0,7,136,22.63579490381474,0.9950123728863952,1,7,0,0,0,0,0,0,0,1,6,0,0,0,0,0,0,1,0,0,0,7,0,0,0,0,0,0,0,1,0,0,0
6257,0,1,1,1,0,0,0,14,124,21.316583137515927,0.9815954824475194,1,6,0,0,0,0,0,0,1,0,6,0,0,0,0,0,0,1,0,0,0,7,0,0,0,0,0,0,0,1,0,0,0
6258,1,1,1,0,0,0,0,26,158,71.29043997114515,1.0,1,6,0,0,0,0,0,0,1,0,6,0,0,0,0,0,0,1,0,0,0,7,0,0,0,0,0,0,0,1,0,0,1
6259,1,1,1,0,1,0,0,7,130,19.438729183766284,0.8907796008229739,1,6,0,0,0,0,0,0,1,0,6,0,0,0,0,0,0,1,0,0,0,7,0,0,0,0,0,0,0,1,0,0,0
6261,0,1,1,0,1,0,0,9,136,22.279255415301208,0.9928909725609312,1,2,0,0,1,0,0,0,0,0,6,0,0,0,0,0,0,1,0,0,0,7,0,0,0,0,0,0,0,1,0,0,0
6262,0,1,1,0,1,0,0,8,130,19.438729183766284,0.8907796008229739,1,6,0,0,0,0,0,0,1,0,6,0,0,0,0,0,0,1,0,0,0,7,0,0,0,0,0,0,0,1,0,0,0
6263,0,0,0,0,0,0,0,3,141,52.81964633143056,0.9999999999999996,1,6,0,0,0,0,0,0,1,0,6,0,0,0,0,0,0,1,0,0,0,7,0,0,0,0,0,0,0,1,0,0,0
6265,0,1,1,0,1,0,0,7,135,22.77081571130723,0.9956395746586729,1,1,0,1,0,0,0,0,0,0,6,0,0,0,0,0,0,1,0,0,0,7,0,0,0,0,0,0,0,1,0,0,0
6267,0,1,1,0,1,0,0,7,135,22.323270238745536,0.9931950057817908,1,1,0,1,0,0,0,0,0,0,6,0,0,0,0,0,0,1,0,0,0,7,0,0,0,0,0,0,0,1,0,0,0
6268,1,0,1,1,0,0,0,13,102,24.849609193746964,0.999452504786562,1,6,0,0,0,0,0,0,1,0,6,0,0,0,0,0,0,1,0,0,0,7,0,0,0,0,0,0,0,1,0,0,1
6269,1,1,1,0,0,0,0,15,128,41.077218030096205,0.9999999999509028,1,6,0,0,0,0,0,0,1,0,6,0,0,0,0,0,0,1,0,0,0,7,0,0,0,0,0,0,0,1,0,0,1
6271,1,1,0,1,0,0,0,7,106,44.2991929808402,0.9999999999980422,1,6,0,0,0,0,0,0,1,0,6,0,0,0,0,0,0,1,0,0,0,7,0,0,0,0,0,0,0,1,0,0,1
6272,0,1,1,0,1,0,0,6,136,22.63579490381474,0.9950123728863952,1,7,0,0,0,0,0,0,0,1,6,0,0,0,0,0,0,1,0,0,0,7,0,0,0,0,0,0,0,1,0,0,0
6273,0,0,0,0,0,0,0,6,175,88.27502356916979,1.0,1,6,0,0,0,0,0,0,1,0,6,0,0,0,0,0,0,1,0,0,0,7,0,0,0,0,0,0,0,1,0,0,0
6274,1,1,1,0,1,0,0,7,130,19.438729183766284,0.8907796008229739,1,6,0,0,0,0,0,0,1,0,6,0,0,0,0,0,0,1,0,0,0,7,0,0,0,0,0,0,0,1,0,0,0
6276,1,1,1,0,1,0,0,8,135,23.011470814955263,0.996569014358088,1,1,0,1,0,0,0,0,0,0,6,0,0,0,0,0,0,1,0,0,0,7,0,0,0,0,0,0,0,1,0,0,0
6277,1,1,1,0,0,0,0,14,92,22.28476014888396,0.9929297224280104,1,1,0,1,0,0,0,0,0,0,6,0,0,0,0,0,0,1,0,0,0,7,0,0,0,0,0,0,0,1,0,0,1
6278,1,1,1,0,1,0,0,14,121,29.028601372262912,0.9999916111721994,1,0,1,0,0,0,0,0,0,0,6,0,0,0,0,0,0,1,0,0,0,7,0,0,0,0,0,0,0,1,0,0,1
6281,1,1,1,0,0,0,0,13,84,18.32590923524093,0.728279162917735,1,6,0,0,0,0,0,0,1,0,6,0,0,0,0,0,0,1,0,0,0,7,0,0,0,0,0,0,0,1,0,0,1
6282,0,1,1,0,1,4,0,19,132,16.66809958474284,0.3380714367221997,0,6,0,0,0,0,0,0,1,0,6,0,0,0,0,0,0,1,0,0,0,7,0,0,0,0,0,0,0,1,0,0,0
6283,1,1,1,0,1,0,0,8,130,19.438729183766284,0.8907796008229739,1,6,0,0,0,0,0,0,1,0,6,0,0,0,0,0,0,1,0,0,0,7,0,0,0,0,0,0,0,1,0,0,0
6292,1,1,1,0,0,0,0,22,125,45.67129420895002,0.9999999999995036,1,6,0,0,0,0,0,0,1,0,6,0,0,0,0,0,0,1,0,0,0,7,0,0,0,0,0,0,0,1,0,0,1
6293,0,0,1,0,0,0,0,17,176,14.96420017263514,0.0850367933513486,0,4,0,0,0,0,1,0,0,0,9,0,0,0,0,0,0,0,0,0,1,7,0,0,0,0,0,0,0,1,0,0,1
6294,0,0,0,0,0,0,2,2,79,23.16898429861435,0.9970675617795558,1,6,0,0,0,0,0,0,1,0,6,0,0,0,0,0,0,1,0,0,0,7,0,0,0,0,0,0,0,1,0,0,0
6296,0,0,0,0,0,0,0,4,142,54.95597122495304,1.0,1,6,0,0,0,0,0,0,1,0,6,0,0,0,0,0,0,1,0,0,0,7,0,0,0,0,0,0,0,1,0,0,0
6297,1,1,1,0,0,0,0,11,145,114.93646949701224,1.0,1,4,0,0,0,0,1,0,0,0,9,0,0,0,0,0,0,0,0,0,1,7,0,0,0,0,0,0,0,1,0,0,1
6299,1,1,1,0,0,0,0,12,101,23.608732611804772,0.9981089545364972,1,6,0,0,0,0,0,0,1,0,6,0,0,0,0,0,0,1,0,0,0,7,0,0,0,0,0,0,0,1,0,0,1
6300,0,0,0,0,0,0,0,3,54,9.52392123387706,0.00040303712265655963,0,4,0,0,0,0,1,0,0,0,9,0,0,0,0,0,0,0,0,0,1,7,0,0,0,0,0,0,0,1,0,0,0
6301,0,0,1,0,0,0,1,15,105,8.74004132664484,0.0001840795107945197,0,4,0,0,0,0,1,0,0,0,9,0,0,0,0,0,0,0,0,0,1,7,0,0,0,0,0,0,0,1,0,0,1
6302,0,1,0,1,0,0,0,1,126,27.11082299321139,0.9999429099141904,1,6,0,0,0,0,0,0,1,0,6,0,0,0,0,0,0,1,0,0,0,7,0,0,0,0,0,0,0,1,0,0,0
6303,1,0,1,0,0,0,0,11,116,72.98930496007672,1.0,1,6,0,0,0,0,0,0,1,0,6,0,0,0,0,0,0,1,0,0,0,7,0,0,0,0,0,0,0,1,0,0,1
6304,0,0,0,0,0,0,0,1,53,9.604659931308634,0.00043691273368309536,0,6,0,0,0,0,0,0,1,0,6,0,0,0,0,0,0,1,0,0,0,7,0,0,0,0,0,0,0,1,0,0,0
6305,0,0,0,0,0,0,1,2,145,105.68918044667272,1.0,1,6,0,0,0,0,0,0,1,0,6,0,0,0,0,0,0,1,0,0,0,7,0,0,0,0,0,0,0,1,0,0,0
6306,0,0,0,0,0,0,4,45,72,81.87775848617055,1.0,1,6,0,0,0,0,0,0,1,0,6,0,0,0,0,0,0,1,0,0,0,7,0,0,0,0,0,0,0,1,0,0,0
6310,1,1,1,0,0,0,0,12,94,28.880336012920306,0.9999902704775436,1,6,0,0,0,0,0,0,1,0,6,0,0,0,0,0,0,1,0,0,0,7,0,0,0,0,0,0,0,1,0,0,1
6311,1,0,0,1,0,0,0,8,129,104.75971755754,1.0,1,6,0,0,0,0,0,0,1,0,6,0,0,0,0,0,0,1,0,0,0,7,0,0,0,0,0,0,0,1,0,0,1
6312,1,1,1,0,0,0,0,10,145,121.31062726889463,1.0,1,6,0,0,0,0,0,0,1,0,6,0,0,0,0,0,0,1,0,0,0,7,0,0,0,0,0,0,0,1,0,0,1
6314,1,1,1,0,0,0,0,10,109,50.82740960318789,0.9999999999999972,1,1,0,1,0,0,0,0,0,0,6,0,0,0,0,0,0,1,0,0,0,7,0,0,0,0,0,0,0,1,0,0,1
6315,1,0,0,0,0,0,1,8,144,104.92268998254634,1.0,1,6,0,0,0,0,0,0,1,0,6,0,0,0,0,0,0,1,0,0,0,7,0,0,0,0,0,0,0,1,0,0,1
6317,1,0,1,0,0,0,0,11,116,72.98930496007672,1.0,1,6,0,0,0,0,0,0,1,0,6,0,0,0,0,0,0,1,0,0,0,7,0,0,0,0,0,0,0,1,0,0,1
6318,0,0,0,0,0,0,2,7,78,23.851787648026274,0.9985163831672156,1,6,0,0,0,0,0,0,1,0,6,0,0,0,0,0,0,1,0,0,0,7,0,0,0,0,0,0,0,1,0,0,0
6320,0,0,0,0,0,0,1,6,158,55.51216273385289,1.0,1,5,0,0,0,0,0,1,0,0,1,0,1,0,0,0,0,0,0,0,0,7,0,0,0,0,0,0,0,1,0,0,0
6322,1,1,1,1,0,0,0,10,157,71.43051550989931,1.0,1,4,0,0,0,0,1,0,0,0,9,0,0,0,0,0,0,0,0,0,1,1,0,1,0,0,0,0,0,0,0,0,1
6323,0,0,0,0,0,0,0,2,123,29.635585266037868,0.9999954281372764,1,6,0,0,0,0,0,0,1,0,6,0,0,0,0,0,0,1,0,0,0,7,0,0,0,0,0,0,0,1,0,0,0
6325,1,0,0,0,0,0,2,1,121,77.4896730347464,1.0,1,6,0,0,0,0,0,0,1,0,6,0,0,0,0,0,0,1,0,0,0,7,0,0,0,0,0,0,0,1,0,0,0
6326,1,0,0,1,0,0,0,4,98,42.78117153212331,0.9999999999910658,1,1,0,1,0,0,0,0,0,0,6,0,0,0,0,0,0,1,0,0,0,7,0,0,0,0,0,0,0,1,0,0,0
6328,1,1,1,0,1,0,0,31,144,61.100896336330564,1.0,1,5,0,0,0,0,0,1,0,0,1,0,1,0,0,0,0,0,0,0,0,7,0,0,0,0,0,0,0,1,0,0,1
6329,1,0,0,0,0,0,0,3,80,40.05183006989394,0.9999999998631082,1,6,0,0,0,0,0,0,1,0,6,0,0,0,0,0,0,1,0,0,0,7,0,0,0,0,0,0,0,1,0,0,1
6330,0,0,0,0,0,1,0,7,91,14.191046769174655,0.04113254364023091,0,4,0,0,0,0,1,0,0,0,9,0,0,0,0,0,0,0,0,0,1,7,0,0,0,0,0,0,0,1,0,0,0
6331,0,1,1,0,0,0,0,12,161,29.783723431576885,0.9999960576255896,1,4,0,0,0,0,1,0,0,0,9,0,0,0,0,0,0,0,0,0,1,9,0,0,0,0,0,0,0,0,0,1,1
6332,0,0,0,1,0,0,1,1,52,3.8720865456330604,1.4156597656957312e-06,0,6,0,0,0,0,0,0,1,0,6,0,0,0,0,0,0,1,0,0,0,7,0,0,0,0,0,0,0,1,0,0,1
6334,0,1,1,0,0,0,0,18,164,16.060486643766055,0.21763307249842864,0,4,0,0,0,0,1,0,0,0,9,0,0,0,0,0,0,0,0,0,1,7,0,0,0,0,0,0,0,1,0,0,0
6335,1,1,1,0,0,0,0,20,158,69.19827790110838,1.0,1,6,0,0,0,0,0,0,1,0,6,0,0,0,0,0,0,1,0,0,0,7,0,0,0,0,0,0,0,1,0,0,1
6336,1,1,1,0,1,0,0,7,141,78.82286453324134,1.0,1,1,0,1,0,0,0,0,0,0,6,0,0,0,0,0,0,1,0,0,0,7,0,0,0,0,0,0,0,1,0,0,1
6337,1,1,1,0,1,0,0,9,149,88.15778638932652,1.0,1,4,0,0,0,0,1,0,0,0,9,0,0,0,0,0,0,0,0,0,1,7,0,0,0,0,0,0,0,1,0,0,1
6338,1,1,1,1,1,0,0,21,150,21.8494146826021,0.9891148898941152,1,6,0,0,0,0,0,0,1,0,6,0,0,0,0,0,0,1,0,0,0,7,0,0,0,0,0,0,0,1,0,0,1
6339,1,1,1,0,0,0,0,12,148,80.94070365415833,1.0,1,6,0,0,0,0,0,0,1,0,6,0,0,0,0,0,0,1,0,0,0,7,0,0,0,0,0,0,0,1,0,0,1
6340,1,0,0,0,0,0,0,4,171,96.09343840752287,1.0,1,6,0,0,0,0,0,0,1,0,6,0,0,0,0,0,0,1,0,0,0,7,0,0,0,0,0,0,0,1,0,0,1
6341,0,1,0,0,0,0,0,1,123,8.015420762804629,8.919652846387512e-05,0,6,0,0,0,0,0,0,1,0,6,0,0,0,0,0,0,1,0,0,0,7,0,0,0,0,0,0,0,1,0,0,0
6342,1,1,1,0,0,0,0,16,122,31.824367242524648,0.999999487706306,1,6,0,0,0,0,0,0,1,0,6,0,0,0,0,0,0,1,0,0,0,7,0,0,0,0,0,0,0,1,0,0,1
6343,0,1,0,0,0,0,0,7,76,14.262388187977125,0.04404025038462271,0,1,0,1,0,0,0,0,0,0,6,0,0,0,0,0,0,1,0,0,0,7,0,0,0,0,0,0,0,1,0,0,0
6344,1,1,1,0,1,0,0,8,145,78.39869534834752,1.0,1,4,0,0,0,0,1,0,0,0,9,0,0,0,0,0,0,0,0,0,1,7,0,0,0,0,0,0,0,1,0,0,1
6345,1,1,1,0,1,0,0,8,136,71.15002217704894,1.0,1,6,0,0,0,0,0,0,1,0,6,0,0,0,0,0,0,1,0,0,0,7,0,0,0,0,0,0,0,1,0,0,1
6346,0,1,1,0,1,1,0,11,148,9.367573919430622,0.00034472248274240323,0,6,0,0,0,0,0,0,1,0,6,0,0,0,0,0,0,1,0,0,0,7,0,0,0,0,0,0,0,1,0,0,0
6347,0,1,1,0,0,0,0,7,98,10.53175884267258,0.0011034151998677252,0,6,0,0,0,0,0,0,1,0,6,0,0,0,0,0,0,1,0,0,0,7,0,0,0,0,0,0,0,1,0,0,0
6348,1,1,1,0,0,0,0,8,148,89.65616527388167,1.0,1,6,0,0,0,0,0,0,1,0,6,0,0,0,0,0,0,1,0,0,0,7,0,0,0,0,0,0,0,1,0,0,1
6349,0,1,0,1,0,0,0,2,107,15.909368232699142,0.19300026665585227,0,6,0,0,0,0,0,0,1,0,6,0,0,0,0,0,0,1,0,0,0,7,0,0,0,0,0,0,0,1,0,0,0
6350,0,1,1,0,0,0,0,7,143,27.780416039746623,0.9999707738080562,1,6,0,0,0,0,0,0,1,0,6,0,0,0,0,0,0,1,0,0,0,7,0,0,0,0,0,0,0,1,0,0,0
6354,1,1,1,0,1,0,0,26,149,3.5732091984808267,1.049924972148342e-06,0,6,0,0,0,0,0,0,1,0,6,0,0,0,0,0,0,1,0,0,0,7,0,0,0,0,0,0,0,1,0,0,1
6355,0,1,0,1,0,0,0,11,143,18.430817429804648,0.7485356177144181,1,6,0,0,0,0,0,0,1,0,6,0,0,0,0,0,0,1,0,0,0,7,0,0,0,0,0,0,0,1,0,0,0
6356,1,1,1,0,0,0,0,14,91,31.745045800355893,0.9999994454153353,1,6,0,0,0,0,0,0,1,0,6,0,0,0,0,0,0,1,0,0,0,7,0,0,0,0,0,0,0,1,0,0,1
6358,1,1,1,0,1,0,0,9,155,77.05017750562892,1.0,1,4,0,0,0,0,1,0,0,0,9,0,0,0,0,0,0,0,0,0,1,7,0,0,0,0,0,0,0,1,0,0,1
6361,1,1,0,0,0,0,0,7,129,28.91700814898808,0.9999906208135227,1,6,0,0,0,0,0,0,1,0,6,0,0,0,0,0,0,1,0,0,0,7,0,0,0,0,0,0,0,1,0,0,1
6362,1,0,0,0,0,0,0,13,163,207.2514089593625,1.0,1,4,0,0,0,0,1,0,0,0,9,0,0,0,0,0,0,0,0,0,1,7,0,0,0,0,0,0,0,1,0,0,1
6363,1,0,0,1,0,0,0,3,77,13.839422103953366,0.029295792333190008,0,1,0,1,0,0,0,0,0,0,4,0,0,0,0,1,0,0,0,0,0,7,0,0,0,0,0,0,0,1,0,0,1
6365,1,1,1,0,1,0,0,8,140,91.7990224167388,1.0,1,4,0,0,0,0,1,0,0,0,6,0,0,0,0,0,0,1,0,0,0,7,0,0,0,0,0,0,0,1,0,0,1
6366,0,1,1,0,1,0,0,5,141,78.03793875453097,1.0,1,1,0,1,0,0,0,0,0,0,6,0,0,0,0,0,0,1,0,0,0,7,0,0,0,0,0,0,0,1,0,0,1
6369,1,1,1,0,1,0,0,21,165,25.703075596850013,0.9997667288145756,1,6,0,0,0,0,0,0,1,0,6,0,0,0,0,0,0,1,0,0,0,7,0,0,0,0,0,0,0,1,0,0,1
6370,0,1,1,0,1,1,0,16,124,8.751026049287129,0.0001861123414335664,0,6,0,0,0,0,0,0,1,0,6,0,0,0,0,0,0,1,0,0,0,7,0,0,0,0,0,0,0,1,0,0,0
6371,0,1,0,1,0,0,1,5,132,39.92219910451862,0.9999999998441612,1,2,0,0,1,0,0,0,0,0,6,0,0,0,0,0,0,1,0,0,0,7,0,0,0,0,0,0,0,1,0,0,0
6372,1,1,1,0,1,0,0,30,149,3.5732091984808267,1.049924972148342e-06,0,6,0,0,0,0,0,0,1,0,6,0,0,0,0,0,0,1,0,0,0,7,0,0,0,0,0,0,0,1,0,0,1
6373,1,1,1,0,1,0,0,25,173,41.16712109795083,0.999999999955124,1,4,0,0,0,0,1,0,0,0,9,0,0,0,0,0,0,0,0,0,1,8,0,0,0,0,0,0,0,0,1,0,1
6374,1,1,1,0,1,0,0,16,146,21.27463395874973,0.9808221270038676,1,6,0,0,0,0,0,0,1,0,6,0,0,0,0,0,0,1,0,0,0,7,0,0,0,0,0,0,0,1,0,0,1
6375,1,1,1,0,1,0,0,30,149,3.5732091984808267,1.049924972148342e-06,0,6,0,0,0,0,0,0,1,0,6,0,0,0,0,0,0,1,0,0,0,7,0,0,0,0,0,0,0,1,0,0,1
6376,1,0,1,0,1,0,0,15,113,33.42611874422248,0.9999998967506444,1,6,0,0,0,0,0,0,1,0,6,0,0,0,0,0,0,1,0,0,0,7,0,0,0,0,0,0,0,1,0,0,1
6380,1,1,1,0,1,0,0,7,148,80.51789269951524,1.0,1,6,0,0,0,0,0,0,1,0,6,0,0,0,0,0,0,1,0,0,0,7,0,0,0,0,0,0,0,1,0,0,1
6382,1,1,1,0,1,0,0,7,141,78.03793875453097,1.0,1,1,0,1,0,0,0,0,0,0,6,0,0,0,0,0,0,1,0,0,0,7,0,0,0,0,0,0,0,1,0,0,1
6383,1,1,0,0,1,0,0,7,162,118.99246968002495,1.0,1,6,0,0,0,0,0,0,1,0,6,0,0,0,0,0,0,1,0,0,0,7,0,0,0,0,0,0,0,1,0,0,1
6384,1,1,1,1,0,0,0,13,146,86.76302851109381,1.0,1,6,0,0,0,0,0,0,1,0,6,0,0,0,0,0,0,1,0,0,0,7,0,0,0,0,0,0,0,1,0,0,1
6385,0,0,0,0,0,0,0,1,77,17.407063710880298,0.5167596467572284,1,6,0,0,0,0,0,0,1,0,6,0,0,0,0,0,0,1,0,0,0,7,0,0,0,0,0,0,0,1,0,0,0
6386,1,0,0,1,0,0,0,4,61,10.756693098807805,0.0013813566089123804,0,6,0,0,0,0,0,0,1,0,6,0,0,0,0,0,0,1,0,0,0,7,0,0,0,0,0,0,0,1,0,0,1
6387,0,1,0,0,1,0,6,5,116,24.166728506582476,0.998916774721248,1,4,0,0,0,0,1,0,0,0,9,0,0,0,0,0,0,0,0,0,1,7,0,0,0,0,0,0,0,1,0,0,0
6388,1,1,1,0,0,0,0,73,175,47.22266695948017,0.9999999999998948,1,4,0,0,0,0,1,0,0,0,9,0,0,0,0,0,0,0,0,0,1,7,0,0,0,0,0,0,0,1,0,0,1
6389,0,0,0,1,0,0,0,1,56,9.565017699782373,0.0004199384828164094,0,6,0,0,0,0,0,0,1,0,6,0,0,0,0,0,0,1,0,0,0,7,0,0,0,0,0,0,0,1,0,0,0
6391,1,1,1,0,0,0,0,64,164,52.86456608397215,0.9999999999999996,1,4,0,0,0,0,1,0,0,0,9,0,0,0,0,0,0,0,0,0,1,7,0,0,0,0,0,0,0,1,0,0,1
6392,0,0,0,1,0,0,0,3,51,2.0738905826344656,2.3442980056805095e-07,0,6,0,0,0,0,0,0,1,0,6,0,0,0,0,0,0,1,0,0,0,7,0,0,0,0,0,0,0,1,0,0,1
6393,0,0,0,1,0,0,6,2,53,3.1291358135334457,6.734413953798827e-07,0,6,0,0,0,0,0,0,1,0,6,0,0,0,0,0,0,1,0,0,0,7,0,0,0,0,0,0,0,1,0,0,0
6394,1,0,0,1,0,0,8,20,88,31.661839566874665,0.9999993972963196,1,6,0,0,0,0,0,0,1,0,6,0,0,0,0,0,0,1,0,0,0,7,0,0,0,0,0,0,0,1,0,0,1
6395,0,1,1,0,0,0,0,28,158,18.645683533216427,0.7867899583975291,1,4,0,0,0,0,1,0,0,0,9,0,0,0,0,0,0,0,0,0,1,5,0,0,0,0,0,1,0,0,0,0,0
6396,1,1,1,1,1,0,1,7,113,12.685373390144205,0.00942773812672985,0,2,0,0,1,0,0,0,0,0,6,0,0,0,0,0,0,1,0,0,0,7,0,0,0,0,0,0,0,1,0,0,1
6397,1,1,0,1,0,0,0,5,86,10.956283049898994,0.001685986612898904,0,4,0,0,0,0,1,0,0,0,9,0,0,0,0,0,0,0,0,0,1,7,0,0,0,0,0,0,0,1,0,0,1
6398,0,0,0,0,0,1,0,3,104,18.41460848047818,0.7454723330470168,1,6,0,0,0,0,0,0,1,0,6,0,0,0,0,0,0,1,0,0,0,7,0,0,0,0,0,0,0,1,0,0,1
6399,0,0,0,0,0,0,2,1,66,9.113153572153859,0.0002673067265591977,0,6,0,0,0,0,0,0,1,0,6,0,0,0,0,0,0,1,0,0,0,7,0,0,0,0,0,0,0,1,0,0,0
6400,1,1,0,0,0,0,0,4,54,23.324300941306763,0.9974883509507698,1,6,0,0,0,0,0,0,1,0,6,0,0,0,0,0,0,1,0,0,0,7,0,0,0,0,0,0,0,1,0,0,1
6402,1,0,0,0,0,1,2,3,40,1.547153656773001,1.3843755468869227e-07,0,4,0,0,0,0,1,0,0,0,9,0,0,0,0,0,0,0,0,0,1,7,0,0,0,0,0,0,0,1,0,0,1
6403,0,0,1,0,0,0,0,17,111,20.90042500806997,0.9723590029008484,1,6,0,0,0,0,0,0,1,0,6,0,0,0,0,0,0,1,0,0,0,7,0,0,0,0,0,0,0,1,0,0,1
6404,0,1,1,0,0,0,0,22,153,18.628968335571248,0.7839725180811341,1,6,0,0,0,0,0,0,1,0,6,0,0,0,0,0,0,1,0,0,0,7,0,0,0,0,0,0,0,1,0,0,1
6405,1,1,1,0,0,0,0,9,117,26.705693051643273,0.9999143960096186,1,6,0,0,0,0,0,0,1,0,6,0,0,0,0,0,0,1,0,0,0,7,0,0,0,0,0,0,0,1,0,0,1
6406,1,1,1,0,0,0,21,5,96,6.5004724809413705,1.960850557883708e-05,0,6,0,0,0,0,0,0,1,0,6,0,0,0,0,0,0,1,0,0,0,7,0,0,0,0,0,0,0,1,0,0,1
6407,1,0,0,0,0,0,0,1,37,9.98198230758868,0.0006370547539180267,0,6,0,0,0,0,0,0,1,0,6,0,0,0,0,0,0,1,0,0,0,7,0,0,0,0,0,0,0,1,0,0,0
6410,0,1,0,1,0,0,1,6,74,7.366776276705768,4.662981781437165e-05,0,6,0,0,0,0,0,0,1,0,6,0,0,0,0,0,0,1,0,0,0,7,0,0,0,0,0,0,0,1,0,0,0
6412,0,1,1,0,0,0,0,15,93,11.626905652993887,0.003291567632108273,0,4,0,0,0,0,1,0,0,0,6,0,0,0,0,0,0,1,0,0,0,7,0,0,0,0,0,0,0,1,0,0,0
6413,0,1,0,1,0,0,8,1,98,11.543962080558494,0.0030303629437085,0,6,0,0,0,0,0,0,1,0,6,0,0,0,0,0,0,1,0,0,0,7,0,0,0,0,0,0,0,1,0,0,0
6414,0,1,1,0,0,0,0,21,158,18.645683533216427,0.7867899583975291,1,4,0,0,0,0,1,0,0,0,9,0,0,0,0,0,0,0,0,0,1,5,0,0,0,0,0,1,0,0,0,0,0
6415,1,1,1,1,1,0,1,9,112,12.685373390144205,0.00942773812672985,0,2,0,0,1,0,0,0,0,0,6,0,0,0,0,0,0,1,0,0,0,7,0,0,0,0,0,0,0,1,0,0,1
6416,1,1,1,0,1,0,0,14,151,19.06256504304743,0.8484589351339478,1,6,0,0,0,0,0,0,1,0,6,0,0,0,0,0,0,1,0,0,0,7,0,0,0,0,0,0,0,1,0,0,1
6417,1,0,1,0,1,0,1,13,152,45.61805018459847,0.9999999999994764,1,6,0,0,0,0,0,0,1,0,6,0,0,0,0,0,0,1,0,0,0,7,0,0,0,0,0,0,0,1,0,0,1
6418,1,1,1,0,0,3,0,15,148,74.33460718086336,1.0,1,6,0,0,0,0,0,0,1,0,6,0,0,0,0,0,0,1,0,0,0,7,0,0,0,0,0,0,0,1,0,0,1
6420,1,0,0,1,0,0,1,10,147,93.10394940709652,1.0,1,6,0,0,0,0,0,0,1,0,6,0,0,0,0,0,0,1,0,0,0,7,0,0,0,0,0,0,0,1,0,0,1
6421,1,1,1,0,0,0,0,67,154,61.019938617019065,1.0,1,6,0,0,0,0,0,0,1,0,6,0,0,0,0,0,0,1,0,0,0,7,0,0,0,0,0,0,0,1,0,0,1
6422,0,0,0,0,0,0,0,4,78,10.39008593925763,0.000957799282653957,0,4,0,0,0,0,1,0,0,0,9,0,0,0,0,0,0,0,0,0,1,7,0,0,0,0,0,0,0,1,0,0,0
6423,0,1,1,0,0,0,0,18,150,13.615973676648489,0.02356774521476193,0,6,0,0,0,0,0,0,1,0,6,0,0,0,0,0,0,1,0,0,0,7,0,0,0,0,0,0,0,1,0,0,0
6425,0,0,0,0,0,0,0,14,32,3.605490531565041,1.0843709021597551e-06,0,6,0,0,0,0,0,0,1,0,6,0,0,0,0,0,0,1,0,0,0,7,0,0,0,0,0,0,0,1,0,0,1
6427,1,1,1,0,1,0,0,16,143,10.797552540631585,0.0014388841240054857,0,6,0,0,0,0,0,0,1,0,6,0,0,0,0,0,0,1,0,0,0,7,0,0,0,0,0,0,0,1,0,0,1
6429,1,0,0,1,0,0,0,2,35,2.4947777321832216,3.571097694680998e-07,0,6,0,0,0,0,0,0,1,0,6,0,0,0,0,0,0,1,0,0,0,7,0,0,0,0,0,0,0,1,0,0,1
6430,0,1,0,0,0,0,0,7,154,83.77771520217506,1.0,1,6,0,0,0,0,0,0,1,0,6,0,0,0,0,0,0,1,0,0,0,7,0,0,0,0,0,0,0,1,0,0,1
6434,1,0,1,0,0,0,2,10,86,14.94599609831764,0.08363107323027047,0,6,0,0,0,0,0,0,1,0,6,0,0,0,0,0,0,1,0,0,0,7,0,0,0,0,0,0,0,1,0,0,1
6436,1,1,1,0,0,0,0,13,164,71.9027968895827,1.0,1,1,0,1,0,0,0,0,0,0,4,0,0,0,0,1,0,0,0,0,0,7,0,0,0,0,0,0,0,1,0,0,1
6438,1,1,1,0,0,0,0,21,162,28.039867596646925,0.9999774525852612,1,4,0,0,0,0,1,0,0,0,9,0,0,0,0,0,0,0,0,0,1,8,0,0,0,0,0,0,0,0,1,0,1
6440,1,1,1,0,0,0,0,13,99,33.2923665270656,0.9999998819746784,1,6,0,0,0,0,0,0,1,0,6,0,0,0,0,0,0,1,0,0,0,7,0,0,0,0,0,0,0,1,0,0,1
6441,0,1,1,0,0,0,0,9,77,11.920630439635069,0.004410400772009471,0,6,0,0,0,0,0,0,1,0,6,0,0,0,0,0,0,1,0,0,0,7,0,0,0,0,0,0,0,1,0,0,0
6443,1,1,1,1,0,0,0,8,132,62.63829410466773,1.0,1,4,0,0,0,0,1,0,0,0,9,0,0,0,0,0,0,0,0,0,1,2,0,0,1,0,0,0,0,0,0,0,0
6445,1,1,1,0,0,0,0,21,166,102.67294276017336,1.0,1,4,0,0,0,0,1,0,0,0,9,0,0,0,0,0,0,0,0,0,1,7,0,0,0,0,0,0,0,1,0,0,1
6446,1,1,1,0,1,0,0,12,89,22.28196601344857,0.99291007974913,1,1,0,1,0,0,0,0,0,0,4,0,0,0,0,1,0,0,0,0,0,7,0,0,0,0,0,0,0,1,0,0,1
6448,1,1,1,1,1,0,0,14,141,39.431821934539954,0.9999999997455258,1,6,0,0,0,0,0,0,1,0,6,0,0,0,0,0,0,1,0,0,0,7,0,0,0,0,0,0,0,1,0,0,1
6449,0,0,0,0,0,0,0,3,83,15.166966574133582,0.10219836885361293,0,6,0,0,0,0,0,0,1,0,6,0,0,0,0,0,0,1,0,0,0,7,0,0,0,0,0,0,0,1,0,0,0
6450,0,1,1,0,1,0,0,19,160,25.860549105319404,0.9998007097823312,1,4,0,0,0,0,1,0,0,0,9,0,0,0,0,0,0,0,0,0,1,2,0,0,1,0,0,0,0,0,0,0,1
6451,0,0,0,1,0,0,0,10,75,8.304571321415846,0.00011909991615479109,0,6,0,0,0,0,0,0,1,0,6,0,0,0,0,0,0,1,0,0,0,7,0,0,0,0,0,0,0,1,0,0,0
6452,0,1,0,1,0,0,3,0,55,3.602896164493562,1.0815612951924252e-06,0,6,0,0,0,0,0,0,1,0,6,0,0,0,0,0,0,1,0,0,0,7,0,0,0,0,0,0,0,1,0,0,0
6453,1,1,1,0,0,0,0,9,133,63.39102806157056,1.0,1,6,0,0,0,0,0,0,1,0,6,0,0,0,0,0,0,1,0,0,0,7,0,0,0,0,0,0,0,1,0,0,1
6454,1,1,1,0,0,0,0,9,121,45.74301603703454,0.999999999999538,1,6,0,0,0,0,0,0,1,0,6,0,0,0,0,0,0,1,0,0,0,7,0,0,0,0,0,0,0,1,0,0,1
6455,1,1,1,0,0,0,0,7,91,6.7457246604698415,2.5058426537654934e-05,0,1,0,1,0,0,0,0,0,0,4,0,0,0,0,1,0,0,0,0,0,7,0,0,0,0,0,0,0,1,0,0,1
6458,1,1,1,0,0,0,0,12,105,35.43378635326825,0.99999998613345,1,4,0,0,0,0,1,0,0,0,2,0,0,1,0,0,0,0,0,0,0,3,0,0,0,1,0,0,0,0,0,0,1
6459,0,0,0,0,0,0,0,7,143,85.66890045697306,1.0,1,7,0,0,0,0,0,0,0,1,6,0,0,0,0,0,0,1,0,0,0,7,0,0,0,0,0,0,0,1,0,0,0
6461,1,0,0,0,0,0,0,3,140,95.04163640410873,1.0,1,6,0,0,0,0,0,0,1,0,6,0,0,0,0,0,0,1,0,0,0,7,0,0,0,0,0,0,0,1,0,0,0
6462,0,1,1,0,0,0,0,10,89,7.846534168803348,7.5336849709907e-05,0,6,0,0,0,0,0,0,1,0,6,0,0,0,0,0,0,1,0,0,0,7,0,0,0,0,0,0,0,1,0,0,0
6463,0,1,0,1,0,0,1,2,119,19.274797866451266,0.8737795207829349,1,6,0,0,0,0,0,0,1,0,6,0,0,0,0,0,0,1,0,0,0,7,0,0,0,0,0,0,0,1,0,0,0
6464,1,1,1,0,0,0,0,13,150,68.72465954462591,1.0,1,1,0,1,0,0,0,0,0,0,4,0,0,0,0,1,0,0,0,0,0,7,0,0,0,0,0,0,0,1,0,0,1
6465,0,0,0,0,0,0,0,0,61,10.457834928204154,0.0010248690134165002,0,6,0,0,0,0,0,0,1,0,6,0,0,0,0,0,0,1,0,0,0,7,0,0,0,0,0,0,0,1,0,0,0
6466,1,1,1,0,1,0,0,23,151,7.721646726656058,6.64926084130928e-05,0,6,0,0,0,0,0,0,1,0,6,0,0,0,0,0,0,1,0,0,0,7,0,0,0,0,0,0,0,1,0,0,0
6467,1,1,1,0,0,0,0,6,118,60.871587665515186,1.0,1,6,0,0,0,0,0,0,1,0,6,0,0,0,0,0,0,1,0,0,0,7,0,0,0,0,0,0,0,1,0,0,1
6469,1,1,1,0,1,0,0,15,153,79.34362842427356,1.0,1,0,1,0,0,0,0,0,0,0,5,0,0,0,0,0,1,0,0,0,0,7,0,0,0,0,0,0,0,1,0,0,1
6470,1,1,1,1,1,1,0,7,144,63.549930913469545,1.0,1,6,0,0,0,0,0,0,1,0,6,0,0,0,0,0,0,1,0,0,0,5,0,0,0,0,0,1,0,0,0,0,1
6472,1,1,1,0,1,0,0,15,140,79.81819473563064,1.0,1,6,0,0,0,0,0,0,1,0,6,0,0,0,0,0,0,1,0,0,0,7,0,0,0,0,0,0,0,1,0,0,1
6473,1,1,1,0,0,0,0,8,139,69.01090390129299,1.0,1,0,1,0,0,0,0,0,0,0,6,0,0,0,0,0,0,1,0,0,0,7,0,0,0,0,0,0,0,1,0,0,1
6474,1,1,0,1,0,0,1,4,147,82.34252852194611,1.0,1,6,0,0,0,0,0,0,1,0,6,0,0,0,0,0,0,1,0,0,0,7,0,0,0,0,0,0,0,1,0,0,0
6477,1,1,1,0,0,0,0,11,144,61.79218980402939,1.0,1,6,0,0,0,0,0,0,1,0,6,0,0,0,0,0,0,1,0,0,0,7,0,0,0,0,0,0,0,1,0,0,1
6478,0,0,1,0,1,0,0,16,145,20.92469846161805,0.9730039730846206,1,6,0,0,0,0,0,0,1,0,6,0,0,0,0,0,0,1,0,0,0,7,0,0,0,0,0,0,0,1,0,0,0
6480,1,1,1,0,1,0,0,12,104,34.449152864323175,0.9999999628815949,1,1,0,1,0,0,0,0,0,0,4,0,0,0,0,1,0,0,0,0,0,7,0,0,0,0,0,0,0,1,0,0,1
6481,1,1,1,1,1,1,0,9,144,87.92744793124598,1.0,1,6,0,0,0,0,0,0,1,0,6,0,0,0,0,0,0,1,0,0,0,5,0,0,0,0,0,1,0,0,0,0,1
6482,0,1,0,1,0,0,0,3,61,10.142445244866511,0.0007478539232463184,0,2,0,0,1,0,0,0,0,0,6,0,0,0,0,0,0,1,0,0,0,7,0,0,0,0,0,0,0,1,0,0,0
6484,1,1,1,0,0,0,0,11,149,69.58388484716103,1.0,1,1,0,1,0,0,0,0,0,0,4,0,0,0,0,1,0,0,0,0,0,7,0,0,0,0,0,0,0,1,0,0,1
6485,0,0,0,0,0,0,2,2,62,5.4667314120998265,6.9743211424159865e-06,0,6,0,0,0,0,0,0,1,0,6,0,0,0,0,0,0,1,0,0,0,7,0,0,0,0,0,0,0,1,0,0,0
6486,0,1,1,0,0,0,0,23,166,13.671887596411555,0.024889314736310363,0,4,0,0,0,0,1,0,0,0,9,0,0,0,0,0,0,0,0,0,1,7,0,0,0,0,0,0,0,1,0,0,0
6490,0,1,0,1,0,0,0,9,133,13.121064291113608,0.0145009255516307,0,4,0,0,0,0,1,0,0,0,2,0,0,1,0,0,0,0,0,0,0,3,0,0,0,1,0,0,0,0,0,0,0
6491,0,0,0,0,0,0,0,0,181,81.69696125413208,1.0,1,6,0,0,0,0,0,0,1,0,6,0,0,0,0,0,0,1,0,0,0,7,0,0,0,0,0,0,0,1,0,0,0
6492,0,1,0,1,0,0,1,7,125,42.380335340734476,0.9999999999866612,1,6,0,0,0,0,0,0,1,0,6,0,0,0,0,0,0,1,0,0,0,7,0,0,0,0,0,0,0,1,0,0,0
6493,0,1,0,1,1,1,0,10,160,24.285845683586288,0.9990382998463438,1,2,0,0,1,0,0,0,0,0,3,0,0,0,1,0,0,0,0,0,0,7,0,0,0,0,0,0,0,1,0,0,0
6494,0,0,0,0,0,1,1,25,144,32.23085586725277,0.9999996588201941,1,6,0,0,0,0,0,0,1,0,6,0,0,0,0,0,0,1,0,0,0,7,0,0,0,0,0,0,0,1,0,0,0
6495,1,1,1,0,0,3,0,8,149,48.500099299615954,0.9999999999999708,1,4,0,0,0,0,1,0,0,0,9,0,0,0,0,0,0,0,0,0,1,7,0,0,0,0,0,0,0,1,0,0,1
6497,0,0,0,0,0,0,0,1,60,8.702390706624241,0.00017727885946470118,0,6,0,0,0,0,0,0,1,0,6,0,0,0,0,0,0,1,0,0,0,7,0,0,0,0,0,0,0,1,0,0,0
6499,0,0,0,1,1,1,0,3,163,27.438311314642984,0.9999588527088952,1,4,0,0,0,0,1,0,0,0,2,0,0,1,0,0,0,0,0,0,0,7,0,0,0,0,0,0,0,1,0,0,0
6500,1,1,1,1,0,0,0,7,115,60.73745789797431,1.0,1,6,0,0,0,0,0,0,1,0,6,0,0,0,0,0,0,1,0,0,0,7,0,0,0,0,0,0,0,1,0,0,1
6501,1,0,0,0,0,0,0,9,155,80.96854824105957,1.0,1,4,0,0,0,0,1,0,0,0,2,0,0,1,0,0,0,0,0,0,0,7,0,0,0,0,0,0,0,1,0,0,1
6504,0,0,0,1,0,0,0,4,125,12.38382143342355,0.006990566500782506,0,4,0,0,0,0,1,0,0,0,2,0,0,1,0,0,0,0,0,0,0,3,0,0,0,1,0,0,0,0,0,0,0
6505,0,0,0,1,0,0,0,2,143,36.24484411303017,0.9999999938378747,1,6,0,0,0,0,0,0,1,0,6,0,0,0,0,0,0,1,0,0,0,7,0,0,0,0,0,0,0,1,0,0,1
6506,1,0,0,0,0,0,0,15,145,155.47421615692386,1.0,1,4,0,0,0,0,1,0,0,0,9,0,0,0,0,0,0,0,0,0,1,7,0,0,0,0,0,0,0,1,0,0,1
6510,1,1,1,0,1,0,0,15,115,28.12689636091748,0.9999793318570128,1,6,0,0,0,0,0,0,1,0,6,0,0,0,0,0,0,1,0,0,0,7,0,0,0,0,0,0,0,1,0,0,1
6511,0,1,0,1,0,0,0,6,165,79.66374594844513,1.0,1,4,0,0,0,0,1,0,0,0,2,0,0,1,0,0,0,0,0,0,0,3,0,0,0,1,0,0,0,0,0,0,0
6512,0,1,1,0,0,0,1,14,143,37.14954893219407,0.9999999975064262,1,4,0,0,0,0,1,0,0,0,9,0,0,0,0,0,0,0,0,0,1,7,0,0,0,0,0,0,0,1,0,0,1
6513,0,0,0,1,0,1,2,15,104,19.795139962625672,0.9209365147523468,1,6,0,0,0,0,0,0,1,0,6,0,0,0,0,0,0,1,0,0,0,7,0,0,0,0,0,0,0,1,0,0,0
6514,0,0,0,1,0,0,0,10,160,59.367489819339674,1.0,1,4,0,0,0,0,1,0,0,0,9,0,0,0,0,0,0,0,0,0,1,7,0,0,0,0,0,0,0,1,0,0,0
6515,0,1,0,0,0,0,0,5,102,18.003913720589534,0.6601390027309618,1,1,0,1,0,0,0,0,0,0,6,0,0,0,0,0,0,1,0,0,0,7,0,0,0,0,0,0,0,1,0,0,0
6516,0,1,1,0,1,0,1,15,163,16.48180759303943,0.2977171419398264,0,4,0,0,0,0,1,0,0,0,9,0,0,0,0,0,0,0,0,0,1,7,0,0,0,0,0,0,0,1,0,0,0
6518,0,0,1,0,0,0,1,7,96,11.165808207442325,0.0020781605749271414,0,4,0,0,0,0,1,0,0,0,9,0,0,0,0,0,0,0,0,0,1,7,0,0,0,0,0,0,0,1,0,0,0
6519,1,1,1,0,0,0,0,9,105,27.09847968987649,0.9999422009079356,1,6,0,0,0,0,0,0,1,0,6,0,0,0,0,0,0,1,0,0,0,7,0,0,0,0,0,0,0,1,0,0,0
6520,0,0,0,1,0,6,12,6,117,12.987715497043633,0.012713642425536978,0,4,0,0,0,0,1,0,0,0,9,0,0,0,0,0,0,0,0,0,1,7,0,0,0,0,0,0,0,1,0,0,0
6523,0,1,1,0,0,0,0,17,153,34.22066723052445,0.9999999533534693,1,4,0,0,0,0,1,0,0,0,9,0,0,0,0,0,0,0,0,0,1,7,0,0,0,0,0,0,0,1,0,0,0
6525,0,1,1,0,0,0,0,12,104,8.064755392596744,9.370693874069793e-05,0,4,0,0,0,0,1,0,0,0,2,0,0,1,0,0,0,0,0,0,0,7,0,0,0,0,0,0,0,1,0,0,0
6527,1,0,0,1,0,0,0,7,152,75.18350889591801,1.0,1,4,0,0,0,0,1,0,0,0,9,0,0,0,0,0,0,0,0,0,1,7,0,0,0,0,0,0,0,1,0,0,1
6528,1,1,1,0,1,0,0,17,167,31.54728092700656,0.9999993241411624,1,4,0,0,0,0,1,0,0,0,2,0,0,1,0,0,0,0,0,0,0,7,0,0,0,0,0,0,0,1,0,0,1
6529,0,1,0,1,0,0,0,7,95,7.597469801023303,5.872829447232983e-05,0,6,0,0,0,0,0,0,1,0,6,0,0,0,0,0,0,1,0,0,0,7,0,0,0,0,0,0,0,1,0,0,0
6530,0,0,0,0,0,0,0,2,56,5.839691787953208,1.0126869308330928e-05,0,6,0,0,0,0,0,0,1,0,6,0,0,0,0,0,0,1,0,0,0,7,0,0,0,0,0,0,0,1,0,0,0
6532,0,1,1,0,0,0,0,14,94,10.715133544120956,0.0013251991434746267,0,4,0,0,0,0,1,0,0,0,9,0,0,0,0,0,0,0,0,0,1,7,0,0,0,0,0,0,0,1,0,0,1
6534,1,1,1,0,0,0,1,8,153,36.451007662930714,0.9999999949858788,1,4,0,0,0,0,1,0,0,0,9,0,0,0,0,0,0,0,0,0,1,0,1,0,0,0,0,0,0,0,0,0,0
6535,0,0,0,0,0,0,0,5,130,14.157632249650474,0.0398346738021674,0,6,0,0,0,0,0,0,1,0,6,0,0,0,0,0,0,1,0,0,0,7,0,0,0,0,0,0,0,1,0,0,0
6536,0,1,1,0,1,0,0,21,142,6.761984254679179,2.546918635197763e-05,0,1,0,1,0,0,0,0,0,0,6,0,0,0,0,0,0,1,0,0,0,7,0,0,0,0,0,0,0,1,0,0,0
6537,1,1,1,0,0,0,0,15,96,17.7891267619777,0.6104315937374477,1,6,0,0,0,0,0,0,1,0,6,0,0,0,0,0,0,1,0,0,0,7,0,0,0,0,0,0,0,1,0,0,1
6540,0,0,1,0,0,0,0,21,123,8.12863661242189,9.988777218624492e-05,0,6,0,0,0,0,0,0,1,0,6,0,0,0,0,0,0,1,0,0,0,7,0,0,0,0,0,0,0,1,0,0,0
6541,1,0,0,0,1,0,0,5,112,49.78991839200415,0.9999999999999921,1,6,0,0,0,0,0,0,1,0,6,0,0,0,0,0,0,1,0,0,0,7,0,0,0,0,0,0,0,1,0,0,0
6542,0,0,0,1,0,0,0,12,114,25.377003929968854,0.9996768284152924,1,4,0,0,0,0,1,0,0,0,9,0,0,0,0,0,0,0,0,0,1,7,0,0,0,0,0,0,0,1,0,0,0
6543,1,1,1,0,0,0,0,17,115,45.770987614375535,0.9999999999995506,1,7,0,0,0,0,0,0,0,1,6,0,0,0,0,0,0,1,0,0,0,7,0,0,0,0,0,0,0,1,0,0,1
6545,0,0,0,1,0,0,0,10,154,82.63943524485919,1.0,1,7,0,0,0,0,0,0,0,1,6,0,0,0,0,0,0,1,0,0,0,7,0,0,0,0,0,0,0,1,0,0,0
6546,0,1,1,0,0,0,0,11,106,24.683825643319942,0.9993538455568104,1,6,0,0,0,0,0,0,1,0,6,0,0,0,0,0,0,1,0,0,0,7,0,0,0,0,0,0,0,1,0,0,0
6547,1,1,1,0,0,0,0,12,115,28.555067988855,0.999986530483442,1,4,0,0,0,0,1,0,0,0,9,0,0,0,0,0,0,0,0,0,1,0,1,0,0,0,0,0,0,0,0,0,1
6548,1,1,1,0,0,0,0,15,96,17.7891267619777,0.6104315937374477,1,6,0,0,0,0,0,0,1,0,6,0,0,0,0,0,0,1,0,0,0,7,0,0,0,0,0,0,0,1,0,0,1
6549,0,1,1,0,1,0,0,16,155,62.07090868303178,1.0,1,4,0,0,0,0,1,0,0,0,9,0,0,0,0,0,0,0,0,0,1,7,0,0,0,0,0,0,0,1,0,0,0
6550,0,1,1,0,1,0,0,16,141,6.227963953475187,1.4931298495845684e-05,0,6,0,0,0,0,0,0,1,0,6,0,0,0,0,0,0,1,0,0,0,7,0,0,0,0,0,0,0,1,0,0,0
6551,0,0,0,1,0,0,0,28,154,10.935875514394624,0.0016519847479779988,0,1,0,1,0,0,0,0,0,0,6,0,0,0,0,0,0,1,0,0,0,7,0,0,0,0,0,0,0,1,0,0,0
6552,1,1,0,0,0,0,0,8,146,100.15366419041443,1.0,1,4,0,0,0,0,1,0,0,0,9,0,0,0,0,0,0,0,0,0,1,7,0,0,0,0,0,0,0,1,0,0,0
6553,0,1,1,0,0,0,0,13,121,15.535300700325367,0.14127998445869985,0,6,0,0,0,0,0,0,1,0,6,0,0,0,0,0,0,1,0,0,0,7,0,0,0,0,0,0,0,1,0,0,1
6554,1,1,1,0,0,0,0,8,101,46.572635602031276,0.9999999999997984,1,6,0,0,0,0,0,0,1,0,6,0,0,0,0,0,0,1,0,0,0,7,0,0,0,0,0,0,0,1,0,0,0
6555,1,0,0,1,0,0,1,7,56,10.828256964946618,0.001483682924613539,0,6,0,0,0,0,0,0,1,0,6,0,0,0,0,0,0,1,0,0,0,7,0,0,0,0,0,0,0,1,0,0,1
6556,0,1,1,0,1,0,0,17,117,10.768137575021944,0.0013972341045413914,0,4,0,0,0,0,1,0,0,0,9,0,0,0,0,0,0,0,0,0,1,4,0,0,0,0,1,0,0,0,0,0,0
6559,0,0,0,0,0,0,0,6,152,93.75028685737637,1.0,1,1,0,1,0,0,0,0,0,0,6,0,0,0,0,0,0,1,0,0,0,7,0,0,0,0,0,0,0,1,0,0,0
6560,0,1,1,0,0,0,0,17,151,22.917198098010964,0.9962311075879487,1,1,0,1,0,0,0,0,0,0,6,0,0,0,0,0,0,1,0,0,0,7,0,0,0,0,0,0,0,1,0,0,0
6561,0,1,1,0,1,0,0,16,122,6.262523876418495,1.5456335405914213e-05,0,6,0,0,0,0,0,0,1,0,6,0,0,0,0,0,0,1,0,0,0,7,0,0,0,0,0,0,0,1,0,0,0
6565,0,0,0,1,1,0,1,7,84,9.593396779475619,0.00043202144259511696,0,6,0,0,0,0,0,0,1,0,6,0,0,0,0,0,0,1,0,0,0,7,0,0,0,0,0,0,0,1,0,0,0
6566,0,1,1,0,0,0,0,15,96,17.7891267619777,0.6104315937374477,1,6,0,0,0,0,0,0,1,0,6,0,0,0,0,0,0,1,0,0,0,7,0,0,0,0,0,0,0,1,0,0,1
6567,0,1,1,0,1,0,0,16,130,5.742156430411064,9.185790714428444e-06,0,6,0,0,0,0,0,0,1,0,6,0,0,0,0,0,0,1,0,0,0,7,0,0,0,0,0,0,0,1,0,0,0
6568,0,1,1,1,0,0,0,14,107,8.996888812011008,0.00023797398659300181,0,4,0,0,0,0,1,0,0,0,9,0,0,0,0,0,0,0,0,0,1,8,0,0,0,0,0,0,0,0,1,0,0
6569,0,1,1,0,0,0,0,4,72,3.0556269674354013,6.257132372390243e-07,0,6,0,0,0,0,0,0,1,0,6,0,0,0,0,0,0,1,0,0,0,7,0,0,0,0,0,0,0,1,0,0,0
6570,1,0,0,1,0,0,0,5,61,7.74334082444017,6.795076707363241e-05,0,6,0,0,0,0,0,0,1,0,6,0,0,0,0,0,0,1,0,0,0,7,0,0,0,0,0,0,0,1,0,0,0
6571,1,1,1,0,0,0,0,8,88,24.072977152850033,0.99881043481113,1,6,0,0,0,0,0,0,1,0,6,0,0,0,0,0,0,1,0,0,0,7,0,0,0,0,0,0,0,1,0,0,1
6572,0,1,1,0,1,0,0,13,133,15.535300700325367,0.14127998445869985,0,4,0,0,0,0,1,0,0,0,9,0,0,0,0,0,0,0,0,0,1,7,0,0,0,0,0,0,0,1,0,0,0
6573,0,0,0,1,0,0,0,30,155,90.10329451162387,1.0,1,4,0,0,0,0,1,0,0,0,9,0,0,0,0,0,0,0,0,0,1,7,0,0,0,0,0,0,0,1,0,0,0
6575,0,1,1,0,0,0,0,11,121,33.19355897603673,0.9999998697172966,1,0,1,0,0,0,0,0,0,0,6,0,0,0,0,0,0,1,0,0,0,7,0,0,0,0,0,0,0,1,0,0,0
6576,0,0,1,1,0,1,0,12,100,8.5188330698636,0.00014755427329851133,0,4,0,0,0,0,1,0,0,0,9,0,0,0,0,0,0,0,0,0,1,0,1,0,0,0,0,0,0,0,0,0,0
6577,0,1,1,0,1,0,1,11,145,21.154950340000717,0.9784364265991132,1,4,0,0,0,0,1,0,0,0,9,0,0,0,0,0,0,0,0,0,1,7,0,0,0,0,0,0,0,1,0,0,0
6579,0,1,1,0,0,0,0,7,106,24.683825643319942,0.9993538455568104,1,6,0,0,0,0,0,0,1,0,6,0,0,0,0,0,0,1,0,0,0,7,0,0,0,0,0,0,0,1,0,0,0
6580,0,0,0,0,0,7,1,11,153,33.267872699477145,0.9999998790480916,1,2,0,0,1,0,0,0,0,0,6,0,0,0,0,0,0,1,0,0,0,7,0,0,0,0,0,0,0,1,0,0,0
6582,1,1,1,0,0,0,0,8,88,24.072977152850033,0.99881043481113,1,6,0,0,0,0,0,0,1,0,6,0,0,0,0,0,0,1,0,0,0,7,0,0,0,0,0,0,0,1,0,0,1
6583,0,1,1,0,0,0,0,8,91,13.662292332151534,0.024657497827597415,0,4,0,0,0,0,1,0,0,0,9,0,0,0,0,0,0,0,0,0,1,7,0,0,0,0,0,0,0,1,0,0,0
6585,0,1,1,0,0,0,0,12,155,29.12001442959487,0.999992344009048,1,3,0,0,0,1,0,0,0,0,6,0,0,0,0,0,0,1,0,0,0,7,0,0,0,0,0,0,0,1,0,0,0
6586,0,0,0,1,0,1,0,9,95,8.589805973049017,0.0001584054860571509,0,2,0,0,1,0,0,0,0,0,3,0,0,0,1,0,0,0,0,0,0,7,0,0,0,0,0,0,0,1,0,0,0
6588,0,0,0,1,0,1,0,21,140,32.96199663334753,0.9999998357698102,1,0,1,0,0,0,0,0,0,0,6,0,0,0,0,0,0,1,0,0,0,7,0,0,0,0,0,0,0,1,0,0,0
6591,0,1,1,1,0,0,1,6,148,30.65371038955541,0.9999983483108084,1,4,0,0,0,0,1,0,0,0,9,0,0,0,0,0,0,0,0,0,1,7,0,0,0,0,0,0,0,1,0,0,0
6593,1,0,0,0,1,1,0,5,158,94.19427100628424,1.0,1,4,0,0,0,0,1,0,0,0,9,0,0,0,0,0,0,0,0,0,1,7,0,0,0,0,0,0,0,1,0,0,1
6594,0,0,0,1,0,1,0,5,152,46.76021873187534,0.9999999999998328,1,2,0,0,1,0,0,0,0,0,8,0,0,0,0,0,0,0,0,1,0,7,0,0,0,0,0,0,0,1,0,0,0
6596,0,1,1,0,0,0,0,17,155,29.12001442959487,0.999992344009048,1,3,0,0,0,1,0,0,0,0,6,0,0,0,0,0,0,1,0,0,0,7,0,0,0,0,0,0,0,1,0,0,0
6597,0,0,0,0,0,1,0,4,121,21.004286565594466,0.975017663828876,1,6,0,0,0,0,0,0,1,0,6,0,0,0,0,0,0,1,0,0,0,7,0,0,0,0,0,0,0,1,0,0,0
6598,0,0,0,1,0,0,1,7,112,26.879104328423637,0.999928023890544,1,4,0,0,0,0,1,0,0,0,9,0,0,0,0,0,0,0,0,0,1,7,0,0,0,0,0,0,0,1,0,0,0
6601,0,0,0,1,0,0,0,8,163,26.594845700601603,0.9999043620971428,1,4,0,0,0,0,1,0,0,0,9,0,0,0,0,0,0,0,0,0,1,7,0,0,0,0,0,0,0,1,0,0,0
6602,0,0,0,1,0,2,0,8,103,10.885786363470668,0.0015714032394518972,0,4,0,0,0,0,1,0,0,0,9,0,0,0,0,0,0,0,0,0,1,7,0,0,0,0,0,0,0,1,0,0,0
6603,0,0,0,1,0,0,2,3,164,67.14529988112078,1.0,1,7,0,0,0,0,0,0,0,1,0,1,0,0,0,0,0,0,0,0,0,7,0,0,0,0,0,0,0,1,0,0,0
6604,0,1,1,0,0,1,0,8,140,36.64069019008801,0.99999999585221,1,6,0,0,0,0,0,0,1,0,6,0,0,0,0,0,0,1,0,0,0,7,0,0,0,0,0,0,0,1,0,0,0
6605,0,1,1,0,0,0,0,15,155,31.191215083230638,0.9999990350755684,1,0,1,0,0,0,0,0,0,0,6,0,0,0,0,0,0,1,0,0,0,7,0,0,0,0,0,0,0,1,0,0,0
6607,0,1,0,0,1,0,0,7,142,38.24063374391797,0.9999999991625284,1,5,0,0,0,0,0,1,0,0,1,0,1,0,0,0,0,0,0,0,0,7,0,0,0,0,0,0,0,1,0,0,0
6608,0,0,0,1,0,0,0,3,72,4.368022737507714,2.324560458149597e-06,0,6,0,0,0,0,0,0,1,0,6,0,0,0,0,0,0,1,0,0,0,7,0,0,0,0,0,0,0,1,0,0,0
6610,0,0,0,1,0,1,2,11,151,23.32631242983644,0.9974933853751808,1,6,0,0,0,0,0,0,1,0,6,0,0,0,0,0,0,1,0,0,0,7,0,0,0,0,0,0,0,1,0,0,0
6611,0,0,0,0,0,0,4,2,129,32.704517621558274,0.999999787541218,1,2,0,0,1,0,0,0,0,0,8,0,0,0,0,0,0,0,0,1,0,7,0,0,0,0,0,0,0,1,0,0,0
6613,0,1,0,1,1,0,2,4,113,5.586217139996772,7.859475221148071e-06,0,5,0,0,0,0,0,1,0,0,1,0,1,0,0,0,0,0,0,0,0,7,0,0,0,0,0,0,0,1,0,0,0
6614,1,0,0,0,1,0,0,5,153,59.415127210939076,1.0,1,1,0,1,0,0,0,0,0,0,6,0,0,0,0,0,0,1,0,0,0,7,0,0,0,0,0,0,0,1,0,0,1
6616,0,1,0,1,1,0,3,2,147,14.978645252071425,0.08616745826041154,0,2,0,0,1,0,0,0,0,0,8,0,0,0,0,0,0,0,0,1,0,7,0,0,0,0,0,0,0,1,0,0,0
6617,0,0,0,1,1,0,0,17,138,29.25151799622404,0.9999932874034112,1,6,0,0,0,0,0,0,1,0,6,0,0,0,0,0,0,1,0,0,0,7,0,0,0,0,0,0,0,1,0,0,0
6619,0,1,0,0,0,0,0,14,174,67.33008467601256,1.0,1,4,0,0,0,0,1,0,0,0,2,0,0,1,0,0,0,0,0,0,0,7,0,0,0,0,0,0,0,1,0,0,0
6621,1,0,0,0,0,0,0,4,162,105.79287159290895,1.0,1,1,0,1,0,0,0,0,0,0,6,0,0,0,0,0,0,1,0,0,0,7,0,0,0,0,0,0,0,1,0,0,1
6622,0,0,0,1,0,2,0,3,70,1.9479717029189216,2.0669356480242355e-07,0,2,0,0,1,0,0,0,0,0,3,0,0,0,1,0,0,0,0,0,0,7,0,0,0,0,0,0,0,1,0,0,0
6624,1,1,1,0,0,0,0,12,138,35.49190178684251,0.9999999869163412,1,1,0,1,0,0,0,0,0,0,6,0,0,0,0,0,0,1,0,0,0,7,0,0,0,0,0,0,0,1,0,0,0
6625,0,0,0,1,0,0,1,9,186,25.81695284403975,0.9997918311512132,1,3,0,0,0,1,0,0,0,0,6,0,0,0,0,0,0,1,0,0,0,6,0,0,0,0,0,0,1,0,0,0,0
6626,0,1,1,1,0,0,0,7,163,25.072929693916265,0.9995620333344426,1,2,0,0,1,0,0,0,0,0,8,0,0,0,0,0,0,0,0,1,0,7,0,0,0,0,0,0,0,1,0,0,0
6627,1,1,1,1,0,0,0,7,165,198.07053144347682,1.0,1,2,0,0,1,0,0,0,0,0,8,0,0,0,0,0,0,0,0,1,0,7,0,0,0,0,0,0,0,1,0,0,0
6628,0,1,0,1,0,1,0,10,162,55.6086520991735,1.0,1,6,0,0,0,0,0,0,1,0,6,0,0,0,0,0,0,1,0,0,0,7,0,0,0,0,0,0,0,1,0,0,0
6629,0,1,1,0,1,0,0,14,160,25.32032569609545,0.9996579890368968,1,4,0,0,0,0,1,0,0,0,9,0,0,0,0,0,0,0,0,0,1,7,0,0,0,0,0,0,0,1,0,0,0
6630,0,0,0,0,0,0,0,1,144,19.314983426855395,0.8781453758143457,1,6,0,0,0,0,0,0,1,0,6,0,0,0,0,0,0,1,0,0,0,7,0,0,0,0,0,0,0,1,0,0,0
6631,1,0,0,1,0,0,0,5,85,26.755280971170315,0.9999185370658948,1,4,0,0,0,0,1,0,0,0,9,0,0,0,0,0,0,0,0,0,1,7,0,0,0,0,0,0,0,1,0,0,0
6632,0,0,1,0,0,0,0,2,157,46.74671344410509,0.9999999999998306,1,4,0,0,0,0,1,0,0,0,9,0,0,0,0,0,0,0,0,0,1,7,0,0,0,0,0,0,0,1,0,0,0
6634,0,1,0,1,0,0,0,6,147,59.18305969991851,1.0,1,6,0,0,0,0,0,0,1,0,6,0,0,0,0,0,0,1,0,0,0,7,0,0,0,0,0,0,0,1,0,0,0
6635,0,0,0,0,0,0,3,44,152,24.97049691785966,0.9995148159331104,1,1,0,1,0,0,0,0,0,0,6,0,0,0,0,0,0,1,0,0,0,7,0,0,0,0,0,0,0,1,0,0,0
6636,0,0,0,1,0,0,0,9,150,52.95397340649468,0.9999999999999996,1,6,0,0,0,0,0,0,1,0,6,0,0,0,0,0,0,1,0,0,0,7,0,0,0,0,0,0,0,1,0,0,0
6637,0,0,0,0,0,0,0,4,89,11.087025718047329,0.0019210235173976477,0,6,0,0,0,0,0,0,1,0,6,0,0,0,0,0,0,1,0,0,0,7,0,0,0,0,0,0,0,1,0,0,0
6638,1,1,1,0,0,0,0,19,136,19.69609485005117,0.9134174610046124,1,2,0,0,1,0,0,0,0,0,6,0,0,0,0,0,0,1,0,0,0,7,0,0,0,0,0,0,0,1,0,0,1
6642,1,1,1,0,0,0,0,5,153,36.9919549030212,0.9999999970807962,1,6,0,0,0,0,0,0,1,0,6,0,0,0,0,0,0,1,0,0,0,7,0,0,0,0,0,0,0,1,0,0,1
6643,0,1,1,0,0,1,0,8,155,17.257780782799205,0.4794567670834788,0,6,0,0,0,0,0,0,1,0,6,0,0,0,0,0,0,1,0,0,0,7,0,0,0,0,0,0,0,1,0,0,0
6644,0,0,0,1,0,0,1,2,87,8.689876451666809,0.00017507455639653678,0,6,0,0,0,0,0,0,1,0,6,0,0,0,0,0,0,1,0,0,0,7,0,0,0,0,0,0,0,1,0,0,0
6646,0,1,1,0,0,0,0,9,118,8.569376358811951,0.00015520265306251586,0,2,0,0,1,0,0,0,0,0,8,0,0,0,0,0,0,0,0,1,0,7,0,0,0,0,0,0,0,1,0,0,0
6647,0,0,0,0,0,0,0,1,51,3.236714765576961,7.499299878150678e-07,0,6,0,0,0,0,0,0,1,0,6,0,0,0,0,0,0,1,0,0,0,7,0,0,0,0,0,0,0,1,0,0,0
6648,0,0,0,0,0,0,0,10,70,5.598800269108076,7.958996054095202e-06,0,6,0,0,0,0,0,0,1,0,6,0,0,0,0,0,0,1,0,0,0,7,0,0,0,0,0,0,0,1,0,0,0
6649,1,0,0,1,0,0,0,2,65,6.744432330715207,2.5026064513581188e-05,0,5,0,0,0,0,0,1,0,0,1,0,1,0,0,0,0,0,0,0,0,7,0,0,0,0,0,0,0,1,0,0,1
6653,1,0,1,0,1,0,0,19,156,5.601833631478522,7.983175033761988e-06,0,6,0,0,0,0,0,0,1,0,6,0,0,0,0,0,0,1,0,0,0,7,0,0,0,0,0,0,0,1,0,0,1
6654,1,1,0,1,0,0,1,6,99,35.205610636095365,0.9999999825793692,1,6,0,0,0,0,0,0,1,0,6,0,0,0,0,0,0,1,0,0,0,7,0,0,0,0,0,0,0,1,0,0,0
6655,0,0,0,1,0,0,0,5,147,33.6107436168405,0.9999999141568208,1,6,0,0,0,0,0,0,1,0,6,0,0,0,0,0,0,1,0,0,0,7,0,0,0,0,0,0,0,1,0,0,0
6656,0,1,0,0,1,0,0,25,72,9.71219587963434,0.0004864916935229918,0,4,0,0,0,0,1,0,0,0,9,0,0,0,0,0,0,0,0,0,1,7,0,0,0,0,0,0,0,1,0,0,0
6658,1,1,1,0,0,0,0,10,160,90.50730812348264,1.0,1,2,0,0,1,0,0,0,0,0,8,0,0,0,0,0,0,0,0,1,0,7,0,0,0,0,0,0,0,1,0,0,1
6660,0,1,1,1,1,1,0,6,104,4.314099403745091,2.2025323337002997e-06,0,4,0,0,0,0,1,0,0,0,9,0,0,0,0,0,0,0,0,0,1,8,0,0,0,0,0,0,0,0,1,0,1
6661,1,1,1,0,0,0,0,14,157,75.22517894543216,1.0,1,4,0,0,0,0,1,0,0,0,9,0,0,0,0,0,0,0,0,0,1,7,0,0,0,0,0,0,0,1,0,0,0
6662,0,0,0,1,0,0,0,5,78,6.607068760507412,2.181412081949425e-05,0,4,0,0,0,0,1,0,0,0,9,0,0,0,0,0,0,0,0,0,1,8,0,0,0,0,0,0,0,0,1,0,1
6663,1,1,1,0,0,0,0,20,141,13.101703623810312,0.014226833965414262,0,4,0,0,0,0,1,0,0,0,2,0,0,1,0,0,0,0,0,0,0,3,0,0,0,1,0,0,0,0,0,0,1
6664,0,1,1,0,0,0,0,12,169,25.080261552527123,0.9995652313101421,1,4,0,0,0,0,1,0,0,0,9,0,0,0,0,0,0,0,0,0,1,7,0,0,0,0,0,0,0,1,0,0,0
6665,0,1,1,0,0,0,0,17,150,14.375404760072279,0.0490512155122877,0,6,0,0,0,0,0,0,1,0,6,0,0,0,0,0,0,1,0,0,0,7,0,0,0,0,0,0,0,1,0,0,0
6667,0,0,0,1,0,0,0,16,174,95.10082141560406,1.0,1,4,0,0,0,0,1,0,0,0,9,0,0,0,0,0,0,0,0,0,1,7,0,0,0,0,0,0,0,1,0,0,0
6668,1,1,1,0,0,0,0,10,98,21.282803189659496,0.9809751888386528,1,2,0,0,1,0,0,0,0,0,6,0,0,0,0,0,0,1,0,0,0,7,0,0,0,0,0,0,0,1,0,0,1
6669,1,1,1,0,1,0,0,23,159,29.323227271887788,0.9999937519023716,1,2,0,0,1,0,0,0,0,0,6,0,0,0,0,0,0,1,0,0,0,7,0,0,0,0,0,0,0,1,0,0,1
6670,0,1,1,0,1,0,0,11,97,3.8485328778816665,1.3827054530022094e-06,0,4,0,0,0,0,1,0,0,0,2,0,0,1,0,0,0,0,0,0,0,7,0,0,0,0,0,0,0,1,0,0,0
6672,0,0,0,0,0,0,0,2,96,37.95275309347291,0.9999999988831494,1,6,0,0,0,0,0,0,1,0,6,0,0,0,0,0,0,1,0,0,0,7,0,0,0,0,0,0,0,1,0,0,0
6675,1,1,1,0,0,0,0,15,134,75.55050178421044,1.0,1,2,0,0,1,0,0,0,0,0,8,0,0,0,0,0,0,0,0,1,0,7,0,0,0,0,0,0,0,1,0,0,1
6676,0,1,1,1,0,1,2,15,129,28.023399119708447,0.9999770781978592,1,4,0,0,0,0,1,0,0,0,9,0,0,0,0,0,0,0,0,0,1,7,0,0,0,0,0,0,0,1,0,0,0
6678,0,1,0,1,0,0,0,7,159,36.33346215931861,0.9999999943604534,1,2,0,0,1,0,0,0,0,0,8,0,0,0,0,0,0,0,0,1,0,7,0,0,0,0,0,0,0,1,0,0,1
6679,1,1,1,0,0,0,0,11,107,33.733927295005074,0.9999999241059364,1,6,0,0,0,0,0,0,1,0,6,0,0,0,0,0,0,1,0,0,0,7,0,0,0,0,0,0,0,1,0,0,1
6681,1,1,0,0,0,0,0,0,130,116.63608778557078,1.0,1,6,0,0,0,0,0,0,1,0,6,0,0,0,0,0,0,1,0,0,0,7,0,0,0,0,0,0,0,1,0,0,1
6682,0,1,1,0,0,0,0,10,148,10.112141878655477,0.0007255475605490695,0,6,0,0,0,0,0,0,1,0,6,0,0,0,0,0,0,1,0,0,0,7,0,0,0,0,0,0,0,1,0,0,0
6683,1,1,1,0,1,0,0,11,146,36.660775876800905,0.99999999593469,1,6,0,0,0,0,0,0,1,0,6,0,0,0,0,0,0,1,0,0,0,7,0,0,0,0,0,0,0,1,0,0,1
6686,1,1,1,1,0,0,0,14,106,20.563380746431054,0.9617047177071716,1,0,1,0,0,0,0,0,0,0,6,0,0,0,0,0,0,1,0,0,0,7,0,0,0,0,0,0,0,1,0,0,1
6687,0,0,0,0,0,0,0,7,144,67.98665448904507,1.0,1,1,0,1,0,0,0,0,0,0,7,0,0,0,0,0,0,0,1,0,0,6,0,0,0,0,0,0,1,0,0,0,0
6688,0,0,1,0,1,0,0,5,72,5.009411596649105,4.414602252666807e-06,0,6,0,0,0,0,0,0,1,0,6,0,0,0,0,0,0,1,0,0,0,7,0,0,0,0,0,0,0,1,0,0,1
6689,0,1,1,0,1,0,0,9,79,5.606063561853038,8.017014556558717e-06,0,6,0,0,0,0,0,0,1,0,6,0,0,0,0,0,0,1,0,0,0,7,0,0,0,0,0,0,0,1,0,0,0
6690,0,1,0,1,0,1,0,15,151,29.684664999782033,0.99999564710472,1,6,0,0,0,0,0,0,1,0,6,0,0,0,0,0,0,1,0,0,0,7,0,0,0,0,0,0,0,1,0,0,1
6693,0,0,0,0,0,0,0,4,153,71.88470185385131,1.0,1,6,0,0,0,0,0,0,1,0,6,0,0,0,0,0,0,1,0,0,0,7,0,0,0,0,0,0,0,1,0,0,0
6694,0,0,1,1,0,0,0,4,116,7.7895623213589875,7.11650417899885e-05,0,6,0,0,0,0,0,0,1,0,6,0,0,0,0,0,0,1,0,0,0,7,0,0,0,0,0,0,0,1,0,0,0
6695,1,1,1,0,0,0,0,5,85,20.139508576444253,0.9426492627209686,1,6,0,0,0,0,0,0,1,0,6,0,0,0,0,0,0,1,0,0,0,7,0,0,0,0,0,0,0,1,0,0,1
6697,0,1,0,1,0,1,0,9,151,36.036082720706894,0.9999999924073316,1,6,0,0,0,0,0,0,1,0,6,0,0,0,0,0,0,1,0,0,0,7,0,0,0,0,0,0,0,1,0,0,0
6699,0,1,1,0,0,1,2,6,89,7.758203877896918,6.896819561970107e-05,0,4,0,0,0,0,1,0,0,0,9,0,0,0,0,0,0,0,0,0,1,7,0,0,0,0,0,0,0,1,0,0,0
6700,0,1,1,0,0,0,0,17,152,15.139763779268401,0.09972927842577238,0,4,0,0,0,0,1,0,0,0,9,0,0,0,0,0,0,0,0,0,1,4,0,0,0,0,1,0,0,0,0,0,0
6701,1,0,0,0,0,0,0,4,65,10.803029336491802,0.001446774785394469,0,4,0,0,0,0,1,0,0,0,9,0,0,0,0,0,0,0,0,0,1,7,0,0,0,0,0,0,0,1,0,0,0
6702,1,1,1,0,0,0,0,8,146,88.58544605483108,1.0,1,6,0,0,0,0,0,0,1,0,6,0,0,0,0,0,0,1,0,0,0,7,0,0,0,0,0,0,0,1,0,0,1
6703,0,0,0,0,0,0,0,3,73,18.00562419231397,0.6605226512896428,1,6,0,0,0,0,0,0,1,0,6,0,0,0,0,0,0,1,0,0,0,7,0,0,0,0,0,0,0,1,0,0,0
6706,0,0,0,1,1,0,0,14,103,6.026469363573308,1.2206489236678365e-05,0,1,0,1,0,0,0,0,0,0,6,0,0,0,0,0,0,1,0,0,0,7,0,0,0,0,0,0,0,1,0,0,0
6707,0,0,0,0,1,0,0,15,160,60.444579320506534,1.0,1,7,0,0,0,0,0,0,0,1,6,0,0,0,0,0,0,1,0,0,0,7,0,0,0,0,0,0,0,1,0,0,0
6708,0,1,0,1,0,0,2,1,120,19.8804828881882,0.9269315390776828,1,6,0,0,0,0,0,0,1,0,6,0,0,0,0,0,0,1,0,0,0,7,0,0,0,0,0,0,0,1,0,0,0
6709,0,1,1,0,0,0,0,12,135,18.129937788701415,0.6878179724545909,1,6,0,0,0,0,0,0,1,0,6,0,0,0,0,0,0,1,0,0,0,7,0,0,0,0,0,0,0,1,0,0,0
6711,0,1,1,0,0,3,0,14,121,19.950405547704516,0.931528267995776,1,6,0,0,0,0,0,0,1,0,6,0,0,0,0,0,0,1,0,0,0,7,0,0,0,0,0,0,0,1,0,0,0
6712,0,0,0,0,0,0,9,0,64,6.966441868156121,3.124693147936015e-05,0,6,0,0,0,0,0,0,1,0,6,0,0,0,0,0,0,1,0,0,0,7,0,0,0,0,0,0,0,1,0,0,0
6714,0,0,0,0,0,0,2,0,73,7.592930103860475,5.846230559837209e-05,0,6,0,0,0,0,0,0,1,0,6,0,0,0,0,0,0,1,0,0,0,7,0,0,0,0,0,0,0,1,0,0,0
6716,0,1,1,0,0,0,0,8,130,13.173686634523929,0.015272466344200172,0,4,0,0,0,0,1,0,0,0,6,0,0,0,0,0,0,1,0,0,0,7,0,0,0,0,0,0,0,1,0,0,0
6719,0,0,0,0,0,0,0,5,41,2.8458781617639213,5.073207727454415e-07,0,4,0,0,0,0,1,0,0,0,9,0,0,0,0,0,0,0,0,0,1,7,0,0,0,0,0,0,0,1,0,0,0
6721,0,1,1,0,0,0,6,5,46,1.4298794225019829,1.2311823284664035e-07,0,6,0,0,0,0,0,0,1,0,6,0,0,0,0,0,0,1,0,0,0,7,0,0,0,0,0,0,0,1,0,0,0
6722,0,1,0,1,1,0,0,11,93,6.938832652751239,3.0396054511976674e-05,0,1,0,1,0,0,0,0,0,0,6,0,0,0,0,0,0,1,0,0,0,7,0,0,0,0,0,0,0,1,0,0,0
6723,0,1,1,1,0,0,0,26,138,41.564571149670954,0.999999999969842,1,6,0,0,0,0,0,0,1,0,6,0,0,0,0,0,0,1,0,0,0,7,0,0,0,0,0,0,0,1,0,0,0
6724,0,1,1,0,0,0,0,26,64,13.538768982690728,0.02185493961287479,0,4,0,0,0,0,1,0,0,0,9,0,0,0,0,0,0,0,0,0,1,7,0,0,0,0,0,0,0,1,0,0,0
6725,0,1,1,0,1,0,0,39,148,35.06446117517363,0.9999999799384582,1,6,0,0,0,0,0,0,1,0,6,0,0,0,0,0,0,1,0,0,0,7,0,0,0,0,0,0,0,1,0,0,0
6726,0,1,1,0,0,0,0,13,104,14.559710667780475,0.05839864363932825,0,4,0,0,0,0,1,0,0,0,9,0,0,0,0,0,0,0,0,0,1,1,0,1,0,0,0,0,0,0,0,0,0
6727,0,0,0,0,0,1,4,2,24,1.7609052693768519,1.7142929968837618e-07,0,6,0,0,0,0,0,0,1,0,6,0,0,0,0,0,0,1,0,0,0,7,0,0,0,0,0,0,0,1,0,0,0
6729,1,1,1,0,0,0,4,8,72,4.64901615929956,3.0787499016542045e-06,0,5,0,0,0,0,0,1,0,0,1,0,1,0,0,0,0,0,0,0,0,7,0,0,0,0,0,0,0,1,0,0,0
6730,0,0,0,0,0,0,6,2,110,25.441796598167638,0.9996970974879286,1,6,0,0,0,0,0,0,1,0,6,0,0,0,0,0,0,1,0,0,0,7,0,0,0,0,0,0,0,1,0,0,0
6731,1,0,0,1,1,0,0,18,104,46.644527619416984,0.9999999999998124,1,1,0,1,0,0,0,0,0,0,6,0,0,0,0,0,0,1,0,0,0,7,0,0,0,0,0,0,0,1,0,0,0
6734,0,0,0,0,0,0,0,9,26,3.3015686787893843,8.001776100248576e-07,0,4,0,0,0,0,1,0,0,0,6,0,0,0,0,0,0,1,0,0,0,7,0,0,0,0,0,0,0,1,0,0,0
6735,0,1,1,0,0,1,0,10,136,46.6897650735228,0.9999999999998208,1,1,0,1,0,0,0,0,0,0,6,0,0,0,0,0,0,1,0,0,0,7,0,0,0,0,0,0,0,1,0,0,1
6736,0,1,0,1,1,0,0,11,68,6.749462765013544,2.515227048968961e-05,0,1,0,1,0,0,0,0,0,0,6,0,0,0,0,0,0,1,0,0,0,7,0,0,0,0,0,0,0,1,0,0,0
6737,0,0,0,0,1,0,0,12,156,48.49990575087677,0.9999999999999708,1,4,0,0,0,0,1,0,0,0,9,0,0,0,0,0,0,0,0,0,1,7,0,0,0,0,0,0,0,1,0,0,0
6738,0,1,1,0,0,0,0,6,170,76.4107267000308,1.0,1,7,0,0,0,0,0,0,0,1,6,0,0,0,0,0,0,1,0,0,0,7,0,0,0,0,0,0,0,1,0,0,0
6742,0,1,1,0,0,0,0,24,148,13.237724918188384,0.016266054624902052,0,6,0,0,0,0,0,0,1,0,6,0,0,0,0,0,0,1,0,0,0,7,0,0,0,0,0,0,0,1,0,0,0
6744,0,0,0,1,0,0,2,11,53,2.2136366215097008,2.6958997371605585e-07,0,6,0,0,0,0,0,0,1,0,6,0,0,0,0,0,0,1,0,0,0,7,0,0,0,0,0,0,0,1,0,0,0
6745,1,1,0,1,1,0,0,26,108,77.11905617027608,1.0,1,6,0,0,0,0,0,0,1,0,6,0,0,0,0,0,0,1,0,0,0,7,0,0,0,0,0,0,0,1,0,0,0
6746,0,0,0,0,0,0,4,1,82,19.394049860672823,0.8863561954284152,1,6,0,0,0,0,0,0,1,0,6,0,0,0,0,0,0,1,0,0,0,7,0,0,0,0,0,0,0,1,0,0,0
6748,0,1,1,0,1,0,0,12,145,24.976324754545683,0.9995176339233204,1,4,0,0,0,0,1,0,0,0,2,0,0,1,0,0,0,0,0,0,0,7,0,0,0,0,0,0,0,1,0,0,0
6749,1,0,1,0,0,0,0,10,99,25.09246641546627,0.9995705030872776,1,6,0,0,0,0,0,0,1,0,6,0,0,0,0,0,0,1,0,0,0,7,0,0,0,0,0,0,0,1,0,0,1
6751,0,1,1,0,0,0,0,8,162,103.42508516077423,1.0,1,2,0,0,1,0,0,0,0,0,8,0,0,0,0,0,0,0,0,1,0,7,0,0,0,0,0,0,0,1,0,0,1
6754,0,1,1,0,1,2,1,11,125,15.152802656991925,0.10090607767899763,0,0,1,0,0,0,0,0,0,0,6,0,0,0,0,0,0,1,0,0,0,7,0,0,0,0,0,0,0,1,0,0,0
6756,1,0,0,0,0,1,0,3,62,8.591843035963969,0.00015872844561230583,0,4,0,0,0,0,1,0,0,0,9,0,0,0,0,0,0,0,0,0,1,7,0,0,0,0,0,0,0,1,0,0,1
6757,1,1,1,0,1,0,0,10,130,34.82102684942313,0.9999999744090452,1,4,0,0,0,0,1,0,0,0,9,0,0,0,0,0,0,0,0,0,1,7,0,0,0,0,0,0,0,1,0,0,1
6758,1,0,0,0,0,0,1,13,168,116.12994092502035,1.0,1,4,0,0,0,0,1,0,0,0,9,0,0,0,0,0,0,0,0,0,1,7,0,0,0,0,0,0,0,1,0,0,1
6759,0,1,1,0,1,0,0,24,159,14.577310660418153,0.0593739916992063,0,6,0,0,0,0,0,0,1,0,6,0,0,0,0,0,0,1,0,0,0,7,0,0,0,0,0,0,0,1,0,0,0
6760,1,0,0,1,0,0,0,3,142,73.62056145679807,1.0,1,4,0,0,0,0,1,0,0,0,9,0,0,0,0,0,0,0,0,0,1,7,0,0,0,0,0,0,0,1,0,0,1
6762,1,1,1,0,0,0,0,8,140,59.857461845681236,1.0,1,4,0,0,0,0,1,0,0,0,9,0,0,0,0,0,0,0,0,0,1,7,0,0,0,0,0,0,0,1,0,0,1
6764,1,1,1,0,0,0,0,9,151,82.82124884042295,1.0,1,6,0,0,0,0,0,0,1,0,6,0,0,0,0,0,0,1,0,0,0,7,0,0,0,0,0,0,0,1,0,0,1
6765,0,1,1,0,0,0,0,20,101,4.591986172766339,2.90808218988672e-06,0,6,0,0,0,0,0,0,1,0,6,0,0,0,0,0,0,1,0,0,0,7,0,0,0,0,0,0,0,1,0,0,0
6766,1,1,1,0,0,0,4,6,86,22.619993399237394,0.994933337392254,1,6,0,0,0,0,0,0,1,0,6,0,0,0,0,0,0,1,0,0,0,7,0,0,0,0,0,0,0,1,0,0,1
6767,0,0,0,0,0,0,0,7,115,26.529245086219806,0.9998978784934482,1,4,0,0,0,0,1,0,0,0,9,0,0,0,0,0,0,0,0,0,1,7,0,0,0,0,0,0,0,1,0,0,0
6769,0,1,0,1,0,0,0,5,66,3.9261178580361835,1.4942537550898745e-06,0,2,0,0,1,0,0,0,0,0,6,0,0,0,0,0,0,1,0,0,0,7,0,0,0,0,0,0,0,1,0,0,0
6772,1,1,1,0,0,0,0,7,137,60.77249395264368,1.0,1,4,0,0,0,0,1,0,0,0,9,0,0,0,0,0,0,0,0,0,1,7,0,0,0,0,0,0,0,1,0,0,1
6773,1,1,1,0,0,0,0,12,97,21.76944316476238,0.9882193131238124,1,7,0,0,0,0,0,0,0,1,0,1,0,0,0,0,0,0,0,0,0,7,0,0,0,0,0,0,0,1,0,0,1
6774,1,1,1,0,0,0,0,5,142,59.857461845681236,1.0,1,1,0,1,0,0,0,0,0,0,4,0,0,0,0,1,0,0,0,0,0,7,0,0,0,0,0,0,0,1,0,0,1
6775,0,1,1,0,0,0,0,28,134,35.62831718053397,0.9999999885847676,1,6,0,0,0,0,0,0,1,0,6,0,0,0,0,0,0,1,0,0,0,7,0,0,0,0,0,0,0,1,0,0,0
6776,1,1,1,0,0,0,0,14,131,23.41192856868287,0.9976985884629668,1,6,0,0,0,0,0,0,1,0,6,0,0,0,0,0,0,1,0,0,0,7,0,0,0,0,0,0,0,1,0,0,1
6779,0,1,0,1,1,0,0,5,130,60.47789536494515,1.0,1,4,0,0,0,0,1,0,0,0,9,0,0,0,0,0,0,0,0,0,1,7,0,0,0,0,0,0,0,1,0,0,0
6781,0,1,1,0,1,0,1,16,135,14.977329474205156,0.0860639068540422,0,6,0,0,0,0,0,0,1,0,6,0,0,0,0,0,0,1,0,0,0,7,0,0,0,0,0,0,0,1,0,0,0
6783,0,0,0,1,0,0,0,54,86,26.951034320147034,0.9999330189827542,1,6,0,0,0,0,0,0,1,0,6,0,0,0,0,0,0,1,0,0,0,7,0,0,0,0,0,0,0,1,0,0,0
6784,0,0,0,1,0,0,1,8,96,3.228758066681769,7.43986700976097e-07,0,6,0,0,0,0,0,0,1,0,6,0,0,0,0,0,0,1,0,0,0,7,0,0,0,0,0,0,0,1,0,0,0
6785,0,0,0,0,0,0,6,2,77,16.434616254861705,0.2879453938279669,0,6,0,0,0,0,0,0,1,0,6,0,0,0,0,0,0,1,0,0,0,7,0,0,0,0,0,0,0,1,0,0,0
6787,1,1,1,0,1,0,0,23,153,17.744768390615874,0.5998327761578373,1,6,0,0,0,0,0,0,1,0,6,0,0,0,0,0,0,1,0,0,0,7,0,0,0,0,0,0,0,1,0,0,0
6788,1,1,1,0,0,0,0,29,134,35.62831718053397,0.9999999885847676,1,6,0,0,0,0,0,0,1,0,6,0,0,0,0,0,0,1,0,0,0,7,0,0,0,0,0,0,0,1,0,0,0
6789,1,0,1,0,1,0,0,5,91,12.763417234846525,0.010185193987030305,0,6,0,0,0,0,0,0,1,0,6,0,0,0,0,0,0,1,0,0,0,7,0,0,0,0,0,0,0,1,0,0,1
6790,0,0,0,0,0,0,0,4,51,6.711132298477618,2.420643845678713e-05,0,4,0,0,0,0,1,0,0,0,9,0,0,0,0,0,0,0,0,0,1,7,0,0,0,0,0,0,0,1,0,0,1
6792,0,0,0,0,0,0,0,14,147,121.16463841288609,1.0,1,4,0,0,0,0,1,0,0,0,9,0,0,0,0,0,0,0,0,0,1,7,0,0,0,0,0,0,0,1,0,0,0
6793,1,1,1,0,1,0,0,8,114,12.763417234846525,0.010185193987030305,0,6,0,0,0,0,0,0,1,0,6,0,0,0,0,0,0,1,0,0,0,7,0,0,0,0,0,0,0,1,0,0,1
6794,0,1,1,0,0,0,0,15,158,24.56301807695764,0.9992709348114276,1,4,0,0,0,0,1,0,0,0,9,0,0,0,0,0,0,0,0,0,1,7,0,0,0,0,0,0,0,1,0,0,1
6795,1,1,1,0,1,1,0,7,117,29.080192476466216,0.999992032983237,1,6,0,0,0,0,0,0,1,0,6,0,0,0,0,0,0,1,0,0,0,7,0,0,0,0,0,0,0,1,0,0,1
6796,0,0,0,0,0,0,0,8,127,26.16822960879189,0.9998534840315068,1,4,0,0,0,0,1,0,0,0,9,0,0,0,0,0,0,0,0,0,1,7,0,0,0,0,0,0,0,1,0,0,0
6799,0,0,0,0,0,2,0,4,152,64.07620504206103,1.0,1,0,1,0,0,0,0,0,0,0,6,0,0,0,0,0,0,1,0,0,0,7,0,0,0,0,0,0,0,1,0,0,0
6800,0,1,0,0,0,2,0,4,154,64.07620504206103,1.0,1,0,1,0,0,0,0,0,0,0,6,0,0,0,0,0,0,1,0,0,0,7,0,0,0,0,0,0,0,1,0,0,0
6801,0,0,0,0,1,0,0,4,91,3.3249946873093603,8.191438464416045e-07,0,6,0,0,0,0,0,0,1,0,6,0,0,0,0,0,0,1,0,0,0,7,0,0,0,0,0,0,0,1,0,0,0
6802,0,0,0,1,0,0,0,7,73,0.6437220868568725,5.609170090968124e-08,0,6,0,0,0,0,0,0,1,0,6,0,0,0,0,0,0,1,0,0,0,7,0,0,0,0,0,0,0,1,0,0,0
6804,0,0,0,0,0,2,0,5,151,64.07620504206103,1.0,1,0,1,0,0,0,0,0,0,0,6,0,0,0,0,0,0,1,0,0,0,7,0,0,0,0,0,0,0,1,0,0,0
6806,1,1,0,1,0,1,1,6,169,50.334362537195304,0.9999999999999952,1,6,0,0,0,0,0,0,1,0,6,0,0,0,0,0,0,1,0,0,0,7,0,0,0,0,0,0,0,1,0,0,0
6807,0,0,0,0,0,2,0,4,152,64.07620504206103,1.0,1,0,1,0,0,0,0,0,0,0,6,0,0,0,0,0,0,1,0,0,0,7,0,0,0,0,0,0,0,1,0,0,0
6808,0,1,0,0,0,2,0,4,153,64.07620504206103,1.0,1,0,1,0,0,0,0,0,0,0,6,0,0,0,0,0,0,1,0,0,0,7,0,0,0,0,0,0,0,1,0,0,0
6809,0,1,0,0,0,2,0,4,157,64.07620504206103,1.0,1,0,1,0,0,0,0,0,0,0,6,0,0,0,0,0,0,1,0,0,0,7,0,0,0,0,0,0,0,1,0,0,0
6810,0,1,1,0,0,0,0,6,153,69.35262276833984,1.0,1,6,0,0,0,0,0,0,1,0,6,0,0,0,0,0,0,1,0,0,0,7,0,0,0,0,0,0,0,1,0,0,0
6811,0,1,0,0,0,0,4,3,123,28.89987275774207,0.9999904587141748,1,6,0,0,0,0,0,0,1,0,6,0,0,0,0,0,0,1,0,0,0,7,0,0,0,0,0,0,0,1,0,0,0
6813,1,0,0,0,0,2,0,4,150,64.07620504206103,1.0,1,0,1,0,0,0,0,0,0,0,6,0,0,0,0,0,0,1,0,0,0,7,0,0,0,0,0,0,0,1,0,0,0
6814,1,0,0,0,0,0,0,5,153,71.88664577361284,1.0,1,4,0,0,0,0,1,0,0,0,9,0,0,0,0,0,0,0,0,0,1,7,0,0,0,0,0,0,0,1,0,0,1
6815,0,0,0,0,1,3,0,17,175,61.220138725811864,1.0,1,6,0,0,0,0,0,0,1,0,6,0,0,0,0,0,0,1,0,0,0,7,0,0,0,0,0,0,0,1,0,0,0
6817,0,0,0,0,0,0,2,4,96,19.306924681375772,0.8772804098967709,1,2,0,0,1,0,0,0,0,0,3,0,0,0,1,0,0,0,0,0,0,7,0,0,0,0,0,0,0,1,0,0,0
6819,0,1,0,0,0,2,0,4,156,64.07620504206103,1.0,1,0,1,0,0,0,0,0,0,0,6,0,0,0,0,0,0,1,0,0,0,7,0,0,0,0,0,0,0,1,0,0,0
6820,0,0,0,0,0,0,2,8,167,80.3693541504803,1.0,1,6,0,0,0,0,0,0,1,0,6,0,0,0,0,0,0,1,0,0,0,7,0,0,0,0,0,0,0,1,0,0,0
6821,0,0,0,1,1,0,0,7,121,14.807731659787464,0.07362678275136325,0,4,0,0,0,0,1,0,0,0,2,0,0,1,0,0,0,0,0,0,0,3,0,0,0,1,0,0,0,0,0,0,1
6823,1,0,0,0,0,2,0,5,149,64.07620504206103,1.0,1,0,1,0,0,0,0,0,0,0,6,0,0,0,0,0,0,1,0,0,0,7,0,0,0,0,0,0,0,1,0,0,0
6824,0,0,0,0,0,2,0,4,155,64.07620504206103,1.0,1,0,1,0,0,0,0,0,0,0,6,0,0,0,0,0,0,1,0,0,0,7,0,0,0,0,0,0,0,1,0,0,0
6828,1,0,0,0,0,0,0,68,126,459.2312588702665,1.0,1,6,0,0,0,0,0,0,1,0,6,0,0,0,0,0,0,1,0,0,0,7,0,0,0,0,0,0,0,1,0,0,0
6830,0,0,0,0,0,2,0,6,156,64.07620504206103,1.0,1,0,1,0,0,0,0,0,0,0,6,0,0,0,0,0,0,1,0,0,0,7,0,0,0,0,0,0,0,1,0,0,0
6832,0,1,0,0,0,2,0,4,151,64.07620504206103,1.0,1,0,1,0,0,0,0,0,0,0,6,0,0,0,0,0,0,1,0,0,0,7,0,0,0,0,0,0,0,1,0,0,0
6833,0,1,0,0,0,0,0,3,188,43.66396830182543,0.9999999999963048,1,2,0,0,1,0,0,0,0,0,3,0,0,0,1,0,0,0,0,0,0,7,0,0,0,0,0,0,0,1,0,0,0
6834,0,0,0,0,0,2,0,4,153,64.07620504206103,1.0,1,0,1,0,0,0,0,0,0,0,6,0,0,0,0,0,0,1,0,0,0,7,0,0,0,0,0,0,0,1,0,0,0
6835,0,0,0,1,0,0,0,5,160,62.134672218277075,1.0,1,6,0,0,0,0,0,0,1,0,6,0,0,0,0,0,0,1,0,0,0,7,0,0,0,0,0,0,0,1,0,0,0
6837,1,0,0,0,0,2,0,4,154,64.07620504206103,1.0,1,0,1,0,0,0,0,0,0,0,6,0,0,0,0,0,0,1,0,0,0,7,0,0,0,0,0,0,0,1,0,0,0
6839,0,0,0,1,0,0,0,4,71,5.145399740987658,5.057666653504062e-06,0,6,0,0,0,0,0,0,1,0,6,0,0,0,0,0,0,1,0,0,0,7,0,0,0,0,0,0,0,1,0,0,0
6841,0,0,0,1,0,0,0,30,164,123.78465602445219,1.0,1,6,0,0,0,0,0,0,1,0,6,0,0,0,0,0,0,1,0,0,0,7,0,0,0,0,0,0,0,1,0,0,0
6843,1,0,0,0,0,0,1,4,161,90.17715453937865,1.0,1,6,0,0,0,0,0,0,1,0,6,0,0,0,0,0,0,1,0,0,0,7,0,0,0,0,0,0,0,1,0,0,0
6844,0,0,0,0,0,2,0,4,154,64.07620504206103,1.0,1,0,1,0,0,0,0,0,0,0,6,0,0,0,0,0,0,1,0,0,0,7,0,0,0,0,0,0,0,1,0,0,0
6845,0,0,0,0,0,0,0,2,81,19.846699650045824,0.9246101577652508,1,6,0,0,0,0,0,0,1,0,6,0,0,0,0,0,0,1,0,0,0,7,0,0,0,0,0,0,0,1,0,0,0
6847,0,0,0,0,0,2,0,6,152,64.07620504206103,1.0,1,0,1,0,0,0,0,0,0,0,6,0,0,0,0,0,0,1,0,0,0,7,0,0,0,0,0,0,0,1,0,0,0
6848,0,0,0,1,0,0,0,3,95,28.95636409499364,0.9999909827677084,1,6,0,0,0,0,0,0,1,0,6,0,0,0,0,0,0,1,0,0,0,7,0,0,0,0,0,0,0,1,0,0,0
6849,1,1,0,1,0,0,0,7,161,53.25115587329036,0.9999999999999998,1,5,0,0,0,0,0,1,0,0,1,0,1,0,0,0,0,0,0,0,0,7,0,0,0,0,0,0,0,1,0,0,1
6850,1,1,0,1,0,0,0,12,132,73.46576486644642,1.0,1,6,0,0,0,0,0,0,1,0,6,0,0,0,0,0,0,1,0,0,0,7,0,0,0,0,0,0,0,1,0,0,1
6852,1,0,0,1,0,0,1,5,83,27.654729534658305,0.9999668597723098,1,6,0,0,0,0,0,0,1,0,6,0,0,0,0,0,0,1,0,0,0,7,0,0,0,0,0,0,0,1,0,0,1
6854,1,0,0,0,0,0,0,4,167,120.92075967997455,1.0,1,2,0,0,1,0,0,0,0,0,6,0,0,0,0,0,0,1,0,0,0,7,0,0,0,0,0,0,0,1,0,0,1
6855,1,1,0,1,0,0,0,7,168,84.66953055946793,1.0,1,5,0,0,0,0,0,1,0,0,1,0,1,0,0,0,0,0,0,0,0,7,0,0,0,0,0,0,0,1,0,0,1
6857,1,1,1,0,0,0,0,10,162,66.47633343160733,1.0,1,4,0,0,0,0,1,0,0,0,9,0,0,0,0,0,0,0,0,0,1,5,0,0,0,0,0,1,0,0,0,0,1
6858,1,0,0,1,0,0,0,2,73,18.28407201102848,0.7199214503494092,1,6,0,0,0,0,0,0,1,0,6,0,0,0,0,0,0,1,0,0,0,7,0,0,0,0,0,0,0,1,0,0,1
6860,1,1,1,0,0,0,0,16,166,87.46349643596024,1.0,1,4,0,0,0,0,1,0,0,0,9,0,0,0,0,0,0,0,0,0,1,4,0,0,0,0,1,0,0,0,0,0,1
6861,1,0,0,0,0,0,0,3,127,96.06121963354357,1.0,1,1,0,1,0,0,0,0,0,0,7,0,0,0,0,0,0,0,1,0,0,6,0,0,0,0,0,0,1,0,0,0,1
6862,0,0,0,1,0,0,0,17,115,11.434335332085373,0.0027165707839464422,0,6,0,0,0,0,0,0,1,0,6,0,0,0,0,0,0,1,0,0,0,7,0,0,0,0,0,0,0,1,0,0,1
6863,1,1,0,1,0,0,1,7,101,13.306858429272015,0.017410096108378174,0,2,0,0,1,0,0,0,0,0,3,0,0,0,1,0,0,0,0,0,0,7,0,0,0,0,0,0,0,1,0,0,1
6864,1,1,1,1,1,2,0,13,148,38.7278262377889,0.9999999994855004,1,6,0,0,0,0,0,0,1,0,6,0,0,0,0,0,0,1,0,0,0,7,0,0,0,0,0,0,0,1,0,0,1
6867,1,1,1,0,1,0,0,7,150,30.17563734138893,0.9999973358886429,1,5,0,0,0,0,0,1,0,0,1,0,1,0,0,0,0,0,0,0,0,7,0,0,0,0,0,0,0,1,0,0,1
6870,1,0,0,1,0,0,1,3,152,85.9626509916783,1.0,1,6,0,0,0,0,0,0,1,0,6,0,0,0,0,0,0,1,0,0,0,7,0,0,0,0,0,0,0,1,0,0,1
6872,1,0,0,0,0,0,1,3,102,36.27124842887244,0.999999993998452,1,6,0,0,0,0,0,0,1,0,6,0,0,0,0,0,0,1,0,0,0,7,0,0,0,0,0,0,0,1,0,0,1
6874,1,1,1,1,1,0,1,11,158,50.00690955412573,0.9999999999999936,1,6,0,0,0,0,0,0,1,0,6,0,0,0,0,0,0,1,0,0,0,7,0,0,0,0,0,0,0,1,0,0,1
6875,1,0,0,1,0,0,0,1,91,30.011867683206404,0.9999968618302852,1,6,0,0,0,0,0,0,1,0,6,0,0,0,0,0,0,1,0,0,0,7,0,0,0,0,0,0,0,1,0,0,1
6876,1,1,1,1,1,2,1,19,172,44.18877823392275,0.9999999999978136,1,5,0,0,0,0,0,1,0,0,1,0,1,0,0,0,0,0,0,0,0,7,0,0,0,0,0,0,0,1,0,0,1
6877,0,1,1,0,0,0,0,11,117,18.65643546075918,0.7885880487687303,1,6,0,0,0,0,0,0,1,0,6,0,0,0,0,0,0,1,0,0,0,7,0,0,0,0,0,0,0,1,0,0,1
6878,0,1,1,0,0,0,0,5,150,23.10646865801304,0.9968789773586532,1,6,0,0,0,0,0,0,1,0,6,0,0,0,0,0,0,1,0,0,0,7,0,0,0,0,0,0,0,1,0,0,1
6879,0,1,1,1,1,0,0,12,166,29.452241866719696,0.9999945081608502,1,6,0,0,0,0,0,0,1,0,6,0,0,0,0,0,0,1,0,0,0,7,0,0,0,0,0,0,0,1,0,0,1
6880,1,1,1,1,0,0,1,13,167,127.53585317979886,1.0,1,6,0,0,0,0,0,0,1,0,6,0,0,0,0,0,0,1,0,0,0,7,0,0,0,0,0,0,0,1,0,0,1
6881,1,1,1,1,1,0,1,11,158,50.00690955412573,0.9999999999999936,1,6,0,0,0,0,0,0,1,0,6,0,0,0,0,0,0,1,0,0,0,7,0,0,0,0,0,0,0,1,0,0,1
6882,0,0,1,0,0,0,0,11,160,80.03980417533876,1.0,1,2,0,0,1,0,0,0,0,0,6,0,0,0,0,0,0,1,0,0,0,7,0,0,0,0,0,0,0,1,0,0,1
6883,1,0,0,1,0,0,0,0,143,80.85026432124792,1.0,1,6,0,0,0,0,0,0,1,0,6,0,0,0,0,0,0,1,0,0,0,7,0,0,0,0,0,0,0,1,0,0,1
6884,1,0,0,1,0,0,0,7,77,14.77318477603827,0.0713049138965237,0,6,0,0,0,0,0,0,1,0,6,0,0,0,0,0,0,1,0,0,0,7,0,0,0,0,0,0,0,1,0,0,0
6885,1,0,0,1,0,0,0,2,111,55.480537786713256,1.0,1,6,0,0,0,0,0,0,1,0,6,0,0,0,0,0,0,1,0,0,0,7,0,0,0,0,0,0,0,1,0,0,1
6890,1,1,0,1,0,0,0,15,131,64.55960375863778,1.0,1,4,0,0,0,0,1,0,0,0,9,0,0,0,0,0,0,0,0,0,1,7,0,0,0,0,0,0,0,1,0,0,1
6892,1,1,1,1,0,0,0,11,154,34.04980157680042,0.9999999446617582,1,4,0,0,0,0,1,0,0,0,9,0,0,0,0,0,0,0,0,0,1,7,0,0,0,0,0,0,0,1,0,0,1
6893,1,0,0,0,1,0,1,13,144,7.637685024198464,6.113805124123487e-05,0,2,0,0,1,0,0,0,0,0,3,0,0,0,1,0,0,0,0,0,0,7,0,0,0,0,0,0,0,1,0,0,1
6896,1,1,1,0,0,0,0,8,150,74.3493382888373,1.0,1,4,0,0,0,0,1,0,0,0,2,0,0,1,0,0,0,0,0,0,0,7,0,0,0,0,0,0,0,1,0,0,1
6897,1,0,0,0,1,0,0,2,152,140.37765019638795,1.0,1,6,0,0,0,0,0,0,1,0,6,0,0,0,0,0,0,1,0,0,0,7,0,0,0,0,0,0,0,1,0,0,1
6898,1,1,1,0,0,0,0,8,125,15.714170174665,0.16440243449467298,0,5,0,0,0,0,0,1,0,0,6,0,0,0,0,0,0,1,0,0,0,7,0,0,0,0,0,0,0,1,0,0,1
6900,0,0,0,1,0,0,0,25,70,6.234888773117148,1.5035052314006494e-05,0,6,0,0,0,0,0,0,1,0,6,0,0,0,0,0,0,1,0,0,0,7,0,0,0,0,0,0,0,1,0,0,1
6903,1,1,1,0,0,0,0,9,153,79.15593186865163,1.0,1,6,0,0,0,0,0,0,1,0,6,0,0,0,0,0,0,1,0,0,0,7,0,0,0,0,0,0,0,1,0,0,1
6905,1,0,0,1,0,0,0,5,143,75.23225469829543,1.0,1,4,0,0,0,0,1,0,0,0,9,0,0,0,0,0,0,0,0,0,1,7,0,0,0,0,0,0,0,1,0,0,1
6907,1,0,1,0,0,0,0,13,98,35.20868091452295,0.9999999826327732,1,6,0,0,0,0,0,0,1,0,6,0,0,0,0,0,0,1,0,0,0,7,0,0,0,0,0,0,0,1,0,0,1
6908,0,0,0,0,0,3,0,9,152,49.77533399665024,0.9999999999999918,1,6,0,0,0,0,0,0,1,0,6,0,0,0,0,0,0,1,0,0,0,7,0,0,0,0,0,0,0,1,0,0,0
6909,1,0,1,0,1,0,0,12,131,32.248936728279,0.9999996649335824,1,6,0,0,0,0,0,0,1,0,6,0,0,0,0,0,0,1,0,0,0,7,0,0,0,0,0,0,0,1,0,0,1
6910,1,1,1,0,1,0,0,55,172,196.17179655938241,1.0,1,4,0,0,0,0,1,0,0,0,9,0,0,0,0,0,0,0,0,0,1,0,1,0,0,0,0,0,0,0,0,0,1
6911,0,0,0,0,0,0,0,3,132,55.22534734354142,1.0,1,6,0,0,0,0,0,0,1,0,6,0,0,0,0,0,0,1,0,0,0,7,0,0,0,0,0,0,0,1,0,0,0
6912,0,0,0,1,0,0,0,1,153,49.50742229965743,0.9999999999999892,1,6,0,0,0,0,0,0,1,0,6,0,0,0,0,0,0,1,0,0,0,7,0,0,0,0,0,0,0,1,0,0,1
6913,1,0,0,0,0,0,1,2,147,86.0647472353222,1.0,1,6,0,0,0,0,0,0,1,0,6,0,0,0,0,0,0,1,0,0,0,7,0,0,0,0,0,0,0,1,0,0,1
6914,0,0,0,1,0,0,0,0,64,9.056133013067312,0.00025249489842426177,0,6,0,0,0,0,0,0,1,0,6,0,0,0,0,0,0,1,0,0,0,7,0,0,0,0,0,0,0,1,0,0,1
6915,0,1,1,1,0,0,0,17,169,34.28548024052715,0.9999999562808792,1,4,0,0,0,0,1,0,0,0,6,0,0,0,0,0,0,1,0,0,0,7,0,0,0,0,0,0,0,1,0,0,1
6916,1,1,1,0,0,0,0,9,152,91.03543208670708,1.0,1,6,0,0,0,0,0,0,1,0,6,0,0,0,0,0,0,1,0,0,0,7,0,0,0,0,0,0,0,1,0,0,1
6917,0,0,0,0,0,0,0,9,136,54.19467568824867,1.0,1,6,0,0,0,0,0,0,1,0,6,0,0,0,0,0,0,1,0,0,0,7,0,0,0,0,0,0,0,1,0,0,1
6918,1,1,0,0,1,1,0,5,108,13.691802498881142,0.025377246748723003,0,4,0,0,0,0,1,0,0,0,9,0,0,0,0,0,0,0,0,0,1,7,0,0,0,0,0,0,0,1,0,0,1
6919,1,1,0,1,0,0,0,8,149,101.75605462190956,1.0,1,6,0,0,0,0,0,0,1,0,6,0,0,0,0,0,0,1,0,0,0,7,0,0,0,0,0,0,0,1,0,0,1
6920,1,0,0,1,0,0,0,6,78,12.336960981574226,0.006672677616301185,0,6,0,0,0,0,0,0,1,0,6,0,0,0,0,0,0,1,0,0,0,7,0,0,0,0,0,0,0,1,0,0,1
6921,1,1,1,0,0,0,0,13,164,68.43274853060119,1.0,1,6,0,0,0,0,0,0,1,0,6,0,0,0,0,0,0,1,0,0,0,7,0,0,0,0,0,0,0,1,0,0,1
6925,0,0,0,1,0,0,0,6,102,10.731413620911734,0.001346920763424533,0,4,0,0,0,0,1,0,0,0,2,0,0,1,0,0,0,0,0,0,0,7,0,0,0,0,0,0,0,1,0,0,1
6926,0,0,0,0,0,0,0,4,169,28.117916340202036,0.999979145424701,1,2,0,0,1,0,0,0,0,0,8,0,0,0,0,0,0,0,0,1,0,7,0,0,0,0,0,0,0,1,0,0,0
6928,0,0,0,1,0,1,0,7,119,16.465638949587632,0.2943476690998039,0,2,0,0,1,0,0,0,0,0,8,0,0,0,0,0,0,0,0,1,0,7,0,0,0,0,0,0,0,1,0,0,0
6929,1,1,1,0,0,0,0,6,72,6.55835051266615,2.0776868853560654e-05,0,7,0,0,0,0,0,0,0,1,6,0,0,0,0,0,0,1,0,0,0,7,0,0,0,0,0,0,0,1,0,0,1
6930,1,0,0,1,0,0,0,5,161,122.40090489800743,1.0,1,6,0,0,0,0,0,0,1,0,6,0,0,0,0,0,0,1,0,0,0,7,0,0,0,0,0,0,0,1,0,0,1
6931,1,0,0,0,0,0,1,5,88,22.829967685107107,0.9958889925791587,1,4,0,0,0,0,1,0,0,0,9,0,0,0,0,0,0,0,0,0,1,7,0,0,0,0,0,0,0,1,0,0,1
6932,1,1,1,0,0,0,0,11,102,7.456607850857122,5.101233137626254e-05,0,6,0,0,0,0,0,0,1,0,6,0,0,0,0,0,0,1,0,0,0,7,0,0,0,0,0,0,0,1,0,0,1
6933,0,0,0,1,0,0,0,14,108,19.987600096969192,0.9338629196239032,1,6,0,0,0,0,0,0,1,0,6,0,0,0,0,0,0,1,0,0,0,7,0,0,0,0,0,0,0,1,0,0,1
6935,1,0,0,1,0,0,0,8,89,12.334127083503649,0.006653920342292501,0,6,0,0,0,0,0,0,1,0,6,0,0,0,0,0,0,1,0,0,0,7,0,0,0,0,0,0,0,1,0,0,1
6936,0,0,0,0,0,0,1,3,129,52.43125844563497,0.9999999999999992,1,6,0,0,0,0,0,0,1,0,6,0,0,0,0,0,0,1,0,0,0,7,0,0,0,0,0,0,0,1,0,0,0
6937,0,1,0,1,0,0,0,26,81,1.5389535371584506,1.3730699204651632e-07,0,6,0,0,0,0,0,0,1,0,6,0,0,0,0,0,0,1,0,0,0,7,0,0,0,0,0,0,0,1,0,0,1
6939,1,1,1,0,0,0,0,15,114,24.76779759310699,0.9994058578229008,1,4,0,0,0,0,1,0,0,0,9,0,0,0,0,0,0,0,0,0,1,7,0,0,0,0,0,0,0,1,0,0,1
6940,1,1,1,0,1,0,0,7,79,2.0336927953638124,2.2519313394843486e-07,0,6,0,0,0,0,0,0,1,0,6,0,0,0,0,0,0,1,0,0,0,7,0,0,0,0,0,0,0,1,0,0,1
6943,1,0,0,1,0,0,1,4,123,81.2459194207572,1.0,1,2,0,0,1,0,0,0,0,0,8,0,0,0,0,0,0,0,0,1,0,7,0,0,0,0,0,0,0,1,0,0,1
6945,1,1,0,1,0,0,0,11,145,71.14032817816206,1.0,1,6,0,0,0,0,0,0,1,0,6,0,0,0,0,0,0,1,0,0,0,7,0,0,0,0,0,0,0,1,0,0,1
6946,1,1,1,1,1,0,0,20,147,18.359249988896607,0.7348264806516176,1,6,0,0,0,0,0,0,1,0,6,0,0,0,0,0,0,1,0,0,0,7,0,0,0,0,0,0,0,1,0,0,1
6948,1,1,1,0,0,0,0,11,118,48.22173245262205,0.9999999999999614,1,4,0,0,0,0,1,0,0,0,9,0,0,0,0,0,0,0,0,0,1,7,0,0,0,0,0,0,0,1,0,0,1
6949,1,1,1,0,0,0,0,10,118,42.64004080974014,0.9999999999897121,1,4,0,0,0,0,1,0,0,0,9,0,0,0,0,0,0,0,0,0,1,7,0,0,0,0,0,0,0,1,0,0,1
6950,1,1,1,1,1,0,0,15,142,15.131315350601852,0.09897331112234352,0,6,0,0,0,0,0,0,1,0,6,0,0,0,0,0,0,1,0,0,0,7,0,0,0,0,0,0,0,1,0,0,1
6951,0,0,1,1,0,1,0,45,144,140.657742938694,1.0,1,4,0,0,0,0,1,0,0,0,9,0,0,0,0,0,0,0,0,0,1,7,0,0,0,0,0,0,0,1,0,0,0
6953,0,1,1,1,1,2,0,16,157,11.624993597710493,0.0032853006427139373,0,4,0,0,0,0,1,0,0,0,9,0,0,0,0,0,0,0,0,0,1,7,0,0,0,0,0,0,0,1,0,0,1
6954,0,0,0,1,0,0,0,10,155,48.02624668914315,0.9999999999999528,1,4,0,0,0,0,1,0,0,0,2,0,0,1,0,0,0,0,0,0,0,7,0,0,0,0,0,0,0,1,0,0,0
6955,1,1,1,1,0,0,0,19,148,58.180932288199166,1.0,1,6,0,0,0,0,0,0,1,0,6,0,0,0,0,0,0,1,0,0,0,7,0,0,0,0,0,0,0,1,0,0,1
6956,1,1,1,0,1,0,12,13,147,13.956438323934224,0.032813171501953536,0,6,0,0,0,0,0,0,1,0,6,0,0,0,0,0,0,1,0,0,0,7,0,0,0,0,0,0,0,1,0,0,1
6959,1,1,1,0,0,0,0,10,136,38.75128698798051,0.9999999994974303,1,4,0,0,0,0,1,0,0,0,9,0,0,0,0,0,0,0,0,0,1,7,0,0,0,0,0,0,0,1,0,0,1
6960,1,1,1,0,0,0,1,17,140,30.875125340445862,0.9999986763621488,1,4,0,0,0,0,1,0,0,0,9,0,0,0,0,0,0,0,0,0,1,7,0,0,0,0,0,0,0,1,0,0,1
6961,1,1,0,1,1,0,0,22,130,40.733776964940716,0.9999999999307831,1,6,0,0,0,0,0,0,1,0,6,0,0,0,0,0,0,1,0,0,0,7,0,0,0,0,0,0,0,1,0,0,1
6962,0,0,0,0,0,0,0,1,17,1.7157741180671744,1.6386448760275654e-07,0,6,0,0,0,0,0,0,1,0,6,0,0,0,0,0,0,1,0,0,0,7,0,0,0,0,0,0,0,1,0,0,0
6963,0,0,0,1,0,0,1,0,37,2.054886484503896,2.3001674058658289e-07,0,6,0,0,0,0,0,0,1,0,6,0,0,0,0,0,0,1,0,0,0,7,0,0,0,0,0,0,0,1,0,0,0
6965,1,0,0,0,0,0,8,3,87,33.99602678859591,0.9999999416044908,1,2,0,0,1,0,0,0,0,0,3,0,0,0,1,0,0,0,0,0,0,7,0,0,0,0,0,0,0,1,0,0,1
6966,1,1,1,0,0,1,0,17,157,38.89667914085288,0.9999999995654364,1,6,0,0,0,0,0,0,1,0,6,0,0,0,0,0,0,1,0,0,0,7,0,0,0,0,0,0,0,1,0,0,1
6967,1,0,0,0,0,4,0,2,40,3.7809443410265855,1.2923388084837922e-06,0,6,0,0,0,0,0,0,1,0,6,0,0,0,0,0,0,1,0,0,0,7,0,0,0,0,0,0,0,1,0,0,1
6970,1,0,0,0,0,0,0,4,128,81.44177090081483,1.0,1,6,0,0,0,0,0,0,1,0,6,0,0,0,0,0,0,1,0,0,0,7,0,0,0,0,0,0,0,1,0,0,1
6971,0,0,0,1,0,0,0,14,171,33.12404755166346,0.9999998603389876,1,4,0,0,0,0,1,0,0,0,2,0,0,1,0,0,0,0,0,0,0,7,0,0,0,0,0,0,0,1,0,0,0
6972,1,1,1,0,1,0,0,35,145,10.138360623749877,0.000744807724003508,0,6,0,0,0,0,0,0,1,0,6,0,0,0,0,0,0,1,0,0,0,7,0,0,0,0,0,0,0,1,0,0,1
6973,1,1,1,0,1,0,0,4,93,10.17660906228618,0.000773824803491455,0,3,0,0,0,1,0,0,0,0,6,0,0,0,0,0,0,1,0,0,0,7,0,0,0,0,0,0,0,1,0,0,1
6974,0,0,0,0,1,0,0,7,78,12.370111907267546,0.006896039485501789,0,7,0,0,0,0,0,0,0,1,6,0,0,0,0,0,0,1,0,0,0,7,0,0,0,0,0,0,0,1,0,0,0
6975,1,0,1,0,0,0,0,10,105,43.101660179446476,0.999999999993516,1,4,0,0,0,0,1,0,0,0,2,0,0,1,0,0,0,0,0,0,0,3,0,0,0,1,0,0,0,0,0,0,1
6977,0,0,0,1,0,0,1,3,127,65.60467800041442,1.0,1,6,0,0,0,0,0,0,1,0,6,0,0,0,0,0,0,1,0,0,0,7,0,0,0,0,0,0,0,1,0,0,1
6978,1,0,0,1,0,0,0,7,155,142.86051894903312,1.0,1,6,0,0,0,0,0,0,1,0,6,0,0,0,0,0,0,1,0,0,0,7,0,0,0,0,0,0,0,1,0,0,1
6979,0,1,1,0,0,0,0,21,144,16.502484125635863,0.3020582273629532,0,6,0,0,0,0,0,0,1,0,6,0,0,0,0,0,0,1,0,0,0,7,0,0,0,0,0,0,0,1,0,0,1
6980,1,1,0,1,0,1,0,6,149,68.67063035056049,1.0,1,6,0,0,0,0,0,0,1,0,6,0,0,0,0,0,0,1,0,0,0,7,0,0,0,0,0,0,0,1,0,0,1
6981,1,1,1,0,0,0,0,8,84,31.303963257878646,0.9999991379599624,1,6,0,0,0,0,0,0,1,0,6,0,0,0,0,0,0,1,0,0,0,7,0,0,0,0,0,0,0,1,0,0,1
6983,0,0,0,0,0,0,0,3,116,48.52379925079021,0.9999999999999714,1,6,0,0,0,0,0,0,1,0,6,0,0,0,0,0,0,1,0,0,0,7,0,0,0,0,0,0,0,1,0,0,1
6984,1,1,1,1,0,1,0,21,171,183.27449641020482,1.0,1,4,0,0,0,0,1,0,0,0,9,0,0,0,0,0,0,0,0,0,1,7,0,0,0,0,0,0,0,1,0,0,1
6985,1,1,1,1,1,0,0,15,147,21.615325742604693,0.986283248257815,1,6,0,0,0,0,0,0,1,0,6,0,0,0,0,0,0,1,0,0,0,7,0,0,0,0,0,0,0,1,0,0,1
6988,1,1,1,1,1,0,0,19,139,19.047016729446426,0.8464489398446502,1,6,0,0,0,0,0,0,1,0,6,0,0,0,0,0,0,1,0,0,0,7,0,0,0,0,0,0,0,1,0,0,1
6990,1,0,0,1,0,0,0,9,150,73.17024020543649,1.0,1,4,0,0,0,0,1,0,0,0,2,0,0,1,0,0,0,0,0,0,0,3,0,0,0,1,0,0,0,0,0,0,1
6992,1,1,1,0,0,0,0,18,131,52.41582501169136,0.9999999999999992,1,1,0,1,0,0,0,0,0,0,4,0,0,0,0,1,0,0,0,0,0,7,0,0,0,0,0,0,0,1,0,0,1
6994,0,1,1,0,0,0,1,4,78,8.274798996443433,0.00011560670323528177,0,2,0,0,1,0,0,0,0,0,6,0,0,0,0,0,0,1,0,0,0,7,0,0,0,0,0,0,0,1,0,0,0
6996,0,1,1,1,1,1,0,14,129,12.317000289245492,0.006541669500732264,0,6,0,0,0,0,0,0,1,0,6,0,0,0,0,0,0,1,0,0,0,7,0,0,0,0,0,0,0,1,0,0,0
6998,0,0,0,1,0,2,0,11,87,4.287696676774044,2.145140581933778e-06,0,4,0,0,0,0,1,0,0,0,9,0,0,0,0,0,0,0,0,0,1,7,0,0,0,0,0,0,0,1,0,0,0
6999,0,1,1,0,0,0,0,11,123,11.1426804697029,0.0020307454420572485,0,6,0,0,0,0,0,0,1,0,6,0,0,0,0,0,0,1,0,0,0,7,0,0,0,0,0,0,0,1,0,0,0
7001,0,0,0,0,0,0,0,4,63,14.253306516129065,0.04365948490150872,0,4,0,0,0,0,1,0,0,0,9,0,0,0,0,0,0,0,0,0,1,7,0,0,0,0,0,0,0,1,0,0,0
7002,1,1,1,1,0,1,0,26,106,28.384844474001344,0.9999840309876724,1,4,0,0,0,0,1,0,0,0,9,0,0,0,0,0,0,0,0,0,1,7,0,0,0,0,0,0,0,1,0,0,0
7005,0,1,1,1,1,0,0,28,147,5.963013494209433,1.1455988382492493e-05,0,4,0,0,0,0,1,0,0,0,2,0,0,1,0,0,0,0,0,0,0,3,0,0,0,1,0,0,0,0,0,0,0
7006,0,0,0,1,0,0,0,5,83,21.40121298064712,0.9830636718356368,1,2,0,0,1,0,0,0,0,0,8,0,0,0,0,0,0,0,0,1,0,7,0,0,0,0,0,0,0,1,0,0,0
7008,0,1,1,1,1,0,0,33,150,5.963013494209433,1.1455988382492493e-05,0,6,0,0,0,0,0,0,1,0,6,0,0,0,0,0,0,1,0,0,0,7,0,0,0,0,0,0,0,1,0,0,0
7009,0,1,1,1,1,0,0,19,124,22.587109391849236,0.9947648422481996,1,6,0,0,0,0,0,0,1,0,6,0,0,0,0,0,0,1,0,0,0,7,0,0,0,0,0,0,0,1,0,0,0
7010,0,0,0,0,0,0,0,1,27,1.0784747559486079,8.663817222407421e-08,0,6,0,0,0,0,0,0,1,0,6,0,0,0,0,0,0,1,0,0,0,7,0,0,0,0,0,0,0,1,0,0,0
7012,0,1,0,1,0,0,0,4,79,6.0657478331598815,1.2695475822735925e-05,0,4,0,0,0,0,1,0,0,0,9,0,0,0,0,0,0,0,0,0,1,7,0,0,0,0,0,0,0,1,0,0,0
7013,0,0,0,0,1,0,1,12,156,26.892478809583146,0.9999289800569294,1,4,0,0,0,0,1,0,0,0,9,0,0,0,0,0,0,0,0,0,1,7,0,0,0,0,0,0,0,1,0,0,0
7015,0,1,1,0,1,1,0,32,161,33.51738664665565,0.9999999057567605,1,6,0,0,0,0,0,0,1,0,6,0,0,0,0,0,0,1,0,0,0,7,0,0,0,0,0,0,0,1,0,0,0
7018,0,0,0,1,0,0,0,4,50,5.213122100932531,5.412046199883579e-06,0,2,0,0,1,0,0,0,0,0,8,0,0,0,0,0,0,0,0,1,0,7,0,0,0,0,0,0,0,1,0,0,0
7019,0,0,1,0,1,0,0,9,109,17.54361217627291,0.5507279089193156,1,6,0,0,0,0,0,0,1,0,6,0,0,0,0,0,0,1,0,0,0,7,0,0,0,0,0,0,0,1,0,0,0
7021,0,1,1,0,0,0,1,11,84,2.933044695446198,5.53526694131579e-07,0,6,0,0,0,0,0,0,1,0,6,0,0,0,0,0,0,1,0,0,0,7,0,0,0,0,0,0,0,1,0,0,0
7023,0,1,0,1,1,0,58,59,182,14.2697240663389,0.044350131167923225,0,1,0,1,0,0,0,0,0,0,6,0,0,0,0,0,0,1,0,0,0,7,0,0,0,0,0,0,0,1,0,0,0
7024,0,1,1,1,1,0,0,23,150,5.963013494209433,1.1455988382492493e-05,0,2,0,0,1,0,0,0,0,0,8,0,0,0,0,0,0,0,0,1,0,7,0,0,0,0,0,0,0,1,0,0,0
7025,0,1,1,0,0,0,0,12,96,5.745539024187868,9.21691483700293e-06,0,6,0,0,0,0,0,0,1,0,6,0,0,0,0,0,0,1,0,0,0,7,0,0,0,0,0,0,0,1,0,0,1
7026,0,1,1,0,0,0,0,12,153,15.13023491780153,0.0988770024620744,0,4,0,0,0,0,1,0,0,0,9,0,0,0,0,0,0,0,0,0,1,7,0,0,0,0,0,0,0,1,0,0,0
7027,0,1,1,1,1,0,0,24,137,49.037346013427246,0.9999999999999828,1,6,0,0,0,0,0,0,1,0,6,0,0,0,0,0,0,1,0,0,0,7,0,0,0,0,0,0,0,1,0,0,0
7029,1,1,1,1,0,0,0,11,81,14.566249667263152,0.058759251743949775,0,6,0,0,0,0,0,0,1,0,6,0,0,0,0,0,0,1,0,0,0,7,0,0,0,0,0,0,0,1,0,0,1
7030,0,1,1,1,1,0,1,18,184,35.468453690329405,0.9999999866059291,1,4,0,0,0,0,1,0,0,0,9,0,0,0,0,0,0,0,0,0,1,7,0,0,0,0,0,0,0,1,0,0,0
7031,0,1,1,0,0,0,0,14,123,11.1426804697029,0.0020307454420572485,0,6,0,0,0,0,0,0,1,0,6,0,0,0,0,0,0,1,0,0,0,7,0,0,0,0,0,0,0,1,0,0,0
7032,0,0,1,0,0,0,0,9,109,5.9743790116783915,1.1586932826042854e-05,0,6,0,0,0,0,0,0,1,0,6,0,0,0,0,0,0,1,0,0,0,7,0,0,0,0,0,0,0,1,0,0,0
7036,0,1,1,1,1,0,0,35,150,5.963013494209433,1.1455988382492493e-05,0,2,0,0,1,0,0,0,0,0,8,0,0,0,0,0,0,0,0,1,0,7,0,0,0,0,0,0,0,1,0,0,0
7037,0,0,0,1,0,0,0,5,108,16.08045570432914,0.2210523491574216,0,4,0,0,0,0,1,0,0,0,2,0,0,1,0,0,0,0,0,0,0,3,0,0,0,1,0,0,0,0,0,0,0
7039,1,1,1,0,0,0,0,13,86,11.258717917448463,0.002280034464201803,0,2,0,0,1,0,0,0,0,0,6,0,0,0,0,0,0,1,0,0,0,7,0,0,0,0,0,0,0,1,0,0,1
7043,0,1,1,1,0,1,0,22,112,22.01039584983863,0.9907183950255848,1,4,0,0,0,0,1,0,0,0,9,0,0,0,0,0,0,0,0,0,1,7,0,0,0,0,0,0,0,1,0,0,0
7044,0,1,1,0,1,1,0,33,161,33.51738664665565,0.9999999057567605,1,6,0,0,0,0,0,0,1,0,6,0,0,0,0,0,0,1,0,0,0,7,0,0,0,0,0,0,0,1,0,0,0
7046,0,0,0,0,0,0,0,3,164,97.27810919578009,1.0,1,6,0,0,0,0,0,0,1,0,6,0,0,0,0,0,0,1,0,0,0,7,0,0,0,0,0,0,0,1,0,0,0
7047,0,1,1,1,0,0,0,7,138,21.482807887257515,0.9843699721373116,1,6,0,0,0,0,0,0,1,0,6,0,0,0,0,0,0,1,0,0,0,7,0,0,0,0,0,0,0,1,0,0,0
7048,0,1,1,0,0,0,0,12,70,2.3948977706417187,3.2316508263952984e-07,0,6,0,0,0,0,0,0,1,0,6,0,0,0,0,0,0,1,0,0,0,7,0,0,0,0,0,0,0,1,0,0,0
7050,1,0,0,0,0,0,0,5,61,17.92039435315775,0.6411581419424056,1,4,0,0,0,0,1,0,0,0,9,0,0,0,0,0,0,0,0,0,1,7,0,0,0,0,0,0,0,1,0,0,0
7051,0,0,0,1,0,1,1,7,102,11.890891721890911,0.004281725499922156,0,6,0,0,0,0,0,0,1,0,6,0,0,0,0,0,0,1,0,0,0,7,0,0,0,0,0,0,0,1,0,0,0
7052,1,0,0,1,0,0,0,1,77,49.76469265367317,0.9999999999999918,1,6,0,0,0,0,0,0,1,0,6,0,0,0,0,0,0,1,0,0,0,7,0,0,0,0,0,0,0,1,0,0,0
7053,0,0,0,1,0,0,36,4,155,27.766551862443233,0.9999703658011524,1,5,0,0,0,0,0,1,0,0,1,0,1,0,0,0,0,0,0,0,0,7,0,0,0,0,0,0,0,1,0,0,0
7054,0,1,1,0,0,0,0,7,146,28.41284159263339,0.9999844718665952,1,6,0,0,0,0,0,0,1,0,6,0,0,0,0,0,0,1,0,0,0,7,0,0,0,0,0,0,0,1,0,0,0
7056,0,1,1,0,0,0,0,3,78,6.316630776765647,1.6315654063472517e-05,0,6,0,0,0,0,0,0,1,0,6,0,0,0,0,0,0,1,0,0,0,7,0,0,0,0,0,0,0,1,0,0,0
7058,0,0,0,1,0,0,0,0,49,3.532264324797844,1.0078041699757122e-06,0,6,0,0,0,0,0,0,1,0,6,0,0,0,0,0,0,1,0,0,0,7,0,0,0,0,0,0,0,1,0,0,0
7059,0,1,0,1,1,0,0,6,145,55.51938923754649,1.0,1,6,0,0,0,0,0,0,1,0,6,0,0,0,0,0,0,1,0,0,0,7,0,0,0,0,0,0,0,1,0,0,0
7060,0,0,0,0,0,0,0,1,97,21.498550759427534,0.984610349785248,1,6,0,0,0,0,0,0,1,0,6,0,0,0,0,0,0,1,0,0,0,7,0,0,0,0,0,0,0,1,0,0,0
7061,0,1,1,0,1,0,0,25,156,5.962241810942517,1.1447151499225085e-05,0,4,0,0,0,0,1,0,0,0,2,0,0,1,0,0,0,0,0,0,0,3,0,0,0,1,0,0,0,0,0,0,0
7063,1,1,1,1,0,1,0,35,135,37.00260239383482,0.9999999971117136,1,6,0,0,0,0,0,0,1,0,6,0,0,0,0,0,0,1,0,0,0,7,0,0,0,0,0,0,0,1,0,0,1
7065,0,1,0,1,0,2,2,10,173,18.326007651935253,0.7282986380243788,1,6,0,0,0,0,0,0,1,0,6,0,0,0,0,0,0,1,0,0,0,7,0,0,0,0,0,0,0,1,0,0,0
7068,0,0,0,1,1,3,0,32,150,139.10862480205404,1.0,1,6,0,0,0,0,0,0,1,0,6,0,0,0,0,0,0,1,0,0,0,7,0,0,0,0,0,0,0,1,0,0,0
7069,0,0,0,1,0,0,2,13,151,62.922960792452365,1.0,1,6,0,0,0,0,0,0,1,0,6,0,0,0,0,0,0,1,0,0,0,7,0,0,0,0,0,0,0,1,0,0,0
7070,0,0,0,0,0,0,3,2,55,7.935586341637101,8.235297178634503e-05,0,6,0,0,0,0,0,0,1,0,6,0,0,0,0,0,0,1,0,0,0,7,0,0,0,0,0,0,0,1,0,0,0
7071,0,0,0,1,0,0,0,7,127,16.912428380971004,0.3947063553612649,0,4,0,0,0,0,1,0,0,0,9,0,0,0,0,0,0,0,0,0,1,7,0,0,0,0,0,0,0,1,0,0,0
7073,0,1,1,1,0,0,0,15,112,8.816848375030018,0.00019877233824379352,0,6,0,0,0,0,0,0,1,0,6,0,0,0,0,0,0,1,0,0,0,7,0,0,0,0,0,0,0,1,0,0,0
7074,0,0,0,0,0,0,10,4,109,22.92795690267437,0.9962712886329284,1,6,0,0,0,0,0,0,1,0,6,0,0,0,0,0,0,1,0,0,0,7,0,0,0,0,0,0,0,1,0,0,0
7075,0,0,0,0,0,0,4,6,44,5.347725261151046,6.191823474696962e-06,0,0,1,0,0,0,0,0,0,0,6,0,0,0,0,0,0,1,0,0,0,7,0,0,0,0,0,0,0,1,0,0,1
7076,0,1,1,0,1,1,0,13,119,2.651201897395493,4.1757631448202346e-07,0,6,0,0,0,0,0,0,1,0,6,0,0,0,0,0,0,1,0,0,0,7,0,0,0,0,0,0,0,1,0,0,0
7077,0,0,0,0,0,0,0,0,164,61.44009014118427,1.0,1,6,0,0,0,0,0,0,1,0,6,0,0,0,0,0,0,1,0,0,0,7,0,0,0,0,0,0,0,1,0,0,0
7078,0,1,0,0,1,0,0,8,125,25.814145317976628,0.9997912460127372,1,1,0,1,0,0,0,0,0,0,7,0,0,0,0,0,0,0,1,0,0,6,0,0,0,0,0,0,1,0,0,0,0
7080,0,1,0,0,0,0,0,2,53,1.3165527336422782,1.0992721452679235e-07,0,6,0,0,0,0,0,0,1,0,6,0,0,0,0,0,0,1,0,0,0,7,0,0,0,0,0,0,0,1,0,0,1
7081,0,0,0,0,0,0,10,5,70,2.9476665358980916,5.616797295262192e-07,0,2,0,0,1,0,0,0,0,0,3,0,0,0,1,0,0,0,0,0,0,7,0,0,0,0,0,0,0,1,0,0,0
7086,0,1,0,1,1,0,0,19,165,66.4194958615567,1.0,1,6,0,0,0,0,0,0,1,0,6,0,0,0,0,0,0,1,0,0,0,7,0,0,0,0,0,0,0,1,0,0,0
7088,0,0,0,0,0,0,0,1,18,0.5083743842364532,4.8991174624835355e-08,0,6,0,0,0,0,0,0,1,0,6,0,0,0,0,0,0,1,0,0,0,7,0,0,0,0,0,0,0,1,0,0,0
7089,0,1,1,0,0,0,1,11,110,14.089692122262768,0.03731582576726868,0,4,0,0,0,0,1,0,0,0,2,0,0,1,0,0,0,0,0,0,0,7,0,0,0,0,0,0,0,1,0,0,0
7091,1,1,1,0,0,0,0,7,103,36.888277437112116,0.9999999967618948,1,6,0,0,0,0,0,0,1,0,6,0,0,0,0,0,0,1,0,0,0,7,0,0,0,0,0,0,0,1,0,0,1
7092,1,1,1,1,0,0,0,10,143,59.309659953516686,1.0,1,4,0,0,0,0,1,0,0,0,9,0,0,0,0,0,0,0,0,0,1,9,0,0,0,0,0,0,0,0,0,1,1
7093,0,0,0,0,1,0,0,9,104,11.50678382406416,0.002920090883783166,0,4,0,0,0,0,1,0,0,0,9,0,0,0,0,0,0,0,0,0,1,7,0,0,0,0,0,0,0,1,0,0,0
7095,0,1,1,0,1,0,0,28,142,8.418386522327298,0.00013345490312741365,0,6,0,0,0,0,0,0,1,0,6,0,0,0,0,0,0,1,0,0,0,7,0,0,0,0,0,0,0,1,0,0,0
7097,0,0,0,1,0,1,0,7,124,18.219960955670064,0.7068141300837951,1,6,0,0,0,0,0,0,1,0,6,0,0,0,0,0,0,1,0,0,0,7,0,0,0,0,0,0,0,1,0,0,0
7098,0,1,1,0,1,0,0,16,132,4.354570508352024,2.2934993985507593e-06,0,6,0,0,0,0,0,0,1,0,6,0,0,0,0,0,0,1,0,0,0,7,0,0,0,0,0,0,0,1,0,0,0
7104,1,1,1,0,0,0,0,13,154,67.70367735879562,1.0,1,4,0,0,0,0,1,0,0,0,2,0,0,1,0,0,0,0,0,0,0,7,0,0,0,0,0,0,0,1,0,0,1
7105,0,1,0,1,0,3,0,97,150,624.5736207400627,1.0,1,6,0,0,0,0,0,0,1,0,6,0,0,0,0,0,0,1,0,0,0,7,0,0,0,0,0,0,0,1,0,0,0
7106,1,1,1,1,0,0,0,17,150,62.00834013547498,1.0,1,6,0,0,0,0,0,0,1,0,6,0,0,0,0,0,0,1,0,0,0,7,0,0,0,0,0,0,0,1,0,0,1
7108,0,1,1,1,1,0,0,14,124,8.07211428948543,9.439899661317332e-05,0,4,0,0,0,0,1,0,0,0,9,0,0,0,0,0,0,0,0,0,1,7,0,0,0,0,0,0,0,1,0,0,0
7109,0,1,1,0,1,0,0,13,119,2.71245242392176,4.4395260752007133e-07,0,6,0,0,0,0,0,0,1,0,6,0,0,0,0,0,0,1,0,0,0,7,0,0,0,0,0,0,0,1,0,0,1
7111,1,0,0,1,0,0,0,4,69,46.39186930422545,0.9999999999997584,1,6,0,0,0,0,0,0,1,0,6,0,0,0,0,0,0,1,0,0,0,7,0,0,0,0,0,0,0,1,0,0,1
7112,0,1,1,0,0,0,0,13,120,11.836117773267008,0.004054431091380613,0,4,0,0,0,0,1,0,0,0,9,0,0,0,0,0,0,0,0,0,1,7,0,0,0,0,0,0,0,1,0,0,1
7114,0,1,1,0,0,0,0,28,146,29.107247818115674,0.999992245642174,1,6,0,0,0,0,0,0,1,0,6,0,0,0,0,0,0,1,0,0,0,7,0,0,0,0,0,0,0,1,0,0,0
7115,0,1,1,1,1,2,0,22,158,26.22663697621796,0.9998617953762704,1,6,0,0,0,0,0,0,1,0,6,0,0,0,0,0,0,1,0,0,0,7,0,0,0,0,0,0,0,1,0,0,0
7116,0,1,1,1,1,0,0,13,121,8.516658941995285,0.0001472338671019715,0,6,0,0,0,0,0,0,1,0,6,0,0,0,0,0,0,1,0,0,0,7,0,0,0,0,0,0,0,1,0,0,0
7118,0,0,0,0,0,0,0,5,122,52.06536855029968,0.9999999999999992,1,6,0,0,0,0,0,0,1,0,6,0,0,0,0,0,0,1,0,0,0,7,0,0,0,0,0,0,0,1,0,0,0
7120,1,1,1,1,0,0,0,15,149,62.00834013547498,1.0,1,6,0,0,0,0,0,0,1,0,6,0,0,0,0,0,0,1,0,0,0,7,0,0,0,0,0,0,0,1,0,0,1
7121,0,1,1,0,0,0,0,12,121,8.206124182230255,0.00010793474155435144,0,6,0,0,0,0,0,0,1,0,6,0,0,0,0,0,0,1,0,0,0,7,0,0,0,0,0,0,0,1,0,0,0
7122,0,0,0,0,0,0,0,1,124,8.586129845810095,0.00015782432809889908,0,6,0,0,0,0,0,0,1,0,6,0,0,0,0,0,0,1,0,0,0,7,0,0,0,0,0,0,0,1,0,0,0
7124,1,1,1,1,0,0,0,19,149,47.52421378865969,0.999999999999922,1,6,0,0,0,0,0,0,1,0,6,0,0,0,0,0,0,1,0,0,0,7,0,0,0,0,0,0,0,1,0,0,1
7125,0,1,0,0,1,0,1,3,152,22.42847385600441,0.9938703788917348,1,6,0,0,0,0,0,0,1,0,6,0,0,0,0,0,0,1,0,0,0,7,0,0,0,0,0,0,0,1,0,0,0
7126,0,1,1,0,1,1,0,16,158,15.127833712785616,0.0986632602513274,0,6,0,0,0,0,0,0,1,0,6,0,0,0,0,0,0,1,0,0,0,7,0,0,0,0,0,0,0,1,0,0,0
7128,1,1,1,0,1,0,0,10,155,56.00702151189805,1.0,1,4,0,0,0,0,1,0,0,0,9,0,0,0,0,0,0,0,0,0,1,8,0,0,0,0,0,0,0,0,1,0,1
7129,0,1,1,0,0,0,0,14,130,13.588838077446908,0.022951299886390827,0,2,0,0,1,0,0,0,0,0,8,0,0,0,0,0,0,0,0,1,0,7,0,0,0,0,0,0,0,1,0,0,0
7130,0,1,1,0,1,0,0,16,131,4.351375864436662,2.2861841923638626e-06,0,4,0,0,0,0,1,0,0,0,9,0,0,0,0,0,0,0,0,0,1,7,0,0,0,0,0,0,0,1,0,0,0
7131,0,1,1,1,0,1,0,16,161,23.756035617204727,0.9983675436046276,1,4,0,0,0,0,1,0,0,0,9,0,0,0,0,0,0,0,0,0,1,7,0,0,0,0,0,0,0,1,0,0,0
7132,0,1,1,0,0,0,0,15,123,11.354893823424694,0.002509632468505664,0,6,0,0,0,0,0,0,1,0,6,0,0,0,0,0,0,1,0,0,0,5,0,0,0,0,0,1,0,0,0,0,0
7134,0,1,1,0,0,0,0,5,124,8.206124182230255,0.00010793474155435144,0,6,0,0,0,0,0,0,1,0,6,0,0,0,0,0,0,1,0,0,0,7,0,0,0,0,0,0,0,1,0,0,0
7135,1,1,1,1,0,0,0,16,150,62.00834013547498,1.0,1,6,0,0,0,0,0,0,1,0,6,0,0,0,0,0,0,1,0,0,0,7,0,0,0,0,0,0,0,1,0,0,1
7136,0,1,1,0,1,0,0,11,100,4.479366685503236,2.5983448472952925e-06,0,6,0,0,0,0,0,0,1,0,6,0,0,0,0,0,0,1,0,0,0,7,0,0,0,0,0,0,0,1,0,0,0
7137,1,1,1,1,0,0,0,16,149,62.00834013547498,1.0,1,6,0,0,0,0,0,0,1,0,6,0,0,0,0,0,0,1,0,0,0,7,0,0,0,0,0,0,0,1,0,0,1
7138,0,0,1,0,0,0,0,6,147,204.4622096367961,1.0,1,6,0,0,0,0,0,0,1,0,6,0,0,0,0,0,0,1,0,0,0,7,0,0,0,0,0,0,0,1,0,0,0
7140,0,1,1,0,0,0,0,18,167,40.545930620898794,0.9999999999164796,1,4,0,0,0,0,1,0,0,0,9,0,0,0,0,0,0,0,0,0,1,7,0,0,0,0,0,0,0,1,0,0,1
7141,0,1,1,1,0,0,0,16,167,19.222860072838237,0.8679392950566451,1,2,0,0,1,0,0,0,0,0,6,0,0,0,0,0,0,1,0,0,0,7,0,0,0,0,0,0,0,1,0,0,1
7142,0,1,1,1,0,0,0,19,144,18.68900734927519,0.7939672945708958,1,6,0,0,0,0,0,0,1,0,6,0,0,0,0,0,0,1,0,0,0,7,0,0,0,0,0,0,0,1,0,0,0
7144,0,0,0,0,0,0,0,9,144,81.67276824357147,1.0,1,6,0,0,0,0,0,0,1,0,6,0,0,0,0,0,0,1,0,0,0,7,0,0,0,0,0,0,0,1,0,0,1
7146,0,0,0,0,1,0,0,9,91,16.91165521658862,0.3945216511929607,0,4,0,0,0,0,1,0,0,0,2,0,0,1,0,0,0,0,0,0,0,3,0,0,0,1,0,0,0,0,0,0,0
7147,1,0,0,0,1,2,0,8,84,13.088680747936902,0.014045346225304456,0,4,0,0,0,0,1,0,0,0,2,0,0,1,0,0,0,0,0,0,0,3,0,0,0,1,0,0,0,0,0,0,1
7148,1,1,1,0,0,1,0,28,147,23.99834052205996,0.9987183705124628,1,6,0,0,0,0,0,0,1,0,6,0,0,0,0,0,0,1,0,0,0,7,0,0,0,0,0,0,0,1,0,0,0
7149,0,0,0,0,0,0,0,6,92,18.73441596415416,0.8012962909719565,1,4,0,0,0,0,1,0,0,0,2,0,0,1,0,0,0,0,0,0,0,3,0,0,0,1,0,0,0,0,0,0,0
7150,0,0,0,1,0,0,0,6,135,21.65615707534958,0.9868248108413796,1,2,0,0,1,0,0,0,0,0,6,0,0,0,0,0,0,1,0,0,0,7,0,0,0,0,0,0,0,1,0,0,0
7154,0,0,0,0,1,0,2,7,57,3.0644424672820385,6.312535933283139e-07,0,6,0,0,0,0,0,0,1,0,6,0,0,0,0,0,0,1,0,0,0,7,0,0,0,0,0,0,0,1,0,0,0
7155,0,0,0,0,1,0,6,7,89,17.17806560052032,0.459604634704298,0,2,0,0,1,0,0,0,0,0,8,0,0,0,0,0,0,0,0,1,0,7,0,0,0,0,0,0,0,1,0,0,0
7157,0,1,0,0,1,0,0,9,116,20.35618456032924,0.9532999588422686,1,4,0,0,0,0,1,0,0,0,2,0,0,1,0,0,0,0,0,0,0,3,0,0,0,1,0,0,0,0,0,0,0
7158,1,0,0,1,1,0,2,11,119,34.630678109563924,0.9999999690433544,1,6,0,0,0,0,0,0,1,0,6,0,0,0,0,0,0,1,0,0,0,7,0,0,0,0,0,0,0,1,0,0,1
7159,0,0,0,0,1,1,0,6,140,32.634034344356735,0.9999997720260736,1,3,0,0,0,1,0,0,0,0,6,0,0,0,0,0,0,1,0,0,0,7,0,0,0,0,0,0,0,1,0,0,0
7160,1,0,0,0,1,1,2,3,92,10.934172633937571,0.0016491786447007425,0,2,0,0,1,0,0,0,0,0,8,0,0,0,0,0,0,0,0,1,0,7,0,0,0,0,0,0,0,1,0,0,1
7161,0,0,0,0,0,0,4,2,58,4.9515734928556965,4.166514705506291e-06,0,6,0,0,0,0,0,0,1,0,6,0,0,0,0,0,0,1,0,0,0,7,0,0,0,0,0,0,0,1,0,0,0
7163,1,1,1,1,1,0,0,10,127,35.862644231700436,0.9999999909693751,1,6,0,0,0,0,0,0,1,0,6,0,0,0,0,0,0,1,0,0,0,7,0,0,0,0,0,0,0,1,0,0,1
7164,0,0,0,0,0,0,0,7,68,24.159909335937915,0.9989093708639812,1,6,0,0,0,0,0,0,1,0,6,0,0,0,0,0,0,1,0,0,0,7,0,0,0,0,0,0,0,1,0,0,1
7165,0,0,0,0,1,0,0,6,131,40.32485807739849,0.9999999998958156,1,2,0,0,1,0,0,0,0,0,8,0,0,0,0,0,0,0,0,1,0,7,0,0,0,0,0,0,0,1,0,0,0
7166,0,1,0,0,1,1,0,6,85,6.972615313178805,3.1440423269022415e-05,0,4,0,0,0,0,1,0,0,0,2,0,0,1,0,0,0,0,0,0,0,3,0,0,0,1,0,0,0,0,0,0,0
7167,1,0,0,1,1,0,0,4,50,6.219828664492318,1.4810322620771295e-05,0,4,0,0,0,0,1,0,0,0,2,0,0,1,0,0,0,0,0,0,0,3,0,0,0,1,0,0,0,0,0,0,1
7168,0,0,0,0,1,0,0,11,151,43.07555753350477,0.9999999999933444,1,4,0,0,0,0,1,0,0,0,2,0,0,1,0,0,0,0,0,0,0,3,0,0,0,1,0,0,0,0,0,0,0
7169,0,0,0,0,0,0,0,41,69,78.49237203581838,1.0,1,6,0,0,0,0,0,0,1,0,6,0,0,0,0,0,0,1,0,0,0,7,0,0,0,0,0,0,0,1,0,0,0
7171,0,1,1,0,1,0,2,14,87,5.2769753188662785,5.768892424422018e-06,0,6,0,0,0,0,0,0,1,0,6,0,0,0,0,0,0,1,0,0,0,7,0,0,0,0,0,0,0,1,0,0,0
7173,1,0,0,1,0,0,4,0,51,9.41147666835324,0.0003601883082360848,0,2,0,0,1,0,0,0,0,0,8,0,0,0,0,0,0,0,0,1,0,7,0,0,0,0,0,0,0,1,0,0,1
7174,1,0,0,1,1,0,0,18,154,39.2200420429035,0.9999999996855016,1,1,0,1,0,0,0,0,0,0,7,0,0,0,0,0,0,0,1,0,0,6,0,0,0,0,0,0,1,0,0,0,0
7175,0,1,0,0,0,0,0,2,105,21.63233716657086,0.9865114954007482,1,6,0,0,0,0,0,0,1,0,6,0,0,0,0,0,0,1,0,0,0,7,0,0,0,0,0,0,0,1,0,0,0
7176,0,0,0,0,0,0,0,3,133,25.08840083328241,0.9995687541324524,1,4,0,0,0,0,1,0,0,0,2,0,0,1,0,0,0,0,0,0,0,3,0,0,0,1,0,0,0,0,0,0,0
7178,0,0,0,1,0,1,0,3,113,22.56267609786002,0.994636049202302,1,2,0,0,1,0,0,0,0,0,8,0,0,0,0,0,0,0,0,1,0,7,0,0,0,0,0,0,0,1,0,0,1
7179,1,0,0,1,0,0,1,8,53,8.99680325181315,0.0002379536312074396,0,4,0,0,0,0,1,0,0,0,9,0,0,0,0,0,0,0,0,0,1,7,0,0,0,0,0,0,0,1,0,0,1
7180,0,0,0,0,1,0,0,1,71,5.873889831433327,1.0479174536275543e-05,0,6,0,0,0,0,0,0,1,0,6,0,0,0,0,0,0,1,0,0,0,7,0,0,0,0,0,0,0,1,0,0,0
7183,1,1,0,1,1,0,0,6,67,4.955520141125554,4.182990896254707e-06,0,2,0,0,1,0,0,0,0,0,3,0,0,0,1,0,0,0,0,0,0,3,0,0,0,1,0,0,0,0,0,0,1
7184,1,1,1,0,0,0,0,15,97,19.40855131179765,0.8878087468057573,1,4,0,0,0,0,1,0,0,0,9,0,0,0,0,0,0,0,0,0,1,7,0,0,0,0,0,0,0,1,0,0,1
7185,0,0,0,0,1,0,0,3,51,5.42852470062666,6.712883199707139e-06,0,6,0,0,0,0,0,0,1,0,6,0,0,0,0,0,0,1,0,0,0,7,0,0,0,0,0,0,0,1,0,0,0
7186,0,0,0,0,0,0,0,21,36,17.96677846160531,0.6517586297527465,1,6,0,0,0,0,0,0,1,0,6,0,0,0,0,0,0,1,0,0,0,7,0,0,0,0,0,0,0,1,0,0,1
7187,0,0,0,1,0,2,0,6,62,2.193059254930686,2.640992099393675e-07,0,3,0,0,0,1,0,0,0,0,6,0,0,0,0,0,0,1,0,0,0,7,0,0,0,0,0,0,0,1,0,0,1
7188,0,0,0,0,1,0,0,9,89,19.88886110629669,0.9274969654781924,1,6,0,0,0,0,0,0,1,0,6,0,0,0,0,0,0,1,0,0,0,7,0,0,0,0,0,0,0,1,0,0,0
7191,0,0,1,0,1,0,4,4,109,8.053649906580018,9.267213074138184e-05,0,6,0,0,0,0,0,0,1,0,6,0,0,0,0,0,0,1,0,0,0,7,0,0,0,0,0,0,0,1,0,0,0
7192,0,0,0,0,0,0,0,0,44,6.9535309155327285,3.0846109337248994e-05,0,6,0,0,0,0,0,0,1,0,6,0,0,0,0,0,0,1,0,0,0,7,0,0,0,0,0,0,0,1,0,0,0
7193,1,1,0,0,1,0,0,3,151,48.30245728198208,0.9999999999999644,1,2,0,0,1,0,0,0,0,0,3,0,0,0,1,0,0,0,0,0,0,7,0,0,0,0,0,0,0,1,0,0,1
7194,0,0,0,1,0,0,1,0,62,7.169012770768446,3.826306478408822e-05,0,6,0,0,0,0,0,0,1,0,6,0,0,0,0,0,0,1,0,0,0,7,0,0,0,0,0,0,0,1,0,0,1
7195,0,0,0,0,0,0,2,1,89,17.611302466304817,0.5674126305596057,1,6,0,0,0,0,0,0,1,0,6,0,0,0,0,0,0,1,0,0,0,7,0,0,0,0,0,0,0,1,0,0,0
7196,0,1,1,0,0,0,0,8,147,18.361903191849766,0.7353431523450773,1,4,0,0,0,0,1,0,0,0,9,0,0,0,0,0,0,0,0,0,1,7,0,0,0,0,0,0,0,1,0,0,1
7197,1,0,0,1,0,0,0,4,180,141.62996385314244,1.0,1,2,0,0,1,0,0,0,0,0,8,0,0,0,0,0,0,0,0,1,0,7,0,0,0,0,0,0,0,1,0,0,1
7198,1,0,0,0,0,0,0,5,106,22.55939676676375,0.9946185249745484,1,4,0,0,0,0,1,0,0,0,9,0,0,0,0,0,0,0,0,0,1,4,0,0,0,0,1,0,0,0,0,0,1
7199,1,1,1,0,0,0,0,11,128,40.747555757446094,0.9999999999317304,1,6,0,0,0,0,0,0,1,0,6,0,0,0,0,0,0,1,0,0,0,7,0,0,0,0,0,0,0,1,0,0,1
7201,1,1,1,1,0,0,0,2,132,16.902961898691082,0.39244695628128295,0,4,0,0,0,0,1,0,0,0,2,0,0,1,0,0,0,0,0,0,0,7,0,0,0,0,0,0,0,1,0,0,1
7202,0,0,0,0,0,0,0,3,146,44.505265866510385,0.9999999999984068,1,4,0,0,0,0,1,0,0,0,9,0,0,0,0,0,0,0,0,0,1,5,0,0,0,0,0,1,0,0,0,0,1
7203,1,0,0,0,0,0,0,3,81,19.61767970239521,0.9070115339721012,1,4,0,0,0,0,1,0,0,0,9,0,0,0,0,0,0,0,0,0,1,7,0,0,0,0,0,0,0,1,0,0,1
7204,0,1,1,0,0,0,1,10,92,7.0205853507260825,3.298533018616369e-05,0,6,0,0,0,0,0,0,1,0,6,0,0,0,0,0,0,1,0,0,0,7,0,0,0,0,0,0,0,1,0,0,0
7205,1,0,0,0,1,0,0,33,162,139.96694982660523,1.0,1,6,0,0,0,0,0,0,1,0,6,0,0,0,0,0,0,1,0,0,0,7,0,0,0,0,0,0,0,1,0,0,1
7206,1,1,1,0,0,0,0,8,157,71.60981099715984,1.0,1,6,0,0,0,0,0,0,1,0,6,0,0,0,0,0,0,1,0,0,0,7,0,0,0,0,0,0,0,1,0,0,1
7208,0,0,0,1,0,0,0,8,188,45.400360257520504,0.9999999999993491,1,2,0,0,1,0,0,0,0,0,3,0,0,0,1,0,0,0,0,0,0,7,0,0,0,0,0,0,0,1,0,0,1
7210,1,1,1,0,0,0,0,21,132,8.171832312708982,0.0001042965797094216,0,6,0,0,0,0,0,0,1,0,6,0,0,0,0,0,0,1,0,0,0,7,0,0,0,0,0,0,0,1,0,0,1
7211,0,0,0,0,0,0,4,3,120,30.539301242632607,0.9999981481086588,1,6,0,0,0,0,0,0,1,0,6,0,0,0,0,0,0,1,0,0,0,7,0,0,0,0,0,0,0,1,0,0,0
7213,1,0,0,0,0,0,0,7,166,220.9636857124482,1.0,1,4,0,0,0,0,1,0,0,0,9,0,0,0,0,0,0,0,0,0,1,7,0,0,0,0,0,0,0,1,0,0,1
7214,0,1,0,0,0,0,2,4,184,62.02134226881722,1.0,1,6,0,0,0,0,0,0,1,0,6,0,0,0,0,0,0,1,0,0,0,7,0,0,0,0,0,0,0,1,0,0,1
7215,1,1,1,0,0,0,0,26,143,76.37961369988301,1.0,1,4,0,0,0,0,1,0,0,0,9,0,0,0,0,0,0,0,0,0,1,7,0,0,0,0,0,0,0,1,0,0,1
7218,0,0,0,0,0,0,0,2,117,23.151318086471786,0.9970154523860232,1,6,0,0,0,0,0,0,1,0,6,0,0,0,0,0,0,1,0,0,0,7,0,0,0,0,0,0,0,1,0,0,0
7221,0,1,1,1,0,2,0,22,146,64.47699339483555,1.0,1,4,0,0,0,0,1,0,0,0,2,0,0,1,0,0,0,0,0,0,0,7,0,0,0,0,0,0,0,1,0,0,0
7223,1,1,1,0,0,0,0,9,162,58.15064420875637,1.0,1,1,0,1,0,0,0,0,0,0,7,0,0,0,0,0,0,0,1,0,0,6,0,0,0,0,0,0,1,0,0,0,0
7224,1,1,1,0,0,0,0,5,125,36.4159288026045,0.9999999948068676,1,6,0,0,0,0,0,0,1,0,6,0,0,0,0,0,0,1,0,0,0,7,0,0,0,0,0,0,0,1,0,0,1
7226,1,0,0,0,0,1,0,3,174,289.795092779171,1.0,1,6,0,0,0,0,0,0,1,0,6,0,0,0,0,0,0,1,0,0,0,7,0,0,0,0,0,0,0,1,0,0,0
7227,1,0,0,0,0,0,0,1,139,108.15736276337023,1.0,1,6,0,0,0,0,0,0,1,0,6,0,0,0,0,0,0,1,0,0,0,7,0,0,0,0,0,0,0,1,0,0,1
7228,0,0,0,1,1,0,1,4,94,9.603121851392196,0.00043624153644923185,0,6,0,0,0,0,0,0,1,0,6,0,0,0,0,0,0,1,0,0,0,7,0,0,0,0,0,0,0,1,0,0,1
7229,1,0,0,0,0,1,0,7,97,25.721841153218296,0.9997710644682894,1,4,0,0,0,0,1,0,0,0,9,0,0,0,0,0,0,0,0,0,1,7,0,0,0,0,0,0,0,1,0,0,1
7230,0,1,1,0,0,0,0,9,162,58.15064420875637,1.0,1,1,0,1,0,0,0,0,0,0,7,0,0,0,0,0,0,0,1,0,0,6,0,0,0,0,0,0,1,0,0,0,0
7231,1,0,1,1,0,0,0,8,124,43.37316711426747,0.9999999999950576,1,6,0,0,0,0,0,0,1,0,6,0,0,0,0,0,0,1,0,0,0,7,0,0,0,0,0,0,0,1,0,0,1
7232,0,0,1,0,0,0,1,3,162,35.540910016514005,0.9999999875420894,1,6,0,0,0,0,0,0,1,0,6,0,0,0,0,0,0,1,0,0,0,7,0,0,0,0,0,0,0,1,0,0,0
7234,0,0,0,1,0,0,0,9,148,33.87015652560335,0.9999999337716086,1,4,0,0,0,0,1,0,0,0,9,0,0,0,0,0,0,0,0,0,1,7,0,0,0,0,0,0,0,1,0,0,1
7235,1,1,1,0,0,0,0,10,166,108.89614221577631,1.0,1,4,0,0,0,0,1,0,0,0,6,0,0,0,0,0,0,1,0,0,0,7,0,0,0,0,0,0,0,1,0,0,1
7236,1,0,1,0,0,0,1,7,155,29.561677289934092,0.9999950774418456,1,6,0,0,0,0,0,0,1,0,6,0,0,0,0,0,0,1,0,0,0,7,0,0,0,0,0,0,0,1,0,0,1
7241,0,1,1,0,0,0,0,9,162,58.15064420875637,1.0,1,1,0,1,0,0,0,0,0,0,7,0,0,0,0,0,0,0,1,0,0,6,0,0,0,0,0,0,1,0,0,0,0
7242,0,1,1,0,0,0,1,16,112,11.515934923961375,0.0029468564615968487,0,4,0,0,0,0,1,0,0,0,9,0,0,0,0,0,0,0,0,0,1,7,0,0,0,0,0,0,0,1,0,0,0
7244,0,1,1,0,0,0,1,12,162,39.41155668218372,0.9999999997403162,1,4,0,0,0,0,1,0,0,0,9,0,0,0,0,0,0,0,0,0,1,7,0,0,0,0,0,0,0,1,0,0,1
7247,1,1,1,0,0,0,0,10,153,29.397432502500397,0.9999941987567142,1,6,0,0,0,0,0,0,1,0,6,0,0,0,0,0,0,1,0,0,0,7,0,0,0,0,0,0,0,1,0,0,1
7248,1,1,1,0,1,0,0,19,147,20.811984702953637,0.9698800512211004,1,4,0,0,0,0,1,0,0,0,9,0,0,0,0,0,0,0,0,0,1,7,0,0,0,0,0,0,0,1,0,0,1
7250,0,1,1,1,1,0,0,14,126,2.0881184965829025,2.377890879611507e-07,0,6,0,0,0,0,0,0,1,0,6,0,0,0,0,0,0,1,0,0,0,7,0,0,0,0,0,0,0,1,0,0,1
7251,1,1,1,0,1,0,0,9,165,16.461342516938526,0.2934560586262086,0,6,0,0,0,0,0,0,1,0,6,0,0,0,0,0,0,1,0,0,0,7,0,0,0,0,0,0,0,1,0,0,1
7252,1,1,1,0,1,0,3,33,167,39.944930429988176,0.9999999998476636,1,2,0,0,1,0,0,0,0,0,6,0,0,0,0,0,0,1,0,0,0,7,0,0,0,0,0,0,0,1,0,0,1
7253,1,0,0,0,1,0,0,6,155,19.230797506628534,0.8688464350173523,1,6,0,0,0,0,0,0,1,0,6,0,0,0,0,0,0,1,0,0,0,7,0,0,0,0,0,0,0,1,0,0,1
7254,1,1,1,0,1,0,0,14,158,19.875298488656746,0.926579624358052,1,4,0,0,0,0,1,0,0,0,9,0,0,0,0,0,0,0,0,0,1,5,0,0,0,0,0,1,0,0,0,0,1
7255,1,1,1,0,0,0,3,54,116,26.44566507769113,0.9998889773259207,1,2,0,0,1,0,0,0,0,0,6,0,0,0,0,0,0,1,0,0,0,7,0,0,0,0,0,0,0,1,0,0,1
7256,1,0,0,1,0,0,0,4,110,28.14029577072145,0.9999796069451578,1,4,0,0,0,0,1,0,0,0,2,0,0,1,0,0,0,0,0,0,0,3,0,0,0,1,0,0,0,0,0,0,1
7260,1,1,1,1,1,0,0,10,155,35.28333156317799,0.9999999838820386,1,6,0,0,0,0,0,0,1,0,6,0,0,0,0,0,0,1,0,0,0,7,0,0,0,0,0,0,0,1,0,0,1
7261,1,1,1,0,0,0,0,9,130,35.87783157868828,0.99999999110549,1,6,0,0,0,0,0,0,1,0,6,0,0,0,0,0,0,1,0,0,0,7,0,0,0,0,0,0,0,1,0,0,1
7264,1,0,0,1,0,0,1,4,191,72.47500451813185,1.0,1,2,0,0,1,0,0,0,0,0,8,0,0,0,0,0,0,0,0,1,0,7,0,0,0,0,0,0,0,1,0,0,1
7265,1,1,1,0,0,0,0,5,109,24.804786884250426,0.999427420877794,1,6,0,0,0,0,0,0,1,0,6,0,0,0,0,0,0,1,0,0,0,7,0,0,0,0,0,0,0,1,0,0,1
7266,1,1,1,0,0,0,0,11,104,19.638760047848066,0.9087742946078328,1,6,0,0,0,0,0,0,1,0,6,0,0,0,0,0,0,1,0,0,0,7,0,0,0,0,0,0,0,1,0,0,1
7267,1,0,0,0,1,0,0,3,144,62.394868895898114,1.0,1,6,0,0,0,0,0,0,1,0,6,0,0,0,0,0,0,1,0,0,0,7,0,0,0,0,0,0,0,1,0,0,1
7268,1,0,0,0,0,0,0,6,180,67.91427561372339,1.0,1,1,0,1,0,0,0,0,0,0,6,0,0,0,0,0,0,1,0,0,0,7,0,0,0,0,0,0,0,1,0,0,1
7270,1,1,1,0,1,0,0,8,157,34.60305259638578,0.9999999681762392,1,6,0,0,0,0,0,0,1,0,6,0,0,0,0,0,0,1,0,0,0,7,0,0,0,0,0,0,0,1,0,0,1
7272,1,1,0,0,1,0,0,10,135,10.885312796876669,0.001570660420102151,0,6,0,0,0,0,0,0,1,0,6,0,0,0,0,0,0,1,0,0,0,7,0,0,0,0,0,0,0,1,0,0,1
7274,1,1,1,0,0,0,0,15,109,24.804786884250426,0.999427420877794,1,6,0,0,0,0,0,0,1,0,6,0,0,0,0,0,0,1,0,0,0,7,0,0,0,0,0,0,0,1,0,0,1
7275,0,0,0,1,0,1,0,6,168,46.331746836005706,0.9999999999997436,1,4,0,0,0,0,1,0,0,0,9,0,0,0,0,0,0,0,0,0,1,0,1,0,0,0,0,0,0,0,0,0,1
7277,1,1,1,0,0,1,0,40,172,86.25595813109136,1.0,1,4,0,0,0,0,1,0,0,0,9,0,0,0,0,0,0,0,0,0,1,7,0,0,0,0,0,0,0,1,0,0,1
7278,1,1,1,1,1,0,0,14,158,43.856544454120225,0.999999999996952,1,1,0,1,0,0,0,0,0,0,6,0,0,0,0,0,0,1,0,0,0,7,0,0,0,0,0,0,0,1,0,0,1
7280,1,0,1,0,0,0,0,5,117,13.661149418563655,0.02463002624845657,0,6,0,0,0,0,0,0,1,0,6,0,0,0,0,0,0,1,0,0,0,7,0,0,0,0,0,0,0,1,0,0,1
7281,1,1,1,1,0,0,0,5,151,73.78930974058616,1.0,1,6,0,0,0,0,0,0,1,0,6,0,0,0,0,0,0,1,0,0,0,7,0,0,0,0,0,0,0,1,0,0,1
7283,1,1,1,0,1,0,0,12,167,13.132421717259351,0.014664128689967004,0,4,0,0,0,0,1,0,0,0,9,0,0,0,0,0,0,0,0,0,1,9,0,0,0,0,0,0,0,0,0,1,1
7285,1,1,1,0,0,0,0,14,108,6.589272009256579,2.1429342712614168e-05,0,6,0,0,0,0,0,0,1,0,6,0,0,0,0,0,0,1,0,0,0,7,0,0,0,0,0,0,0,1,0,0,1
7286,1,0,0,0,0,0,0,5,156,200.14347793336304,1.0,1,6,0,0,0,0,0,0,1,0,6,0,0,0,0,0,0,1,0,0,0,7,0,0,0,0,0,0,0,1,0,0,1
7287,1,1,0,0,0,0,0,3,109,27.34295650936387,0.9999547361462404,1,6,0,0,0,0,0,0,1,0,6,0,0,0,0,0,0,1,0,0,0,7,0,0,0,0,0,0,0,1,0,0,1
7288,1,1,1,0,0,0,0,15,111,29.657818337333477,0.9999955286617472,1,6,0,0,0,0,0,0,1,0,6,0,0,0,0,0,0,1,0,0,0,7,0,0,0,0,0,0,0,1,0,0,1
7289,1,1,1,0,1,0,0,10,174,70.71213255508809,1.0,1,1,0,1,0,0,0,0,0,0,6,0,0,0,0,0,0,1,0,0,0,7,0,0,0,0,0,0,0,1,0,0,1
7290,1,0,0,0,1,0,0,4,164,84.724477315681,1.0,1,6,0,0,0,0,0,0,1,0,6,0,0,0,0,0,0,1,0,0,0,7,0,0,0,0,0,0,0,1,0,0,1
7291,1,0,0,0,1,0,0,8,159,11.180055336690762,0.0021079174581344405,0,6,0,0,0,0,0,0,1,0,6,0,0,0,0,0,0,1,0,0,0,7,0,0,0,0,0,0,0,1,0,0,1
7292,0,1,1,0,1,0,0,5,169,19.533077213914947,0.8996261175774894,1,1,0,1,0,0,0,0,0,0,6,0,0,0,0,0,0,1,0,0,0,7,0,0,0,0,0,0,0,1,0,0,1
7294,1,0,1,0,0,0,0,6,157,55.33617137879674,1.0,1,6,0,0,0,0,0,0,1,0,6,0,0,0,0,0,0,1,0,0,0,7,0,0,0,0,0,0,0,1,0,0,1
7295,0,1,0,0,0,0,0,1,26,0.0,2.9466847194873094e-08,0,6,0,0,0,0,0,0,1,0,6,0,0,0,0,0,0,1,0,0,0,7,0,0,0,0,0,0,0,1,0,0,0
7296,0,1,1,0,1,1,0,14,159,6.716838517916878,2.4344957177011428e-05,0,6,0,0,0,0,0,0,1,0,6,0,0,0,0,0,0,1,0,0,0,7,0,0,0,0,0,0,0,1,0,0,0
7297,0,1,1,0,0,0,0,13,106,6.959282627823086,3.102403297148203e-05,0,6,0,0,0,0,0,0,1,0,6,0,0,0,0,0,0,1,0,0,0,7,0,0,0,0,0,0,0,1,0,0,1
7299,1,1,1,0,0,0,0,10,132,11.319087553966398,0.002421575401671404,0,4,0,0,0,0,1,0,0,0,9,0,0,0,0,0,0,0,0,0,1,9,0,0,0,0,0,0,0,0,0,1,0
7300,0,1,1,0,0,0,1,18,122,14.171845510657748,0.040381870498603145,0,4,0,0,0,0,1,0,0,0,9,0,0,0,0,0,0,0,0,0,1,7,0,0,0,0,0,0,0,1,0,0,0
7301,1,1,1,0,0,0,0,13,172,74.65124439746444,1.0,1,4,0,0,0,0,1,0,0,0,9,0,0,0,0,0,0,0,0,0,1,7,0,0,0,0,0,0,0,1,0,0,1
7302,0,1,1,0,1,0,0,8,128,12.574100684552713,0.008443330051464021,0,6,0,0,0,0,0,0,1,0,6,0,0,0,0,0,0,1,0,0,0,7,0,0,0,0,0,0,0,1,0,0,1
7306,1,1,1,0,1,0,0,26,156,22.974451052989195,0.9964400804196469,1,6,0,0,0,0,0,0,1,0,6,0,0,0,0,0,0,1,0,0,0,7,0,0,0,0,0,0,0,1,0,0,0
7307,0,1,1,0,0,0,0,7,164,26.322903598095568,0.9998744779513064,1,6,0,0,0,0,0,0,1,0,6,0,0,0,0,0,0,1,0,0,0,7,0,0,0,0,0,0,0,1,0,0,1
7309,0,1,1,0,0,0,0,10,93,8.252446915099265,0.00011305160716883924,0,2,0,0,1,0,0,0,0,0,6,0,0,0,0,0,0,1,0,0,0,7,0,0,0,0,0,0,0,1,0,0,0
7310,0,0,0,0,0,0,0,3,119,21.326011697728152,0.9817650456478534,1,6,0,0,0,0,0,0,1,0,6,0,0,0,0,0,0,1,0,0,0,7,0,0,0,0,0,0,0,1,0,0,0
7311,0,1,0,0,0,0,0,1,83,10.288943717567744,0.0008657430517138878,0,6,0,0,0,0,0,0,1,0,6,0,0,0,0,0,0,1,0,0,0,7,0,0,0,0,0,0,0,1,0,0,0
7312,1,0,0,1,0,0,0,36,132,157.82551644437422,1.0,1,6,0,0,0,0,0,0,1,0,6,0,0,0,0,0,0,1,0,0,0,7,0,0,0,0,0,0,0,1,0,0,1
7315,0,1,1,0,0,0,0,9,167,44.49768333288045,0.9999999999983946,1,6,0,0,0,0,0,0,1,0,6,0,0,0,0,0,0,1,0,0,0,7,0,0,0,0,0,0,0,1,0,0,1
7316,1,1,1,0,0,0,0,15,161,41.789154092454595,0.9999999999759084,1,1,0,1,0,0,0,0,0,0,6,0,0,0,0,0,0,1,0,0,0,7,0,0,0,0,0,0,0,1,0,0,1
7317,1,1,1,0,1,0,0,24,169,16.069969585259685,0.2192520456303411,0,4,0,0,0,0,1,0,0,0,9,0,0,0,0,0,0,0,0,0,1,7,0,0,0,0,0,0,0,1,0,0,1
7318,1,1,1,0,0,0,0,15,116,29.697371240049872,0.9999957020635164,1,4,0,0,0,0,1,0,0,0,9,0,0,0,0,0,0,0,0,0,1,5,0,0,0,0,0,1,0,0,0,0,1
7319,1,1,0,0,0,0,0,8,183,136.67620091256705,1.0,1,4,0,0,0,0,1,0,0,0,9,0,0,0,0,0,0,0,0,0,1,7,0,0,0,0,0,0,0,1,0,0,1
7320,0,0,0,1,1,1,0,6,108,8.641479445077767,0.00016680461952065157,0,6,0,0,0,0,0,0,1,0,6,0,0,0,0,0,0,1,0,0,0,7,0,0,0,0,0,0,0,1,0,0,0
7323,0,1,1,0,0,0,0,7,105,4.2591298236705795,2.0847278036179667e-06,0,2,0,0,1,0,0,0,0,0,6,0,0,0,0,0,0,1,0,0,0,7,0,0,0,0,0,0,0,1,0,0,1
7324,1,1,0,1,0,0,0,6,180,88.2484326712097,1.0,1,0,1,0,0,0,0,0,0,0,6,0,0,0,0,0,0,1,0,0,0,7,0,0,0,0,0,0,0,1,0,0,0
7325,0,0,1,0,0,0,0,6,118,8.616061323654273,0.00016261887121682737,0,6,0,0,0,0,0,0,1,0,6,0,0,0,0,0,0,1,0,0,0,7,0,0,0,0,0,0,0,1,0,0,1
7326,0,1,1,0,0,0,0,5,70,4.186001310137344,1.937715942801203e-06,0,6,0,0,0,0,0,0,1,0,6,0,0,0,0,0,0,1,0,0,0,7,0,0,0,0,0,0,0,1,0,0,0
7328,0,1,1,0,1,0,0,14,95,6.908812681514636,2.9497152754499648e-05,0,2,0,0,1,0,0,0,0,0,6,0,0,0,0,0,0,1,0,0,0,7,0,0,0,0,0,0,0,1,0,0,0
7329,1,1,1,0,1,0,0,9,168,167.00588458255822,1.0,1,4,0,0,0,0,1,0,0,0,2,0,0,1,0,0,0,0,0,0,0,3,0,0,0,1,0,0,0,0,0,0,1
7330,0,1,1,1,0,0,0,6,121,12.389658970713155,0.007031205767334761,0,2,0,0,1,0,0,0,0,0,6,0,0,0,0,0,0,1,0,0,0,7,0,0,0,0,0,0,0,1,0,0,1
7331,0,1,1,0,0,0,0,19,140,20.75652235330955,0.9682169283991754,1,6,0,0,0,0,0,0,1,0,6,0,0,0,0,0,0,1,0,0,0,7,0,0,0,0,0,0,0,1,0,0,1
7332,0,1,1,1,1,0,0,31,167,15.242470073003032,0.10933713112330276,0,4,0,0,0,0,1,0,0,0,9,0,0,0,0,0,0,0,0,0,1,7,0,0,0,0,0,0,0,1,0,0,0
7334,1,1,1,0,0,0,0,10,131,31.846827788298892,0.999999499084438,1,4,0,0,0,0,1,0,0,0,9,0,0,0,0,0,0,0,0,0,1,9,0,0,0,0,0,0,0,0,0,1,1
7335,1,1,1,0,1,0,0,6,137,8.43926902970404,0.0001362706944236689,0,6,0,0,0,0,0,0,1,0,6,0,0,0,0,0,0,1,0,0,0,7,0,0,0,0,0,0,0,1,0,0,1
7337,1,1,1,0,0,0,0,6,140,31.846827788298892,0.999999499084438,1,6,0,0,0,0,0,0,1,0,6,0,0,0,0,0,0,1,0,0,0,7,0,0,0,0,0,0,0,1,0,0,1
7338,0,0,1,0,0,0,0,7,101,6.933850036582522,3.024498389595227e-05,0,6,0,0,0,0,0,0,1,0,6,0,0,0,0,0,0,1,0,0,0,7,0,0,0,0,0,0,0,1,0,0,1
7340,0,1,1,0,0,0,0,16,146,26.36791284284557,0.9998800016839698,1,4,0,0,0,0,1,0,0,0,9,0,0,0,0,0,0,0,0,0,1,7,0,0,0,0,0,0,0,1,0,0,1
7342,1,1,0,1,0,0,1,10,172,73.36632052158183,1.0,1,2,0,0,1,0,0,0,0,0,8,0,0,0,0,0,0,0,0,1,0,7,0,0,0,0,0,0,0,1,0,0,0
7343,0,1,1,0,0,0,0,19,125,8.505999140155367,0.00014567294622028974,0,4,0,0,0,0,1,0,0,0,9,0,0,0,0,0,0,0,0,0,1,7,0,0,0,0,0,0,0,1,0,0,0
7344,0,1,0,0,0,0,0,7,103,22.762194900149716,0.9956019877964544,1,4,0,0,0,0,1,0,0,0,9,0,0,0,0,0,0,0,0,0,1,7,0,0,0,0,0,0,0,1,0,0,0
7345,0,0,0,1,0,0,0,7,157,35.75269888032064,0.999999989919862,1,2,0,0,1,0,0,0,0,0,8,0,0,0,0,0,0,0,0,1,0,7,0,0,0,0,0,0,0,1,0,0,0
7348,0,1,1,1,0,0,0,21,171,42.18698354977473,0.9999999999838158,1,1,0,1,0,0,0,0,0,0,6,0,0,0,0,0,0,1,0,0,0,7,0,0,0,0,0,0,0,1,0,0,1
7350,0,0,0,1,1,0,0,17,161,13.065262803565435,0.013724716228559615,0,6,0,0,0,0,0,0,1,0,6,0,0,0,0,0,0,1,0,0,0,7,0,0,0,0,0,0,0,1,0,0,0
7352,0,1,1,0,1,0,0,11,159,21.191172423308085,0.9791875620528604,1,4,0,0,0,0,1,0,0,0,9,0,0,0,0,0,0,0,0,0,1,7,0,0,0,0,0,0,0,1,0,0,0
7354,0,0,0,0,1,1,0,9,85,7.141755305724702,3.723423481365683e-05,0,6,0,0,0,0,0,0,1,0,6,0,0,0,0,0,0,1,0,0,0,7,0,0,0,0,0,0,0,1,0,0,0
7355,0,1,1,1,0,0,0,14,165,69.9465761184464,1.0,1,2,0,0,1,0,0,0,0,0,8,0,0,0,0,0,0,0,0,1,0,7,0,0,0,0,0,0,0,1,0,0,0
7356,1,1,1,0,0,2,0,8,157,92.47902024238998,1.0,1,6,0,0,0,0,0,0,1,0,6,0,0,0,0,0,0,1,0,0,0,7,0,0,0,0,0,0,0,1,0,0,0
7357,0,1,1,0,1,0,0,13,82,1.5898213275123294,1.4447218822351735e-07,0,6,0,0,0,0,0,0,1,0,6,0,0,0,0,0,0,1,0,0,0,7,0,0,0,0,0,0,0,1,0,0,0
7358,0,0,1,0,0,0,0,12,164,31.62550127809577,0.9999993749923224,1,6,0,0,0,0,0,0,1,0,6,0,0,0,0,0,0,1,0,0,0,7,0,0,0,0,0,0,0,1,0,0,0
7359,0,0,0,1,0,0,0,7,73,11.604186209993912,0.003217866088460659,0,6,0,0,0,0,0,0,1,0,6,0,0,0,0,0,0,1,0,0,0,7,0,0,0,0,0,0,0,1,0,0,0
7360,0,0,0,0,1,0,2,9,106,22.317366619724652,0.9931549886739568,1,7,0,0,0,0,0,0,0,1,6,0,0,0,0,0,0,1,0,0,0,7,0,0,0,0,0,0,0,1,0,0,0
7361,1,0,0,1,0,0,0,7,121,109.44893329050065,1.0,1,6,0,0,0,0,0,0,1,0,6,0,0,0,0,0,0,1,0,0,0,7,0,0,0,0,0,0,0,1,0,0,1
7362,1,1,1,0,0,1,0,33,125,26.992442982481545,0.9999357357615604,1,6,0,0,0,0,0,0,1,0,6,0,0,0,0,0,0,1,0,0,0,7,0,0,0,0,0,0,0,1,0,0,0
7365,0,0,0,1,0,0,0,11,81,12.311206573453456,0.006504124305003797,0,5,0,0,0,0,0,1,0,0,1,0,1,0,0,0,0,0,0,0,0,7,0,0,0,0,0,0,0,1,0,0,0
7366,0,1,1,1,0,2,0,22,112,6.8188253433905,2.6958777558050853e-05,0,2,0,0,1,0,0,0,0,0,8,0,0,0,0,0,0,0,0,1,0,7,0,0,0,0,0,0,0,1,0,0,0
7367,0,0,0,0,0,1,0,1,40,2.2793308774965872,2.878951716493362e-07,0,6,0,0,0,0,0,0,1,0,6,0,0,0,0,0,0,1,0,0,0,7,0,0,0,0,0,0,0,1,0,0,0
7369,0,1,1,0,1,1,0,8,133,3.4683107628184318,9.453693090665669e-07,0,6,0,0,0,0,0,0,1,0,6,0,0,0,0,0,0,1,0,0,0,7,0,0,0,0,0,0,0,1,0,0,0
7371,0,0,0,0,0,0,0,4,67,8.780402345137233,0.00019165966577420283,0,6,0,0,0,0,0,0,1,0,6,0,0,0,0,0,0,1,0,0,0,7,0,0,0,0,0,0,0,1,0,0,0
7372,0,0,0,1,0,0,0,5,101,42.553424637250636,0.9999999999887812,1,6,0,0,0,0,0,0,1,0,6,0,0,0,0,0,0,1,0,0,0,7,0,0,0,0,0,0,0,1,0,0,0
7373,0,0,0,1,0,0,0,3,88,9.64391480592406,0.00045439681757271496,0,6,0,0,0,0,0,0,1,0,6,0,0,0,0,0,0,1,0,0,0,7,0,0,0,0,0,0,0,1,0,0,0
7374,0,0,0,0,0,0,1,2,114,34.086649642408574,0.999999946663754,1,6,0,0,0,0,0,0,1,0,6,0,0,0,0,0,0,1,0,0,0,7,0,0,0,0,0,0,0,1,0,0,0
7377,1,0,0,0,0,0,0,3,154,135.75656106838906,1.0,1,0,1,0,0,0,0,0,0,0,5,0,0,0,0,0,1,0,0,0,0,7,0,0,0,0,0,0,0,1,0,0,0
7378,0,1,0,0,0,0,0,2,147,59.34498308233364,1.0,1,6,0,0,0,0,0,0,1,0,6,0,0,0,0,0,0,1,0,0,0,7,0,0,0,0,0,0,0,1,0,0,0
7380,0,0,0,0,0,0,0,4,105,11.924113004261562,0.004425718958676697,0,6,0,0,0,0,0,0,1,0,6,0,0,0,0,0,0,1,0,0,0,7,0,0,0,0,0,0,0,1,0,0,0
7381,0,1,1,0,1,0,0,19,140,6.415355413116926,1.8008573721344966e-05,0,4,0,0,0,0,1,0,0,0,2,0,0,1,0,0,0,0,0,0,0,7,0,0,0,0,0,0,0,1,0,0,0
7383,0,0,0,0,0,0,0,2,153,61.94907877290886,1.0,1,4,0,0,0,0,1,0,0,0,9,0,0,0,0,0,0,0,0,0,1,7,0,0,0,0,0,0,0,1,0,0,0
7386,0,1,1,0,0,1,0,31,125,26.992442982481545,0.9999357357615604,1,6,0,0,0,0,0,0,1,0,6,0,0,0,0,0,0,1,0,0,0,7,0,0,0,0,0,0,0,1,0,0,0
7390,0,1,1,0,0,0,0,5,103,11.136683671686594,0.0020186284225869613,0,6,0,0,0,0,0,0,1,0,6,0,0,0,0,0,0,1,0,0,0,7,0,0,0,0,0,0,0,1,0,0,0
7391,0,0,0,1,0,0,0,17,151,51.8719907267748,0.9999999999999988,1,6,0,0,0,0,0,0,1,0,6,0,0,0,0,0,0,1,0,0,0,7,0,0,0,0,0,0,0,1,0,0,0
7392,0,1,1,0,0,1,0,29,127,22.899542588860747,0.9961642324922624,1,4,0,0,0,0,1,0,0,0,9,0,0,0,0,0,0,0,0,0,1,8,0,0,0,0,0,0,0,0,1,0,0
7393,0,0,0,0,0,0,0,3,153,45.37330763767108,0.9999999999993312,1,4,0,0,0,0,1,0,0,0,2,0,0,1,0,0,0,0,0,0,0,3,0,0,0,1,0,0,0,0,0,0,0
7395,0,0,0,1,0,0,0,0,90,12.187245354098696,0.005750195427532969,0,6,0,0,0,0,0,0,1,0,6,0,0,0,0,0,0,1,0,0,0,7,0,0,0,0,0,0,0,1,0,0,0
7397,0,0,0,0,0,0,8,32,70,38.0978031629156,0.9999999990339477,1,4,0,0,0,0,1,0,0,0,9,0,0,0,0,0,0,0,0,0,1,7,0,0,0,0,0,0,0,1,0,0,0
7400,0,0,0,0,0,0,0,3,32,1.5513477097993282,1.3901938832085302e-07,0,4,0,0,0,0,1,0,0,0,9,0,0,0,0,0,0,0,0,0,1,5,0,0,0,0,0,1,0,0,0,0,0
7402,0,1,0,0,0,0,0,9,100,7.78574179963959,7.089369215592834e-05,0,6,0,0,0,0,0,0,1,0,6,0,0,0,0,0,0,1,0,0,0,7,0,0,0,0,0,0,0,1,0,0,0
7403,0,0,0,0,0,0,0,0,82,10.122620281491637,0.0007331845077000637,0,6,0,0,0,0,0,0,1,0,6,0,0,0,0,0,0,1,0,0,0,7,0,0,0,0,0,0,0,1,0,0,0
7405,0,0,0,0,0,0,0,1,66,11.760445460774847,0.003760055048793415,0,6,0,0,0,0,0,0,1,0,6,0,0,0,0,0,0,1,0,0,0,7,0,0,0,0,0,0,0,1,0,0,0
7407,1,0,0,1,0,0,0,4,141,58.49445761334761,1.0,1,6,0,0,0,0,0,0,1,0,6,0,0,0,0,0,0,1,0,0,0,7,0,0,0,0,0,0,0,1,0,0,1
7408,0,1,0,0,0,0,0,2,129,14.257767966249965,0.043846145039087216,0,6,0,0,0,0,0,0,1,0,6,0,0,0,0,0,0,1,0,0,0,7,0,0,0,0,0,0,0,1,0,0,0
7410,0,0,0,0,1,4,0,44,162,93.00423471492256,1.0,1,4,0,0,0,0,1,0,0,0,9,0,0,0,0,0,0,0,0,0,1,7,0,0,0,0,0,0,0,1,0,0,0
7412,0,1,1,0,0,0,0,10,126,15.850618336482663,0.18401455447994886,0,2,0,0,1,0,0,0,0,0,6,0,0,0,0,0,0,1,0,0,0,7,0,0,0,0,0,0,0,1,0,0,0
7413,0,1,1,0,0,0,0,13,97,9.476474970111203,0.00038436825326821467,0,6,0,0,0,0,0,0,1,0,6,0,0,0,0,0,0,1,0,0,0,7,0,0,0,0,0,0,0,1,0,0,0
7414,0,1,0,1,0,1,0,5,113,17.182474774058935,0.4606999265715204,0,6,0,0,0,0,0,0,1,0,6,0,0,0,0,0,0,1,0,0,0,7,0,0,0,0,0,0,0,1,0,0,0
7415,1,1,1,0,0,0,0,14,107,13.921744998899438,0.03172979622306993,0,2,0,0,1,0,0,0,0,0,8,0,0,0,0,0,0,0,0,1,0,7,0,0,0,0,0,0,0,1,0,0,0
7416,0,1,1,1,1,0,0,6,152,21.264027568427803,0.9806215991607938,1,6,0,0,0,0,0,0,1,0,6,0,0,0,0,0,0,1,0,0,0,7,0,0,0,0,0,0,0,1,0,0,0
7418,0,1,0,1,0,0,0,11,149,47.40567417009129,0.9999999999999124,1,6,0,0,0,0,0,0,1,0,6,0,0,0,0,0,0,1,0,0,0,7,0,0,0,0,0,0,0,1,0,0,0
7419,0,0,0,1,1,2,2,8,150,19.486638890883167,0.8953542759881437,1,3,0,0,0,1,0,0,0,0,6,0,0,0,0,0,0,1,0,0,0,7,0,0,0,0,0,0,0,1,0,0,0
7421,0,0,0,1,0,0,0,16,149,84.23908929481264,1.0,1,6,0,0,0,0,0,0,1,0,6,0,0,0,0,0,0,1,0,0,0,7,0,0,0,0,0,0,0,1,0,0,0
7424,0,0,0,0,0,0,2,4,54,4.427875483109365,2.467939453515873e-06,0,6,0,0,0,0,0,0,1,0,6,0,0,0,0,0,0,1,0,0,0,7,0,0,0,0,0,0,0,1,0,0,0
7425,1,0,0,0,1,5,0,43,161,93.55113459624779,1.0,1,4,0,0,0,0,1,0,0,0,9,0,0,0,0,0,0,0,0,0,1,7,0,0,0,0,0,0,0,1,0,0,0
7426,0,1,1,0,0,0,0,17,125,10.239641717596818,0.0008241296058334669,0,4,0,0,0,0,1,0,0,0,9,0,0,0,0,0,0,0,0,0,1,7,0,0,0,0,0,0,0,1,0,0,0
7428,0,0,0,0,0,0,0,4,58,2.997828771662122,5.905734523737134e-07,0,4,0,0,0,0,1,0,0,0,9,0,0,0,0,0,0,0,0,0,1,7,0,0,0,0,0,0,0,1,0,0,0
7430,0,0,0,1,0,1,0,6,99,12.518216710205655,0.00798809111792899,0,4,0,0,0,0,1,0,0,0,2,0,0,1,0,0,0,0,0,0,0,7,0,0,0,0,0,0,0,1,0,0,0
7431,0,0,0,0,0,0,0,4,72,9.914239814686118,0.0005953531995746128,0,4,0,0,0,0,1,0,0,0,9,0,0,0,0,0,0,0,0,0,1,7,0,0,0,0,0,0,0,1,0,0,0
7433,0,0,0,0,1,0,0,3,82,10.375071051828867,0.0009435389302181689,0,6,0,0,0,0,0,0,1,0,6,0,0,0,0,0,0,1,0,0,0,7,0,0,0,0,0,0,0,1,0,0,0
7434,0,0,0,0,0,0,0,4,96,3.762635069365524,1.2688923549207126e-06,0,6,0,0,0,0,0,0,1,0,6,0,0,0,0,0,0,1,0,0,0,7,0,0,0,0,0,0,0,1,0,0,0
7437,1,0,0,1,0,0,0,5,118,50.03981102394843,0.9999999999999938,1,6,0,0,0,0,0,0,1,0,6,0,0,0,0,0,0,1,0,0,0,7,0,0,0,0,0,0,0,1,0,0,0
7438,0,1,1,0,0,0,0,14,115,10.239641717596818,0.0008241296058334669,0,4,0,0,0,0,1,0,0,0,2,0,0,1,0,0,0,0,0,0,0,7,0,0,0,0,0,0,0,1,0,0,0
7439,0,0,0,1,0,0,0,6,124,28.48472593128788,0.9999855489052132,1,2,0,0,1,0,0,0,0,0,8,0,0,0,0,0,0,0,0,1,0,7,0,0,0,0,0,0,0,1,0,0,0
7442,0,0,0,0,0,0,0,6,171,50.421822793953716,0.9999999999999958,1,2,0,0,1,0,0,0,0,0,3,0,0,0,1,0,0,0,0,0,0,7,0,0,0,0,0,0,0,1,0,0,0
7443,0,0,0,0,0,0,0,1,88,10.071560710416227,0.0006967135230808128,0,2,0,0,1,0,0,0,0,0,6,0,0,0,0,0,0,1,0,0,0,7,0,0,0,0,0,0,0,1,0,0,0
7444,0,0,0,0,0,0,0,2,49,4.013118142669678,1.6300767026563553e-06,0,6,0,0,0,0,0,0,1,0,6,0,0,0,0,0,0,1,0,0,0,7,0,0,0,0,0,0,0,1,0,0,0
7446,1,1,0,0,1,1,0,44,160,94.19028559422337,1.0,1,4,0,0,0,0,1,0,0,0,2,0,0,1,0,0,0,0,0,0,0,3,0,0,0,1,0,0,0,0,0,0,0
7447,0,0,1,1,0,1,1,15,141,12.486224205438385,0.007738523162461969,0,6,0,0,0,0,0,0,1,0,6,0,0,0,0,0,0,1,0,0,0,7,0,0,0,0,0,0,0,1,0,0,0
7451,0,0,0,1,0,0,0,5,96,15.378535697865605,0.12330866384387598,0,6,0,0,0,0,0,0,1,0,6,0,0,0,0,0,0,1,0,0,0,7,0,0,0,0,0,0,0,1,0,0,0
7452,0,1,1,1,0,0,1,11,139,26.334917721554174,0.9998759767800792,1,4,0,0,0,0,1,0,0,0,9,0,0,0,0,0,0,0,0,0,1,7,0,0,0,0,0,0,0,1,0,0,0
7453,0,1,1,1,1,0,0,22,152,5.090574682691059,4.787845183015992e-06,0,4,0,0,0,0,1,0,0,0,9,0,0,0,0,0,0,0,0,0,1,7,0,0,0,0,0,0,0,1,0,0,0
7456,0,0,0,0,0,0,0,8,164,70.25125876347781,1.0,1,4,0,0,0,0,1,0,0,0,2,0,0,1,0,0,0,0,0,0,0,7,0,0,0,0,0,0,0,1,0,0,0
7457,1,0,0,1,0,0,0,3,126,67.5373837280076,1.0,1,6,0,0,0,0,0,0,1,0,6,0,0,0,0,0,0,1,0,0,0,7,0,0,0,0,0,0,0,1,0,0,0
7458,0,0,0,0,1,0,1,12,166,23.96438826126081,0.9986741678422708,1,2,0,0,1,0,0,0,0,0,6,0,0,0,0,0,0,1,0,0,0,7,0,0,0,0,0,0,0,1,0,0,0
7459,0,1,0,1,0,0,0,9,157,40.196034684316814,0.9999999998814912,1,4,0,0,0,0,1,0,0,0,9,0,0,0,0,0,0,0,0,0,1,7,0,0,0,0,0,0,0,1,0,0,0
7461,0,0,1,0,0,0,1,7,103,4.8347940123939885,3.7072889307388816e-06,0,4,0,0,0,0,1,0,0,0,9,0,0,0,0,0,0,0,0,0,1,7,0,0,0,0,0,0,0,1,0,0,0
7463,1,0,0,1,0,0,1,2,50,1.8794462191091457,1.930041831556015e-07,0,6,0,0,0,0,0,0,1,0,6,0,0,0,0,0,0,1,0,0,0,7,0,0,0,0,0,0,0,1,0,0,0
7465,0,1,1,0,0,0,1,12,112,7.191692473709183,3.91407408567067e-05,0,4,0,0,0,0,1,0,0,0,9,0,0,0,0,0,0,0,0,0,1,7,0,0,0,0,0,0,0,1,0,0,0
7467,0,1,0,0,0,0,0,4,136,29.505435937778067,0.9999947926587291,1,6,0,0,0,0,0,0,1,0,6,0,0,0,0,0,0,1,0,0,0,7,0,0,0,0,0,0,0,1,0,0,0
7470,0,1,0,1,0,1,0,6,117,15.024254572561633,0.08982729969510886,0,6,0,0,0,0,0,0,1,0,6,0,0,0,0,0,0,1,0,0,0,7,0,0,0,0,0,0,0,1,0,0,0
7473,0,1,0,0,1,0,0,2,58,2.4064675541015665,3.2692574451683213e-07,0,6,0,0,0,0,0,0,1,0,6,0,0,0,0,0,0,1,0,0,0,7,0,0,0,0,0,0,0,1,0,0,0
7474,0,0,0,1,0,0,0,0,92,5.000329320304797,4.374689314984637e-06,0,6,0,0,0,0,0,0,1,0,6,0,0,0,0,0,0,1,0,0,0,7,0,0,0,0,0,0,0,1,0,0,0
7475,0,1,1,0,0,0,1,10,103,12.119453410189363,0.005375324079497738,0,1,0,1,0,0,0,0,0,0,6,0,0,0,0,0,0,1,0,0,0,7,0,0,0,0,0,0,0,1,0,0,0
7476,0,1,1,1,1,0,1,9,160,23.712864605721307,0.9982956481916566,1,4,0,0,0,0,1,0,0,0,9,0,0,0,0,0,0,0,0,0,1,7,0,0,0,0,0,0,0,1,0,0,0
7477,0,1,1,1,0,1,0,31,142,20.18174040356396,0.9448901600123204,1,6,0,0,0,0,0,0,1,0,6,0,0,0,0,0,0,1,0,0,0,7,0,0,0,0,0,0,0,1,0,0,0
7478,0,0,0,0,0,0,0,2,157,125.92649384466442,1.0,1,1,0,1,0,0,0,0,0,0,4,0,0,0,0,1,0,0,0,0,0,7,0,0,0,0,0,0,0,1,0,0,0
7479,0,0,0,0,0,0,0,8,177,100.91702991097051,1.0,1,7,0,0,0,0,0,0,0,1,0,1,0,0,0,0,0,0,0,0,0,7,0,0,0,0,0,0,0,1,0,0,0
7480,0,1,1,1,0,0,0,12,91,2.9855000704697536,5.833371517463104e-07,0,6,0,0,0,0,0,0,1,0,6,0,0,0,0,0,0,1,0,0,0,7,0,0,0,0,0,0,0,1,0,0,0
7481,0,0,0,0,0,0,0,3,117,23.25246313017746,0.9973017854203442,1,4,0,0,0,0,1,0,0,0,9,0,0,0,0,0,0,0,0,0,1,7,0,0,0,0,0,0,0,1,0,0,0
7482,0,1,1,0,1,0,1,7,138,1.267187339458962,1.0463238081786939e-07,0,6,0,0,0,0,0,0,1,0,6,0,0,0,0,0,0,1,0,0,0,7,0,0,0,0,0,0,0,1,0,0,0
7488,0,0,0,0,0,2,0,14,98,13.692544191475818,0.02539559767035499,0,1,0,1,0,0,0,0,0,0,6,0,0,0,0,0,0,1,0,0,0,7,0,0,0,0,0,0,0,1,0,0,0
7490,0,1,1,1,0,0,1,6,109,6.819375060944963,2.6973600945545222e-05,0,6,0,0,0,0,0,0,1,0,6,0,0,0,0,0,0,1,0,0,0,7,0,0,0,0,0,0,0,1,0,0,0
7491,0,1,1,0,0,0,0,6,154,47.21903209622909,0.9999999999998944,1,1,0,1,0,0,0,0,0,0,4,0,0,0,0,1,0,0,0,0,0,7,0,0,0,0,0,0,0,1,0,0,0
7493,0,0,0,1,0,1,0,8,179,32.559151597235484,0.9999997542993332,1,6,0,0,0,0,0,0,1,0,6,0,0,0,0,0,0,1,0,0,0,7,0,0,0,0,0,0,0,1,0,0,0
7494,1,1,1,1,0,0,0,15,123,12.130035964825206,0.005432200147644029,0,4,0,0,0,0,1,0,0,0,9,0,0,0,0,0,0,0,0,0,1,7,0,0,0,0,0,0,0,1,0,0,0
7496,1,1,1,0,0,0,0,17,164,100.1327599159198,1.0,1,4,0,0,0,0,1,0,0,0,9,0,0,0,0,0,0,0,0,0,1,7,0,0,0,0,0,0,0,1,0,0,1
7497,1,0,1,0,0,0,0,14,123,14.856539616813755,0.07702583326644029,0,4,0,0,0,0,1,0,0,0,9,0,0,0,0,0,0,0,0,0,1,5,0,0,0,0,0,1,0,0,0,0,1
7498,1,0,1,0,0,0,0,9,148,128.83118756700142,1.0,1,6,0,0,0,0,0,0,1,0,6,0,0,0,0,0,0,1,0,0,0,7,0,0,0,0,0,0,0,1,0,0,1
7501,1,1,1,0,0,0,0,7,122,60.15608747524986,1.0,1,2,0,0,1,0,0,0,0,0,8,0,0,0,0,0,0,0,0,1,0,7,0,0,0,0,0,0,0,1,0,0,1
7502,1,1,1,0,0,0,0,32,122,75.41319811355166,1.0,1,4,0,0,0,0,1,0,0,0,9,0,0,0,0,0,0,0,0,0,1,7,0,0,0,0,0,0,0,1,0,0,1
7503,1,1,1,0,0,0,0,5,108,48.07746952696112,0.9999999999999551,1,4,0,0,0,0,1,0,0,0,9,0,0,0,0,0,0,0,0,0,1,0,1,0,0,0,0,0,0,0,0,0,1
7504,1,1,1,0,0,0,0,10,113,54.359984803341284,1.0,1,4,0,0,0,0,1,0,0,0,9,0,0,0,0,0,0,0,0,0,1,4,0,0,0,0,1,0,0,0,0,0,1
7505,1,0,1,0,0,0,0,11,115,51.858918693328285,0.9999999999999988,1,4,0,0,0,0,1,0,0,0,9,0,0,0,0,0,0,0,0,0,1,7,0,0,0,0,0,0,0,1,0,0,1
7507,1,1,1,0,0,0,0,4,98,42.536974472316544,0.9999999999885952,1,6,0,0,0,0,0,0,1,0,6,0,0,0,0,0,0,1,0,0,0,7,0,0,0,0,0,0,0,1,0,0,1
7510,1,1,1,0,0,0,0,8,108,48.07746952696112,0.9999999999999551,1,4,0,0,0,0,1,0,0,0,9,0,0,0,0,0,0,0,0,0,1,0,1,0,0,0,0,0,0,0,0,0,1
7512,1,0,0,0,1,0,0,26,118,51.667450904886046,0.9999999999999988,1,5,0,0,0,0,0,1,0,0,1,0,1,0,0,0,0,0,0,0,0,7,0,0,0,0,0,0,0,1,0,0,1
7513,1,1,1,1,1,0,0,14,178,90.65675331091637,1.0,1,4,0,0,0,0,1,0,0,0,9,0,0,0,0,0,0,0,0,0,1,0,1,0,0,0,0,0,0,0,0,0,1
7514,1,1,1,0,0,0,0,28,99,44.74423409878439,0.9999999999987454,1,6,0,0,0,0,0,0,1,0,6,0,0,0,0,0,0,1,0,0,0,7,0,0,0,0,0,0,0,1,0,0,1
7515,1,1,1,0,0,0,0,16,158,112.40068762031949,1.0,1,6,0,0,0,0,0,0,1,0,6,0,0,0,0,0,0,1,0,0,0,7,0,0,0,0,0,0,0,1,0,0,1
7517,1,1,1,0,0,0,0,19,172,41.16529347169979,0.999999999955042,1,6,0,0,0,0,0,0,1,0,6,0,0,0,0,0,0,1,0,0,0,7,0,0,0,0,0,0,0,1,0,0,1
7518,1,1,1,0,0,0,0,15,154,85.42502565225138,1.0,1,4,0,0,0,0,1,0,0,0,2,0,0,1,0,0,0,0,0,0,0,7,0,0,0,0,0,0,0,1,0,0,1
7519,1,0,0,0,0,0,1,4,110,40.36906116614071,0.9999999999003204,1,6,0,0,0,0,0,0,1,0,6,0,0,0,0,0,0,1,0,0,0,7,0,0,0,0,0,0,0,1,0,0,1
7520,1,1,1,0,0,0,0,6,114,59.51677477313311,1.0,1,4,0,0,0,0,1,0,0,0,9,0,0,0,0,0,0,0,0,0,1,7,0,0,0,0,0,0,0,1,0,0,1
7521,1,0,1,0,0,0,0,9,109,42.536974472316544,0.9999999999885952,1,6,0,0,0,0,0,0,1,0,6,0,0,0,0,0,0,1,0,0,0,7,0,0,0,0,0,0,0,1,0,0,1
7522,1,1,1,0,1,0,0,19,159,49.732862481283405,0.9999999999999912,1,1,0,1,0,0,0,0,0,0,4,0,0,0,0,1,0,0,0,0,0,7,0,0,0,0,0,0,0,1,0,0,1
7523,1,0,1,0,1,0,0,6,130,42.536974472316544,0.9999999999885952,1,6,0,0,0,0,0,0,1,0,6,0,0,0,0,0,0,1,0,0,0,7,0,0,0,0,0,0,0,1,0,0,1
7525,1,1,1,0,0,0,0,20,172,36.142487069997436,0.9999999931737276,1,2,0,0,1,0,0,0,0,0,3,0,0,0,1,0,0,0,0,0,0,7,0,0,0,0,0,0,0,1,0,0,1
7526,1,1,1,0,0,0,0,14,164,74.82920679041072,1.0,1,4,0,0,0,0,1,0,0,0,9,0,0,0,0,0,0,0,0,0,1,7,0,0,0,0,0,0,0,1,0,0,1
7527,1,1,1,1,1,0,1,14,164,39.51576680431315,0.9999999997660156,1,4,0,0,0,0,1,0,0,0,2,0,0,1,0,0,0,0,0,0,0,7,0,0,0,0,0,0,0,1,0,0,1
7528,1,0,1,1,0,0,0,7,123,62.44759766376015,1.0,1,1,0,1,0,0,0,0,0,0,6,0,0,0,0,0,0,1,0,0,0,7,0,0,0,0,0,0,0,1,0,0,1
7529,0,1,0,1,0,0,0,2,51,5.950312394841126,1.1311406499598167e-05,0,6,0,0,0,0,0,0,1,0,6,0,0,0,0,0,0,1,0,0,0,7,0,0,0,0,0,0,0,1,0,0,1
7530,1,1,1,0,0,0,0,10,92,8.079910875079934,9.513779275110178e-05,0,6,0,0,0,0,0,0,1,0,6,0,0,0,0,0,0,1,0,0,0,7,0,0,0,0,0,0,0,1,0,0,1
7531,1,0,1,0,0,0,0,9,113,54.359984803341284,1.0,1,4,0,0,0,0,1,0,0,0,9,0,0,0,0,0,0,0,0,0,1,4,0,0,0,0,1,0,0,0,0,0,1
7532,1,1,1,0,0,0,0,9,114,59.51677477313311,1.0,1,4,0,0,0,0,1,0,0,0,9,0,0,0,0,0,0,0,0,0,1,7,0,0,0,0,0,0,0,1,0,0,1
7533,1,1,1,1,0,0,0,8,121,70.18520895511783,1.0,1,1,0,1,0,0,0,0,0,0,6,0,0,0,0,0,0,1,0,0,0,7,0,0,0,0,0,0,0,1,0,0,1
7534,1,1,1,0,1,0,0,3,104,42.536974472316544,0.9999999999885952,1,6,0,0,0,0,0,0,1,0,6,0,0,0,0,0,0,1,0,0,0,7,0,0,0,0,0,0,0,1,0,0,1
7535,1,1,1,0,0,0,0,12,124,49.2714092738606,0.9999999999999865,1,6,0,0,0,0,0,0,1,0,6,0,0,0,0,0,0,1,0,0,0,7,0,0,0,0,0,0,0,1,0,0,1
7536,1,0,1,1,0,0,0,8,122,62.44759766376015,1.0,1,1,0,1,0,0,0,0,0,0,6,0,0,0,0,0,0,1,0,0,0,7,0,0,0,0,0,0,0,1,0,0,1
7537,1,1,1,0,0,0,0,17,176,219.75680242322014,1.0,1,6,0,0,0,0,0,0,1,0,6,0,0,0,0,0,0,1,0,0,0,7,0,0,0,0,0,0,0,1,0,0,1
7540,1,1,1,0,0,0,0,2,98,42.536974472316544,0.9999999999885952,1,6,0,0,0,0,0,0,1,0,6,0,0,0,0,0,0,1,0,0,0,7,0,0,0,0,0,0,0,1,0,0,1
7542,1,1,1,0,0,0,0,9,122,60.15608747524986,1.0,1,2,0,0,1,0,0,0,0,0,8,0,0,0,0,0,0,0,0,1,0,7,0,0,0,0,0,0,0,1,0,0,1
7543,1,1,1,0,0,0,0,11,101,27.40647205175429,0.9999575215865999,1,4,0,0,0,0,1,0,0,0,9,0,0,0,0,0,0,0,0,0,1,7,0,0,0,0,0,0,0,1,0,0,1
7544,1,1,1,0,0,0,0,32,128,77.24064539669675,1.0,1,4,0,0,0,0,1,0,0,0,9,0,0,0,0,0,0,0,0,0,1,7,0,0,0,0,0,0,0,1,0,0,1
7545,1,1,1,0,0,0,0,10,151,101.40404220676209,1.0,1,7,0,0,0,0,0,0,0,1,6,0,0,0,0,0,0,1,0,0,0,7,0,0,0,0,0,0,0,1,0,0,1
7547,1,1,0,0,0,0,0,5,146,155.4938948405301,1.0,1,6,0,0,0,0,0,0,1,0,6,0,0,0,0,0,0,1,0,0,0,7,0,0,0,0,0,0,0,1,0,0,1
7548,1,1,1,0,0,0,0,7,146,94.840122526687,1.0,1,6,0,0,0,0,0,0,1,0,6,0,0,0,0,0,0,1,0,0,0,7,0,0,0,0,0,0,0,1,0,0,1
7550,1,1,1,0,0,0,0,14,111,20.532545366323372,0.9605527804144792,1,2,0,0,1,0,0,0,0,0,6,0,0,0,0,0,0,1,0,0,0,7,0,0,0,0,0,0,0,1,0,0,1
7551,1,1,1,0,0,0,0,10,146,90.64776104771956,1.0,1,4,0,0,0,0,1,0,0,0,9,0,0,0,0,0,0,0,0,0,1,7,0,0,0,0,0,0,0,1,0,0,1
7552,1,1,1,0,0,0,0,6,155,116.53519680534457,1.0,1,1,0,1,0,0,0,0,0,0,6,0,0,0,0,0,0,1,0,0,0,7,0,0,0,0,0,0,0,1,0,0,1
7553,1,1,1,0,0,0,0,16,130,41.78268069919104,0.9999999999757518,1,6,0,0,0,0,0,0,1,0,6,0,0,0,0,0,0,1,0,0,0,7,0,0,0,0,0,0,0,1,0,0,1
7554,1,1,1,0,0,0,0,13,151,107.13788085839307,1.0,1,0,1,0,0,0,0,0,0,0,5,0,0,0,0,0,1,0,0,0,0,7,0,0,0,0,0,0,0,1,0,0,1
7555,1,1,0,1,1,0,0,11,155,99.95266789757679,1.0,1,6,0,0,0,0,0,0,1,0,6,0,0,0,0,0,0,1,0,0,0,7,0,0,0,0,0,0,0,1,0,0,1
7556,1,1,1,0,1,0,15,12,117,21.81699944901304,0.9887602962938008,1,6,0,0,0,0,0,0,1,0,6,0,0,0,0,0,0,1,0,0,0,7,0,0,0,0,0,0,0,1,0,0,1
7557,1,1,1,0,0,0,3,9,149,94.840122526687,1.0,1,6,0,0,0,0,0,0,1,0,6,0,0,0,0,0,0,1,0,0,0,7,0,0,0,0,0,0,0,1,0,0,1
7558,1,1,1,0,0,0,0,7,146,94.840122526687,1.0,1,6,0,0,0,0,0,0,1,0,6,0,0,0,0,0,0,1,0,0,0,7,0,0,0,0,0,0,0,1,0,0,1
7559,1,1,0,0,0,0,0,5,146,155.4938948405301,1.0,1,6,0,0,0,0,0,0,1,0,6,0,0,0,0,0,0,1,0,0,0,7,0,0,0,0,0,0,0,1,0,0,1
7560,1,1,1,0,0,0,0,8,153,109.73045217603566,1.0,1,1,0,1,0,0,0,0,0,0,6,0,0,0,0,0,0,1,0,0,0,7,0,0,0,0,0,0,0,1,0,0,1
7561,1,1,1,0,0,0,0,8,159,110.36002196140959,1.0,1,4,0,0,0,0,1,0,0,0,9,0,0,0,0,0,0,0,0,0,1,7,0,0,0,0,0,0,0,1,0,0,1
7563,1,1,1,0,0,0,0,8,151,104.83841995230341,1.0,1,2,0,0,1,0,0,0,0,0,6,0,0,0,0,0,0,1,0,0,0,7,0,0,0,0,0,0,0,1,0,0,1
7565,1,1,1,0,1,0,0,13,146,76.24721736624521,1.0,1,6,0,0,0,0,0,0,1,0,6,0,0,0,0,0,0,1,0,0,0,7,0,0,0,0,0,0,0,1,0,0,1
7566,1,1,1,0,0,0,0,14,152,94.05448504169307,1.0,1,4,0,0,0,0,1,0,0,0,2,0,0,1,0,0,0,0,0,0,0,7,0,0,0,0,0,0,0,1,0,0,1
7568,1,0,0,1,0,0,0,5,163,146.25741130222684,1.0,1,2,0,0,1,0,0,0,0,0,6,0,0,0,0,0,0,1,0,0,0,7,0,0,0,0,0,0,0,1,0,0,1
7569,1,1,1,0,0,0,0,12,161,114.7438921167729,1.0,1,4,0,0,0,0,1,0,0,0,9,0,0,0,0,0,0,0,0,0,1,4,0,0,0,0,1,0,0,0,0,0,1
7570,1,1,1,0,0,0,0,8,146,94.840122526687,1.0,1,6,0,0,0,0,0,0,1,0,6,0,0,0,0,0,0,1,0,0,0,7,0,0,0,0,0,0,0,1,0,0,1
7571,1,1,1,0,0,0,1,17,107,19.94828045174941,0.9313925978846342,1,4,0,0,0,0,1,0,0,0,9,0,0,0,0,0,0,0,0,0,1,7,0,0,0,0,0,0,0,1,0,0,1
7573,1,1,1,0,0,0,0,10,186,94.840122526687,1.0,1,6,0,0,0,0,0,0,1,0,6,0,0,0,0,0,0,1,0,0,0,7,0,0,0,0,0,0,0,1,0,0,1
7576,0,1,0,1,0,0,2,7,160,39.69693445213356,0.999999999804788,1,2,0,0,1,0,0,0,0,0,8,0,0,0,0,0,0,0,0,1,0,7,0,0,0,0,0,0,0,1,0,0,0
7577,1,1,1,0,0,0,0,8,171,164.36341492293386,1.0,1,0,1,0,0,0,0,0,0,0,5,0,0,0,0,0,1,0,0,0,0,7,0,0,0,0,0,0,0,1,0,0,1
7578,1,1,1,0,0,0,0,10,161,118.79893794969982,1.0,1,2,0,0,1,0,0,0,0,0,6,0,0,0,0,0,0,1,0,0,0,7,0,0,0,0,0,0,0,1,0,0,1
7579,1,1,1,0,0,0,0,8,146,94.840122526687,1.0,1,6,0,0,0,0,0,0,1,0,6,0,0,0,0,0,0,1,0,0,0,7,0,0,0,0,0,0,0,1,0,0,1
7580,1,1,1,0,0,0,0,9,154,105.15843109324459,1.0,1,6,0,0,0,0,0,0,1,0,6,0,0,0,0,0,0,1,0,0,0,7,0,0,0,0,0,0,0,1,0,0,1
7581,1,1,1,0,1,0,0,19,103,21.7843945220905,0.9883921108021996,1,0,1,0,0,0,0,0,0,0,5,0,0,0,0,0,1,0,0,0,0,7,0,0,0,0,0,0,0,1,0,0,1
7582,1,1,1,0,1,0,0,16,161,34.989110742767636,0.9999999783684028,1,4,0,0,0,0,1,0,0,0,9,0,0,0,0,0,0,0,0,0,1,4,0,0,0,0,1,0,0,0,0,0,1
7583,1,1,1,0,0,0,0,14,153,102.87940076616476,1.0,1,2,0,0,1,0,0,0,0,0,6,0,0,0,0,0,0,1,0,0,0,7,0,0,0,0,0,0,0,1,0,0,1
7584,1,1,1,0,0,0,0,15,118,58.068722291317364,1.0,1,6,0,0,0,0,0,0,1,0,6,0,0,0,0,0,0,1,0,0,0,7,0,0,0,0,0,0,0,1,0,0,1
7585,1,1,1,0,1,0,0,12,173,83.5307568330865,1.0,1,0,1,0,0,0,0,0,0,0,5,0,0,0,0,0,1,0,0,0,0,7,0,0,0,0,0,0,0,1,0,0,1
7587,1,1,1,0,1,0,0,10,160,73.68039012391114,1.0,1,1,0,1,0,0,0,0,0,0,6,0,0,0,0,0,0,1,0,0,0,7,0,0,0,0,0,0,0,1,0,0,1
7588,1,1,1,0,0,0,0,9,150,115.55267439825786,1.0,1,0,1,0,0,0,0,0,0,0,5,0,0,0,0,0,1,0,0,0,0,7,0,0,0,0,0,0,0,1,0,0,1
7589,1,1,1,0,0,0,15,9,179,94.840122526687,1.0,1,6,0,0,0,0,0,0,1,0,6,0,0,0,0,0,0,1,0,0,0,7,0,0,0,0,0,0,0,1,0,0,1
7590,1,1,1,0,0,0,0,10,148,68.53013796310985,1.0,1,6,0,0,0,0,0,0,1,0,6,0,0,0,0,0,0,1,0,0,0,7,0,0,0,0,0,0,0,1,0,0,1
7591,1,1,1,0,0,0,0,10,157,107.13788085839307,1.0,1,1,0,1,0,0,0,0,0,0,6,0,0,0,0,0,0,1,0,0,0,7,0,0,0,0,0,0,0,1,0,0,1
7593,1,1,1,1,0,0,0,23,155,53.718369934417495,0.9999999999999998,1,4,0,0,0,0,1,0,0,0,9,0,0,0,0,0,0,0,0,0,1,5,0,0,0,0,0,1,0,0,0,0,1
7594,1,1,1,0,1,0,0,17,168,59.85925083018986,1.0,1,6,0,0,0,0,0,0,1,0,6,0,0,0,0,0,0,1,0,0,0,7,0,0,0,0,0,0,0,1,0,0,1
7595,0,0,0,0,0,0,0,1,47,4.543337950309915,2.769995618072568e-06,0,6,0,0,0,0,0,0,1,0,6,0,0,0,0,0,0,1,0,0,0,7,0,0,0,0,0,0,0,1,0,0,0
7598,1,1,1,0,0,0,0,20,133,15.749982900395992,0.16938149115316325,0,0,1,0,0,0,0,0,0,0,5,0,0,0,0,0,1,0,0,0,0,7,0,0,0,0,0,0,0,1,0,0,1
7600,0,1,1,1,0,1,0,15,127,21.73139310565783,0.987768008722562,1,2,0,0,1,0,0,0,0,0,8,0,0,0,0,0,0,0,0,1,0,7,0,0,0,0,0,0,0,1,0,0,0
7601,0,0,0,1,0,1,0,10,167,35.76913688913929,0.9999999900842049,1,2,0,0,1,0,0,0,0,0,6,0,0,0,0,0,0,1,0,0,0,6,0,0,0,0,0,0,1,0,0,0,0
7602,1,1,1,0,0,0,0,13,118,15.247634505632968,0.1098410722093692,0,4,0,0,0,0,1,0,0,0,9,0,0,0,0,0,0,0,0,0,1,7,0,0,0,0,0,0,0,1,0,0,0
7603,0,1,0,1,0,1,0,12,157,53.92826647261068,0.9999999999999998,1,2,0,0,1,0,0,0,0,0,6,0,0,0,0,0,0,1,0,0,0,7,0,0,0,0,0,0,0,1,0,0,0
7604,0,0,0,1,0,0,0,11,132,24.240306246960543,0.9989935371429459,1,0,1,0,0,0,0,0,0,0,6,0,0,0,0,0,0,1,0,0,0,7,0,0,0,0,0,0,0,1,0,0,0
7605,0,0,0,1,0,0,1,10,120,36.29533153040839,0.9999999941412614,1,1,0,1,0,0,0,0,0,0,4,0,0,0,0,1,0,0,0,0,0,7,0,0,0,0,0,0,0,1,0,0,0
7607,1,1,1,0,1,0,0,7,76,4.2970781977447166,2.1653599154651253e-06,0,6,0,0,0,0,0,0,1,0,6,0,0,0,0,0,0,1,0,0,0,7,0,0,0,0,0,0,0,1,0,0,0
7608,0,1,1,1,1,0,0,11,133,13.243061217282875,0.01635166403989103,0,6,0,0,0,0,0,0,1,0,6,0,0,0,0,0,0,1,0,0,0,7,0,0,0,0,0,0,0,1,0,0,0
7609,0,1,1,0,0,0,0,13,99,12.824368131736364,0.0108183751530062,0,6,0,0,0,0,0,0,1,0,6,0,0,0,0,0,0,1,0,0,0,7,0,0,0,0,0,0,0,1,0,0,0
7610,0,0,1,0,1,0,6,8,62,0.2707979848077475,3.863133687008809e-08,0,6,0,0,0,0,0,0,1,0,6,0,0,0,0,0,0,1,0,0,0,7,0,0,0,0,0,0,0,1,0,0,0
7611,1,1,1,0,0,0,2,10,106,28.156350750751358,0.999979931734456,1,6,0,0,0,0,0,0,1,0,6,0,0,0,0,0,0,1,0,0,0,7,0,0,0,0,0,0,0,1,0,0,0
7612,0,1,1,0,0,0,0,30,117,22.04518289015348,0.9910328776187959,1,0,1,0,0,0,0,0,0,0,5,0,0,0,0,0,1,0,0,0,0,7,0,0,0,0,0,0,0,1,0,0,0
7613,1,1,1,0,0,0,0,18,111,19.054237921458192,0.8473851545216531,1,4,0,0,0,0,1,0,0,0,9,0,0,0,0,0,0,0,0,0,1,7,0,0,0,0,0,0,0,1,0,0,0
7614,0,1,1,0,0,0,0,9,84,4.5500124586169175,2.7885457629622886e-06,0,6,0,0,0,0,0,0,1,0,6,0,0,0,0,0,0,1,0,0,0,7,0,0,0,0,0,0,0,1,0,0,0
7616,0,1,1,0,0,1,0,13,126,11.361559122888801,0.002526373390314252,0,6,0,0,0,0,0,0,1,0,6,0,0,0,0,0,0,1,0,0,0,7,0,0,0,0,0,0,0,1,0,0,0
7617,0,1,1,0,0,2,0,14,118,6.9709774042184875,3.1388970483449786e-05,0,2,0,0,1,0,0,0,0,0,8,0,0,0,0,0,0,0,0,1,0,7,0,0,0,0,0,0,0,1,0,0,0
7619,0,1,1,0,0,0,0,12,84,4.5500124586169175,2.7885457629622886e-06,0,6,0,0,0,0,0,0,1,0,6,0,0,0,0,0,0,1,0,0,0,7,0,0,0,0,0,0,0,1,0,0,0
7621,1,1,0,1,0,0,0,7,106,41.06718867769826,0.999999999950408,1,2,0,0,1,0,0,0,0,0,8,0,0,0,0,0,0,0,0,1,0,7,0,0,0,0,0,0,0,1,0,0,0
7622,0,1,1,0,0,0,0,14,125,12.824368131736364,0.0108183751530062,0,6,0,0,0,0,0,0,1,0,6,0,0,0,0,0,0,1,0,0,0,7,0,0,0,0,0,0,0,1,0,0,0
7623,0,0,1,1,1,0,0,24,164,16.013871349955735,0.20980045291730173,0,0,1,0,0,0,0,0,0,0,5,0,0,0,0,0,1,0,0,0,0,7,0,0,0,0,0,0,0,1,0,0,0
7626,0,1,1,0,0,0,0,15,118,15.247634505632968,0.1098410722093692,0,4,0,0,0,0,1,0,0,0,9,0,0,0,0,0,0,0,0,0,1,7,0,0,0,0,0,0,0,1,0,0,0
7627,0,1,1,1,0,0,0,21,161,9.436536285504804,0.0003693251606133685,0,4,0,0,0,0,1,0,0,0,2,0,0,1,0,0,0,0,0,0,0,7,0,0,0,0,0,0,0,1,0,0,0
7628,0,0,0,0,1,0,1,5,89,5.2148896687488815,5.421620766057712e-06,0,4,0,0,0,0,1,0,0,0,9,0,0,0,0,0,0,0,0,0,1,7,0,0,0,0,0,0,0,1,0,0,0
7630,0,1,1,1,0,0,0,14,127,17.783086384928488,0.6089942082647744,1,6,0,0,0,0,0,0,1,0,6,0,0,0,0,0,0,1,0,0,0,7,0,0,0,0,0,0,0,1,0,0,0
7631,0,1,1,0,1,0,0,5,101,2.237582684644563,2.761235044357097e-07,0,6,0,0,0,0,0,0,1,0,6,0,0,0,0,0,0,1,0,0,0,7,0,0,0,0,0,0,0,1,0,0,0
7633,0,1,1,0,0,0,0,16,112,16.74845206669551,0.3562797653993853,0,4,0,0,0,0,1,0,0,0,9,0,0,0,0,0,0,0,0,0,1,4,0,0,0,0,1,0,0,0,0,0,0
7634,0,0,0,0,0,0,2,1,78,10.925351672942233,0.001634718952961293,0,6,0,0,0,0,0,0,1,0,6,0,0,0,0,0,0,1,0,0,0,7,0,0,0,0,0,0,0,1,0,0,0
7635,0,1,1,0,0,0,0,17,122,12.824368131736364,0.0108183751530062,0,6,0,0,0,0,0,0,1,0,6,0,0,0,0,0,0,1,0,0,0,7,0,0,0,0,0,0,0,1,0,0,0
7638,0,1,1,0,0,0,0,15,116,12.824368131736364,0.0108183751530062,0,6,0,0,0,0,0,0,1,0,6,0,0,0,0,0,0,1,0,0,0,7,0,0,0,0,0,0,0,1,0,0,0
7639,0,0,0,0,0,1,0,4,91,10.236767327911089,0.0008217660813240192,0,2,0,0,1,0,0,0,0,0,3,0,0,0,1,0,0,0,0,0,0,3,0,0,0,1,0,0,0,0,0,0,1
7640,0,1,0,1,1,0,0,5,127,28.642090674273163,0.9999876530689196,1,2,0,0,1,0,0,0,0,0,8,0,0,0,0,0,0,0,0,1,0,7,0,0,0,0,0,0,0,1,0,0,0
7641,0,1,1,0,0,0,0,6,158,0.8646331899160921,6.99582724818268e-08,0,6,0,0,0,0,0,0,1,0,6,0,0,0,0,0,0,1,0,0,0,7,0,0,0,0,0,0,0,1,0,0,0
7642,1,1,1,0,0,0,0,18,110,12.491585134800891,0.007779796621584766,0,6,0,0,0,0,0,0,1,0,6,0,0,0,0,0,0,1,0,0,0,7,0,0,0,0,0,0,0,1,0,0,0
7643,1,0,0,1,0,0,0,5,162,65.6887561983436,1.0,1,4,0,0,0,0,1,0,0,0,9,0,0,0,0,0,0,0,0,0,1,0,1,0,0,0,0,0,0,0,0,0,1
7644,0,1,1,0,1,1,0,34,147,3.5841827313754155,1.0615097930919253e-06,0,6,0,0,0,0,0,0,1,0,6,0,0,0,0,0,0,1,0,0,0,7,0,0,0,0,0,0,0,1,0,0,0
7645,0,0,0,0,0,0,0,1,29,1.7293375924252787,1.6610220028317563e-07,0,7,0,0,0,0,0,0,0,1,6,0,0,0,0,0,0,1,0,0,0,7,0,0,0,0,0,0,0,1,0,0,0
7647,0,0,0,0,0,0,0,4,71,8.153897152679328,0.00010244286848269549,0,2,0,0,1,0,0,0,0,0,8,0,0,0,0,0,0,0,0,1,0,7,0,0,0,0,0,0,0,1,0,0,0
7648,0,0,0,1,0,1,0,2,78,15.9094972160836,0.1930203567635803,0,6,0,0,0,0,0,0,1,0,6,0,0,0,0,0,0,1,0,0,0,7,0,0,0,0,0,0,0,1,0,0,0
7649,0,0,0,0,0,0,0,4,140,41.332943164221966,0.9999999999619812,1,6,0,0,0,0,0,0,1,0,6,0,0,0,0,0,0,1,0,0,0,7,0,0,0,0,0,0,0,1,0,0,0
7650,0,0,0,0,1,0,0,3,137,98.90928224607042,1.0,1,6,0,0,0,0,0,0,1,0,6,0,0,0,0,0,0,1,0,0,0,7,0,0,0,0,0,0,0,1,0,0,1
7651,0,1,1,0,0,0,0,3,73,2.8496341803416585,5.092298610636004e-07,0,6,0,0,0,0,0,0,1,0,6,0,0,0,0,0,0,1,0,0,0,7,0,0,0,0,0,0,0,1,0,0,0
7652,0,0,0,1,1,0,1,7,98,6.41627050001503,1.8025060376379085e-05,0,4,0,0,0,0,1,0,0,0,2,0,0,1,0,0,0,0,0,0,0,7,0,0,0,0,0,0,0,1,0,0,0
7653,0,1,1,1,0,3,0,25,145,14.677882415209556,0.0652460650529854,0,6,0,0,0,0,0,0,1,0,6,0,0,0,0,0,0,1,0,0,0,7,0,0,0,0,0,0,0,1,0,0,0
7654,0,1,1,0,0,0,1,9,70,4.699768428816713,3.2390359775561167e-06,0,4,0,0,0,0,1,0,0,0,9,0,0,0,0,0,0,0,0,0,1,7,0,0,0,0,0,0,0,1,0,0,0
7656,0,0,0,0,0,0,0,7,66,6.515587837945494,1.990714054191112e-05,0,6,0,0,0,0,0,0,1,0,6,0,0,0,0,0,0,1,0,0,0,7,0,0,0,0,0,0,0,1,0,0,0
7657,0,1,0,0,0,0,1,7,157,84.07772704665922,1.0,1,4,0,0,0,0,1,0,0,0,9,0,0,0,0,0,0,0,0,0,1,7,0,0,0,0,0,0,0,1,0,0,0
7659,0,0,1,1,0,1,0,28,129,28.835203236436982,0.9999898213016164,1,6,0,0,0,0,0,0,1,0,6,0,0,0,0,0,0,1,0,0,0,7,0,0,0,0,0,0,0,1,0,0,0
7661,0,0,0,0,0,0,0,0,98,37.93732950750126,0.99999999886579,1,6,0,0,0,0,0,0,1,0,6,0,0,0,0,0,0,1,0,0,0,7,0,0,0,0,0,0,0,1,0,0,1
7662,1,0,0,1,0,0,0,11,147,160.92470171449352,1.0,1,4,0,0,0,0,1,0,0,0,9,0,0,0,0,0,0,0,0,0,1,7,0,0,0,0,0,0,0,1,0,0,0
7663,0,0,0,0,0,0,0,0,75,10.585266479652274,0.001163993874447144,0,6,0,0,0,0,0,0,1,0,6,0,0,0,0,0,0,1,0,0,0,7,0,0,0,0,0,0,0,1,0,0,0
7668,0,0,0,0,1,0,0,6,113,37.65053761431774,0.9999999984890656,1,4,0,0,0,0,1,0,0,0,9,0,0,0,0,0,0,0,0,0,1,7,0,0,0,0,0,0,0,1,0,0,0
7669,0,0,0,0,0,0,0,6,117,18.07813531936307,0.6765879674219705,1,4,0,0,0,0,1,0,0,0,9,0,0,0,0,0,0,0,0,0,1,7,0,0,0,0,0,0,0,1,0,0,0
7670,1,1,1,0,0,0,0,13,109,11.687528731042054,0.0034965659050436213,0,4,0,0,0,0,1,0,0,0,9,0,0,0,0,0,0,0,0,0,1,7,0,0,0,0,0,0,0,1,0,0,1
7671,0,1,1,1,0,1,0,30,134,46.05701826221439,0.9999999999996624,1,6,0,0,0,0,0,0,1,0,6,0,0,0,0,0,0,1,0,0,0,7,0,0,0,0,0,0,0,1,0,0,0
7672,0,0,0,0,0,0,2,5,108,53.11628364900253,0.9999999999999998,1,4,0,0,0,0,1,0,0,0,9,0,0,0,0,0,0,0,0,0,1,7,0,0,0,0,0,0,0,1,0,0,0
7674,0,1,1,0,0,1,0,6,122,22.72057638664368,0.9954159435364356,1,6,0,0,0,0,0,0,1,0,6,0,0,0,0,0,0,1,0,0,0,7,0,0,0,0,0,0,0,1,0,0,0
7675,0,0,0,0,0,0,0,9,101,11.874789738142967,0.004213621506741564,0,6,0,0,0,0,0,0,1,0,6,0,0,0,0,0,0,1,0,0,0,7,0,0,0,0,0,0,0,1,0,0,0
7677,0,0,0,0,0,0,0,3,163,78.20907613545397,1.0,1,6,0,0,0,0,0,0,1,0,6,0,0,0,0,0,0,1,0,0,0,5,0,0,0,0,0,1,0,0,0,0,0
7678,0,0,0,1,0,0,0,9,168,61.71742938106493,1.0,1,2,0,0,1,0,0,0,0,0,6,0,0,0,0,0,0,1,0,0,0,6,0,0,0,0,0,0,1,0,0,0,0
7679,0,1,0,1,0,0,0,9,150,22.28163655237927,0.9929077600807512,1,4,0,0,0,0,1,0,0,0,9,0,0,0,0,0,0,0,0,0,1,7,0,0,0,0,0,0,0,1,0,0,0
7680,0,0,0,1,0,0,0,0,29,0.10069533615990307,3.2588554589563385e-08,0,6,0,0,0,0,0,0,1,0,6,0,0,0,0,0,0,1,0,0,0,7,0,0,0,0,0,0,0,1,0,0,0
7681,0,1,0,1,1,0,0,9,154,8.809191339733283,0.00019725644269877194,0,6,0,0,0,0,0,0,1,0,6,0,0,0,0,0,0,1,0,0,0,7,0,0,0,0,0,0,0,1,0,0,0
7683,0,1,0,1,0,0,0,9,76,6.544384392430805,2.048871939893455e-05,0,6,0,0,0,0,0,0,1,0,6,0,0,0,0,0,0,1,0,0,0,7,0,0,0,0,0,0,0,1,0,0,0
7685,0,1,1,0,1,0,0,14,140,7.6834956233363565,6.400378200682207e-05,0,6,0,0,0,0,0,0,1,0,6,0,0,0,0,0,0,1,0,0,0,7,0,0,0,0,0,0,0,1,0,0,0
7686,0,1,1,0,0,0,0,9,155,45.59186147013329,0.9999999999994624,1,4,0,0,0,0,1,0,0,0,9,0,0,0,0,0,0,0,0,0,1,7,0,0,0,0,0,0,0,1,0,0,0
7687,1,0,0,0,0,1,0,3,125,97.61879494286622,1.0,1,4,0,0,0,0,1,0,0,0,2,0,0,1,0,0,0,0,0,0,0,7,0,0,0,0,0,0,0,1,0,0,0
7688,0,0,0,0,0,0,0,4,91,12.04382930464435,0.004985762500755933,0,4,0,0,0,0,1,0,0,0,9,0,0,0,0,0,0,0,0,0,1,7,0,0,0,0,0,0,0,1,0,0,0
7689,0,0,1,1,0,1,0,17,115,16.460869355952006,0.29335796320494595,0,6,0,0,0,0,0,0,1,0,6,0,0,0,0,0,0,1,0,0,0,7,0,0,0,0,0,0,0,1,0,0,0
7691,0,0,0,0,0,0,0,2,139,85.3451501501022,1.0,1,6,0,0,0,0,0,0,1,0,6,0,0,0,0,0,0,1,0,0,0,7,0,0,0,0,0,0,0,1,0,0,0
7692,0,0,0,0,0,3,0,3,100,24.690482039452057,0.9993581295821209,1,6,0,0,0,0,0,0,1,0,6,0,0,0,0,0,0,1,0,0,0,7,0,0,0,0,0,0,0,1,0,0,0
7693,0,0,0,0,0,0,4,1,39,4.32494600254645,2.2265522970387755e-06,0,6,0,0,0,0,0,0,1,0,6,0,0,0,0,0,0,1,0,0,0,7,0,0,0,0,0,0,0,1,0,0,0
7694,0,0,0,0,0,0,2,3,62,4.708726657342915,3.2681822618404763e-06,0,6,0,0,0,0,0,0,1,0,6,0,0,0,0,0,0,1,0,0,0,7,0,0,0,0,0,0,0,1,0,0,0
7695,0,1,0,0,0,0,0,14,150,44.73322766915578,0.9999999999987316,1,4,0,0,0,0,1,0,0,0,9,0,0,0,0,0,0,0,0,0,1,7,0,0,0,0,0,0,0,1,0,0,0
7696,0,0,0,1,0,0,0,9,83,9.381248002785977,0.00034946696368816236,0,4,0,0,0,0,1,0,0,0,9,0,0,0,0,0,0,0,0,0,1,7,0,0,0,0,0,0,0,1,0,0,0
7698,1,0,0,1,0,0,3,4,99,25.46922871678321,0.999705291394812,1,6,0,0,0,0,0,0,1,0,6,0,0,0,0,0,0,1,0,0,0,7,0,0,0,0,0,0,0,1,0,0,0
7699,0,0,0,0,0,0,8,33,69,51.46529266669866,0.9999999999999984,1,6,0,0,0,0,0,0,1,0,6,0,0,0,0,0,0,1,0,0,0,7,0,0,0,0,0,0,0,1,0,0,0
7701,0,1,1,0,0,0,0,7,89,6.290511697407212,1.5895028068279268e-05,0,6,0,0,0,0,0,0,1,0,6,0,0,0,0,0,0,1,0,0,0,7,0,0,0,0,0,0,0,1,0,0,0
7702,0,0,0,0,0,0,1,1,83,21.193144178123056,0.979227707053439,1,6,0,0,0,0,0,0,1,0,6,0,0,0,0,0,0,1,0,0,0,7,0,0,0,0,0,0,0,1,0,0,0
7703,0,0,0,0,0,0,0,2,75,13.004814960023973,0.012930073081929346,0,1,0,1,0,0,0,0,0,0,6,0,0,0,0,0,0,1,0,0,0,7,0,0,0,0,0,0,0,1,0,0,0
7707,0,0,0,0,0,0,0,17,50,11.718568340276894,0.003606402356037238,0,2,0,0,1,0,0,0,0,0,8,0,0,0,0,0,0,0,0,1,0,7,0,0,0,0,0,0,0,1,0,0,0
7711,0,0,0,0,0,0,0,10,118,31.114412246957265,0.9999989580465496,1,6,0,0,0,0,0,0,1,0,6,0,0,0,0,0,0,1,0,0,0,7,0,0,0,0,0,0,0,1,0,0,0
7712,0,1,0,1,1,1,0,8,156,28.394570466654372,0.9999841855468736,1,2,0,0,1,0,0,0,0,0,8,0,0,0,0,0,0,0,0,1,0,7,0,0,0,0,0,0,0,1,0,0,0
7714,0,1,1,0,0,0,0,7,89,6.290511697407212,1.5895028068279268e-05,0,6,0,0,0,0,0,0,1,0,6,0,0,0,0,0,0,1,0,0,0,7,0,0,0,0,0,0,0,1,0,0,0
7715,0,1,0,0,0,0,0,6,85,10.448413341507155,0.0010152682228333069,0,6,0,0,0,0,0,0,1,0,6,0,0,0,0,0,0,1,0,0,0,7,0,0,0,0,0,0,0,1,0,0,0
7717,0,1,1,0,0,0,0,7,77,5.010598035611271,4.4198429939272775e-06,0,6,0,0,0,0,0,0,1,0,6,0,0,0,0,0,0,1,0,0,0,7,0,0,0,0,0,0,0,1,0,0,0
7718,0,0,0,1,0,0,0,3,89,10.53785865201543,0.00111015889687589,0,6,0,0,0,0,0,0,1,0,6,0,0,0,0,0,0,1,0,0,0,7,0,0,0,0,0,0,0,1,0,0,0
7719,0,0,0,1,0,0,0,1,142,36.010675512830794,0.9999999922119516,1,6,0,0,0,0,0,0,1,0,6,0,0,0,0,0,0,1,0,0,0,7,0,0,0,0,0,0,0,1,0,0,0
7720,0,1,0,0,0,0,0,5,125,23.66915443593947,0.9982196341258922,1,7,0,0,0,0,0,0,0,1,0,1,0,0,0,0,0,0,0,0,0,7,0,0,0,0,0,0,0,1,0,0,0
7721,0,0,0,1,0,0,0,5,106,51.76294266832014,0.9999999999999988,1,6,0,0,0,0,0,0,1,0,6,0,0,0,0,0,0,1,0,0,0,7,0,0,0,0,0,0,0,1,0,0,0
7722,1,0,0,0,0,0,0,0,74,11.160681144942584,0.0020675549563487668,0,6,0,0,0,0,0,0,1,0,6,0,0,0,0,0,0,1,0,0,0,7,0,0,0,0,0,0,0,1,0,0,0
7723,0,0,1,0,0,0,0,12,80,6.861488082287116,2.8133766397439208e-05,0,2,0,0,1,0,0,0,0,0,8,0,0,0,0,0,0,0,0,1,0,7,0,0,0,0,0,0,0,1,0,0,1
7724,0,1,1,0,1,0,2,17,135,11.830883741214276,0.004033350876306783,0,4,0,0,0,0,1,0,0,0,9,0,0,0,0,0,0,0,0,0,1,7,0,0,0,0,0,0,0,1,0,0,0
7725,0,0,0,0,0,0,2,4,127,58.77637035104647,1.0,1,6,0,0,0,0,0,0,1,0,6,0,0,0,0,0,0,1,0,0,0,7,0,0,0,0,0,0,0,1,0,0,0
7727,0,0,0,0,0,0,0,1,60,3.4681405947482586,9.452084512345206e-07,0,6,0,0,0,0,0,0,1,0,6,0,0,0,0,0,0,1,0,0,0,7,0,0,0,0,0,0,0,1,0,0,0
7728,0,1,1,0,0,0,0,16,126,7.912188717847143,8.044862838010007e-05,0,2,0,0,1,0,0,0,0,0,8,0,0,0,0,0,0,0,0,1,0,7,0,0,0,0,0,0,0,1,0,0,0
7731,0,0,0,0,0,0,0,6,111,46.32174004937925,0.9999999999997408,1,6,0,0,0,0,0,0,1,0,6,0,0,0,0,0,0,1,0,0,0,7,0,0,0,0,0,0,0,1,0,0,0
7733,0,0,0,0,0,0,1,6,99,21.79136519482348,0.9884718146805844,1,6,0,0,0,0,0,0,1,0,6,0,0,0,0,0,0,1,0,0,0,7,0,0,0,0,0,0,0,1,0,0,0
7735,0,1,0,1,0,0,0,6,87,10.939270489412845,0.0016575934136560204,0,4,0,0,0,0,1,0,0,0,9,0,0,0,0,0,0,0,0,0,1,7,0,0,0,0,0,0,0,1,0,0,0
7736,0,0,0,0,0,0,0,2,38,4.508267129301029,2.6745336072799753e-06,0,6,0,0,0,0,0,0,1,0,6,0,0,0,0,0,0,1,0,0,0,7,0,0,0,0,0,0,0,1,0,0,0
7737,0,1,1,0,0,0,6,5,135,21.32294232120716,0.9817100149847728,1,6,0,0,0,0,0,0,1,0,6,0,0,0,0,0,0,1,0,0,0,7,0,0,0,0,0,0,0,1,0,0,0
7738,0,0,1,1,0,0,0,4,114,11.218500151489609,0.0021903529062096113,0,6,0,0,0,0,0,0,1,0,6,0,0,0,0,0,0,1,0,0,0,7,0,0,0,0,0,0,0,1,0,0,0
7739,0,1,1,0,0,0,0,10,90,8.180776477840716,0.00010523351116314282,0,4,0,0,0,0,1,0,0,0,9,0,0,0,0,0,0,0,0,0,1,2,0,0,1,0,0,0,0,0,0,0,0
7742,0,1,1,1,0,0,6,6,73,1.522375523877741,1.3504947945564536e-07,0,6,0,0,0,0,0,0,1,0,6,0,0,0,0,0,0,1,0,0,0,7,0,0,0,0,0,0,0,1,0,0,0
7743,0,1,1,0,0,0,0,5,88,6.325519248746593,1.6461319321988526e-05,0,6,0,0,0,0,0,0,1,0,6,0,0,0,0,0,0,1,0,0,0,7,0,0,0,0,0,0,0,1,0,0,0
7744,0,0,0,0,0,0,0,2,133,18.713768314721452,0.7979882992825187,1,2,0,0,1,0,0,0,0,0,3,0,0,0,1,0,0,0,0,0,0,7,0,0,0,0,0,0,0,1,0,0,0
7746,1,1,0,0,0,1,0,7,134,61.880844561226034,1.0,1,7,0,0,0,0,0,0,0,1,0,1,0,0,0,0,0,0,0,0,0,7,0,0,0,0,0,0,0,1,0,0,1
7747,1,1,1,0,0,0,0,12,160,73.2104721134698,1.0,1,4,0,0,0,0,1,0,0,0,9,0,0,0,0,0,0,0,0,0,1,7,0,0,0,0,0,0,0,1,0,0,1
7748,1,1,1,0,1,0,0,19,159,65.59560204288212,1.0,1,4,0,0,0,0,1,0,0,0,9,0,0,0,0,0,0,0,0,0,1,5,0,0,0,0,0,1,0,0,0,0,1
7749,0,0,0,0,0,0,0,1,81,16.56871999538286,0.3162022806267445,0,6,0,0,0,0,0,0,1,0,6,0,0,0,0,0,0,1,0,0,0,7,0,0,0,0,0,0,0,1,0,0,0
7750,1,0,1,0,1,0,0,20,145,48.21490419503222,0.9999999999999608,1,6,0,0,0,0,0,0,1,0,6,0,0,0,0,0,0,1,0,0,0,7,0,0,0,0,0,0,0,1,0,0,1
7751,1,0,0,0,0,0,1,3,108,50.90985816359327,0.9999999999999972,1,6,0,0,0,0,0,0,1,0,6,0,0,0,0,0,0,1,0,0,0,7,0,0,0,0,0,0,0,1,0,0,1
7752,1,1,1,0,0,0,0,9,155,30.173044775669986,0.9999973289728168,1,1,0,1,0,0,0,0,0,0,6,0,0,0,0,0,0,1,0,0,0,7,0,0,0,0,0,0,0,1,0,0,1
7753,0,1,0,1,0,1,0,12,149,41.20595141932996,0.9999999999568332,1,6,0,0,0,0,0,0,1,0,6,0,0,0,0,0,0,1,0,0,0,7,0,0,0,0,0,0,0,1,0,0,0
7754,0,1,1,0,0,0,0,13,119,18.4528836211398,0.7526663166116199,1,6,0,0,0,0,0,0,1,0,6,0,0,0,0,0,0,1,0,0,0,7,0,0,0,0,0,0,0,1,0,0,1
7755,1,1,1,0,1,0,0,24,160,135.83933724729187,1.0,1,4,0,0,0,0,1,0,0,0,9,0,0,0,0,0,0,0,0,0,1,7,0,0,0,0,0,0,0,1,0,0,1
7756,1,1,1,1,0,0,0,12,148,51.213901714989824,0.9999999999999979,1,2,0,0,1,0,0,0,0,0,6,0,0,0,0,0,0,1,0,0,0,7,0,0,0,0,0,0,0,1,0,0,1
7758,0,1,1,0,0,0,0,9,84,9.379470669607052,0.00034884661258260464,0,6,0,0,0,0,0,0,1,0,6,0,0,0,0,0,0,1,0,0,0,7,0,0,0,0,0,0,0,1,0,0,0
7759,1,1,1,0,0,0,0,8,128,59.35510834992715,1.0,1,0,1,0,0,0,0,0,0,0,5,0,0,0,0,0,1,0,0,0,0,7,0,0,0,0,0,0,0,1,0,0,1
7760,1,1,1,1,0,0,0,15,134,53.93237617413286,0.9999999999999998,1,6,0,0,0,0,0,0,1,0,6,0,0,0,0,0,0,1,0,0,0,7,0,0,0,0,0,0,0,1,0,0,1
7761,0,1,1,0,0,0,0,8,144,32.02074865119462,0.999999579048862,1,6,0,0,0,0,0,0,1,0,6,0,0,0,0,0,0,1,0,0,0,7,0,0,0,0,0,0,0,1,0,0,1
7763,0,0,0,0,1,0,0,4,101,28.787411176942783,0.9999893230340724,1,6,0,0,0,0,0,0,1,0,6,0,0,0,0,0,0,1,0,0,0,7,0,0,0,0,0,0,0,1,0,0,0
7764,0,1,1,1,1,0,1,29,163,22.21783280000588,0.9924440312092576,1,4,0,0,0,0,1,0,0,0,9,0,0,0,0,0,0,0,0,0,1,8,0,0,0,0,0,0,0,0,1,0,0
7765,0,1,0,0,1,0,0,45,122,109.75566362871538,1.0,1,4,0,0,0,0,1,0,0,0,9,0,0,0,0,0,0,0,0,0,1,7,0,0,0,0,0,0,0,1,0,0,1
7766,0,1,1,1,0,0,0,8,150,29.450308375807246,0.9999944975322156,1,4,0,0,0,0,1,0,0,0,9,0,0,0,0,0,0,0,0,0,1,2,0,0,1,0,0,0,0,0,0,0,1
7767,1,1,1,0,0,0,0,17,145,47.906022339881076,0.9999999999999468,1,6,0,0,0,0,0,0,1,0,6,0,0,0,0,0,0,1,0,0,0,7,0,0,0,0,0,0,0,1,0,0,1
7768,1,1,1,1,1,0,0,12,115,53.37186720363367,0.9999999999999998,1,6,0,0,0,0,0,0,1,0,6,0,0,0,0,0,0,1,0,0,0,7,0,0,0,0,0,0,0,1,0,0,1
7769,1,1,1,1,0,0,0,19,135,57.82909402651212,1.0,1,6,0,0,0,0,0,0,1,0,6,0,0,0,0,0,0,1,0,0,0,7,0,0,0,0,0,0,0,1,0,0,1
7771,0,0,1,1,0,0,0,9,75,5.490742155435637,7.143805157165642e-06,0,6,0,0,0,0,0,0,1,0,6,0,0,0,0,0,0,1,0,0,0,7,0,0,0,0,0,0,0,1,0,0,0
7772,1,1,1,0,0,0,0,13,140,53.700263701333554,0.9999999999999998,1,1,0,1,0,0,0,0,0,0,4,0,0,0,0,1,0,0,0,0,0,7,0,0,0,0,0,0,0,1,0,0,1
7773,0,1,1,0,0,0,0,7,100,30.889070223027034,0.9999986946919982,1,1,0,1,0,0,0,0,0,0,6,0,0,0,0,0,0,1,0,0,0,7,0,0,0,0,0,0,0,1,0,0,1
7774,1,0,0,1,0,0,0,4,106,91.62437609822436,1.0,1,6,0,0,0,0,0,0,1,0,6,0,0,0,0,0,0,1,0,0,0,7,0,0,0,0,0,0,0,1,0,0,1
7775,0,0,1,0,0,0,0,11,160,37.43819295591582,0.999999998131618,1,4,0,0,0,0,1,0,0,0,9,0,0,0,0,0,0,0,0,0,1,7,0,0,0,0,0,0,0,1,0,0,1
7780,1,0,0,1,0,0,1,15,121,47.02545284227311,0.999999999999872,1,4,0,0,0,0,1,0,0,0,9,0,0,0,0,0,0,0,0,0,1,7,0,0,0,0,0,0,0,1,0,0,1
7781,1,1,1,0,0,0,0,9,133,39.728415087982505,0.9999999998108376,1,4,0,0,0,0,1,0,0,0,2,0,0,1,0,0,0,0,0,0,0,7,0,0,0,0,0,0,0,1,0,0,1
7783,0,0,0,0,0,0,0,3,103,74.09832810164833,1.0,1,6,0,0,0,0,0,0,1,0,6,0,0,0,0,0,0,1,0,0,0,7,0,0,0,0,0,0,0,1,0,0,0
7784,1,1,1,0,1,8,0,11,136,21.953213364070177,0.990177546845586,1,6,0,0,0,0,0,0,1,0,6,0,0,0,0,0,0,1,0,0,0,7,0,0,0,0,0,0,0,1,0,0,1
7785,1,1,1,0,0,4,0,12,118,20.672369848571922,0.9655227456822878,1,6,0,0,0,0,0,0,1,0,6,0,0,0,0,0,0,1,0,0,0,7,0,0,0,0,0,0,0,1,0,0,1
7787,0,0,0,0,1,0,2,13,152,59.122697539046094,1.0,1,6,0,0,0,0,0,0,1,0,6,0,0,0,0,0,0,1,0,0,0,7,0,0,0,0,0,0,0,1,0,0,0
7788,0,1,1,0,1,0,0,15,143,16.036834812199594,0.21363280298342655,0,4,0,0,0,0,1,0,0,0,2,0,0,1,0,0,0,0,0,0,0,7,0,0,0,0,0,0,0,1,0,0,0
7789,1,1,1,0,0,0,0,11,101,20.03692058263386,0.9368446898406859,1,4,0,0,0,0,1,0,0,0,9,0,0,0,0,0,0,0,0,0,1,7,0,0,0,0,0,0,0,1,0,0,1
7790,1,1,1,0,0,0,0,10,153,106.04159618941988,1.0,1,1,0,1,0,0,0,0,0,0,6,0,0,0,0,0,0,1,0,0,0,7,0,0,0,0,0,0,0,1,0,0,1
7793,0,1,0,1,0,0,0,6,147,53.76104807477755,0.9999999999999998,1,4,0,0,0,0,1,0,0,0,9,0,0,0,0,0,0,0,0,0,1,4,0,0,0,0,1,0,0,0,0,0,1
7797,1,1,1,0,1,0,0,20,159,3.775402683005448,1.2851969251786225e-06,0,4,0,0,0,0,1,0,0,0,9,0,0,0,0,0,0,0,0,0,1,7,0,0,0,0,0,0,0,1,0,0,0
7799,0,1,1,0,0,0,0,13,81,5.969948410151996,1.1535709893980875e-05,0,6,0,0,0,0,0,0,1,0,6,0,0,0,0,0,0,1,0,0,0,7,0,0,0,0,0,0,0,1,0,0,0
7800,0,1,1,0,1,0,0,12,133,7.0760543880839775,3.48666253794081e-05,0,0,1,0,0,0,0,0,0,0,6,0,0,0,0,0,0,1,0,0,0,7,0,0,0,0,0,0,0,1,0,0,0
7801,1,1,1,0,1,0,0,10,137,14.144048377434087,0.03931835494782898,0,2,0,0,1,0,0,0,0,0,6,0,0,0,0,0,0,1,0,0,0,7,0,0,0,0,0,0,0,1,0,0,0
7802,0,0,1,0,0,0,0,7,125,15.767287580495331,0.1718300586091723,0,6,0,0,0,0,0,0,1,0,6,0,0,0,0,0,0,1,0,0,0,7,0,0,0,0,0,0,0,1,0,0,0
7803,0,1,1,0,0,0,0,24,152,14.209960951774605,0.0418850399977889,0,1,0,1,0,0,0,0,0,0,4,0,0,0,0,1,0,0,0,0,0,7,0,0,0,0,0,0,0,1,0,0,0
7804,1,1,1,0,0,0,0,24,117,9.179438874712547,0.00028562043283513573,0,6,0,0,0,0,0,0,1,0,6,0,0,0,0,0,0,1,0,0,0,0,1,0,0,0,0,0,0,0,0,0,0
7807,0,1,0,0,0,0,0,3,135,44.26414046457803,0.9999999999979724,1,6,0,0,0,0,0,0,1,0,6,0,0,0,0,0,0,1,0,0,0,7,0,0,0,0,0,0,0,1,0,0,1
7809,0,1,1,0,0,0,0,12,92,3.2790275563149844,7.823424896094665e-07,0,6,0,0,0,0,0,0,1,0,6,0,0,0,0,0,0,1,0,0,0,7,0,0,0,0,0,0,0,1,0,0,0
7810,0,1,1,0,1,0,0,13,164,13.276288622977727,0.01689478130538798,0,1,0,1,0,0,0,0,0,0,4,0,0,0,0,1,0,0,0,0,0,7,0,0,0,0,0,0,0,1,0,0,0
7812,0,1,1,0,0,0,0,7,125,15.767287580495331,0.1718300586091723,0,6,0,0,0,0,0,0,1,0,6,0,0,0,0,0,0,1,0,0,0,7,0,0,0,0,0,0,0,1,0,0,0
7813,0,1,1,0,0,0,0,16,117,2.997993653593753,5.906708352359114e-07,0,6,0,0,0,0,0,0,1,0,6,0,0,0,0,0,0,1,0,0,0,7,0,0,0,0,0,0,0,1,0,0,0
7815,0,0,1,0,0,0,0,11,79,4.026164072248987,1.651481854873207e-06,0,6,0,0,0,0,0,0,1,0,6,0,0,0,0,0,0,1,0,0,0,7,0,0,0,0,0,0,0,1,0,0,0
7816,1,1,1,0,0,0,0,10,80,4.179690748335544,1.9255263920442054e-06,0,6,0,0,0,0,0,0,1,0,6,0,0,0,0,0,0,1,0,0,0,7,0,0,0,0,0,0,0,1,0,0,0
7817,0,1,1,0,0,0,0,15,140,8.648421772560855,0.00016796646559945688,0,1,0,1,0,0,0,0,0,0,4,0,0,0,0,1,0,0,0,0,0,7,0,0,0,0,0,0,0,1,0,0,0
7818,0,0,1,0,0,0,0,22,162,26.99089564646084,0.9999356362526226,1,6,0,0,0,0,0,0,1,0,6,0,0,0,0,0,0,1,0,0,0,7,0,0,0,0,0,0,0,1,0,0,0
7821,0,1,1,0,0,0,0,20,167,22.48787398000536,0.994221833750134,1,6,0,0,0,0,0,0,1,0,6,0,0,0,0,0,0,1,0,0,0,7,0,0,0,0,0,0,0,1,0,0,0
7822,0,0,1,0,1,0,0,9,114,10.185101584983332,0.0007804193620819075,0,6,0,0,0,0,0,0,1,0,6,0,0,0,0,0,0,1,0,0,0,7,0,0,0,0,0,0,0,1,0,0,0
7823,0,1,1,1,0,0,0,16,107,7.608711810719352,5.9392204163435706e-05,0,4,0,0,0,0,1,0,0,0,6,0,0,0,0,0,0,1,0,0,0,7,0,0,0,0,0,0,0,1,0,0,0
7824,0,1,1,1,1,0,0,13,118,4.416301382707676,2.439540010214384e-06,0,6,0,0,0,0,0,0,1,0,6,0,0,0,0,0,0,1,0,0,0,7,0,0,0,0,0,0,0,1,0,0,0
7826,0,1,1,0,0,0,0,19,172,24.69470051368997,0.9993608298657102,1,6,0,0,0,0,0,0,1,0,6,0,0,0,0,0,0,1,0,0,0,7,0,0,0,0,0,0,0,1,0,0,0
7827,0,1,1,1,0,0,0,11,79,6.355477000256278,1.696191600813564e-05,0,6,0,0,0,0,0,0,1,0,6,0,0,0,0,0,0,1,0,0,0,7,0,0,0,0,0,0,0,1,0,0,0
7828,0,1,1,0,1,0,0,5,137,16.127130858630654,0.2291937831931943,0,6,0,0,0,0,0,0,1,0,6,0,0,0,0,0,0,1,0,0,0,7,0,0,0,0,0,0,0,1,0,0,0
7830,0,0,1,0,0,0,0,25,161,23.26692575407241,0.9973404248107048,1,4,0,0,0,0,1,0,0,0,9,0,0,0,0,0,0,0,0,0,1,5,0,0,0,0,0,1,0,0,0,0,0
7831,0,1,1,0,1,0,0,16,150,3.892698592350445,1.4451421713058203e-06,0,6,0,0,0,0,0,0,1,0,6,0,0,0,0,0,0,1,0,0,0,7,0,0,0,0,0,0,0,1,0,0,0
7832,0,1,1,0,0,0,0,21,160,19.305376142105708,0.8771135975210872,1,6,0,0,0,0,0,0,1,0,6,0,0,0,0,0,0,1,0,0,0,7,0,0,0,0,0,0,0,1,0,0,0
7833,0,1,1,0,0,0,0,15,102,8.189879854387174,0.00010619576293195372,0,4,0,0,0,0,1,0,0,0,9,0,0,0,0,0,0,0,0,0,1,5,0,0,0,0,0,1,0,0,0,0,0
7835,0,1,1,0,0,0,0,7,79,4.026164072248987,1.651481854873207e-06,0,6,0,0,0,0,0,0,1,0,6,0,0,0,0,0,0,1,0,0,0,7,0,0,0,0,0,0,0,1,0,0,0
7837,0,1,1,0,0,0,0,11,103,4.179690748335544,1.9255263920442054e-06,0,6,0,0,0,0,0,0,1,0,6,0,0,0,0,0,0,1,0,0,0,7,0,0,0,0,0,0,0,1,0,0,0
7839,0,0,1,0,0,0,0,9,131,18.181218915037896,0.6987218714779075,1,4,0,0,0,0,1,0,0,0,2,0,0,1,0,0,0,0,0,0,0,3,0,0,0,1,0,0,0,0,0,0,0
7840,0,0,0,0,0,0,0,10,124,47.90218437478808,0.9999999999999468,1,4,0,0,0,0,1,0,0,0,6,0,0,0,0,0,0,1,0,0,0,7,0,0,0,0,0,0,0,1,0,0,0
7842,0,0,1,0,0,0,0,14,103,11.349495834429616,0.002496155721791109,0,6,0,0,0,0,0,0,1,0,6,0,0,0,0,0,0,1,0,0,0,7,0,0,0,0,0,0,0,1,0,0,0
7843,0,1,1,0,0,0,0,14,104,4.179690748335544,1.9255263920442054e-06,0,6,0,0,0,0,0,0,1,0,6,0,0,0,0,0,0,1,0,0,0,7,0,0,0,0,0,0,0,1,0,0,0
7844,1,1,1,0,0,0,0,10,79,4.026164072248987,1.651481854873207e-06,0,6,0,0,0,0,0,0,1,0,6,0,0,0,0,0,0,1,0,0,0,7,0,0,0,0,0,0,0,1,0,0,0
7847,0,1,1,0,0,0,0,5,137,25.223593764492563,0.9996232657663754,1,6,0,0,0,0,0,0,1,0,6,0,0,0,0,0,0,1,0,0,0,7,0,0,0,0,0,0,0,1,0,0,0
7848,0,0,0,0,0,0,0,0,146,109.89530356369305,1.0,1,6,0,0,0,0,0,0,1,0,6,0,0,0,0,0,0,1,0,0,0,7,0,0,0,0,0,0,0,1,0,0,0
7849,0,1,1,0,0,0,0,11,161,27.04391929024496,0.999938959948798,1,6,0,0,0,0,0,0,1,0,6,0,0,0,0,0,0,1,0,0,0,7,0,0,0,0,0,0,0,1,0,0,0
7850,0,1,1,0,0,0,0,8,142,27.918292688814393,0.9999745378660172,1,6,0,0,0,0,0,0,1,0,6,0,0,0,0,0,0,1,0,0,0,7,0,0,0,0,0,0,0,1,0,0,0
7851,0,1,1,0,1,0,0,7,161,28.700121520603176,0.9999883491704152,1,0,1,0,0,0,0,0,0,0,6,0,0,0,0,0,0,1,0,0,0,7,0,0,0,0,0,0,0,1,0,0,0
7852,1,1,1,0,0,0,0,9,109,21.931366816638707,0.9899627765586796,1,7,0,0,0,0,0,0,0,1,0,1,0,0,0,0,0,0,0,0,0,7,0,0,0,0,0,0,0,1,0,0,1
7854,0,1,1,0,1,0,0,2,155,25.949515779081093,0.9998176710572804,1,2,0,0,1,0,0,0,0,0,6,0,0,0,0,0,0,1,0,0,0,7,0,0,0,0,0,0,0,1,0,0,0
7855,0,1,1,0,0,0,0,6,137,25.951339928476024,0.9998180032888674,1,4,0,0,0,0,1,0,0,0,9,0,0,0,0,0,0,0,0,0,1,0,1,0,0,0,0,0,0,0,0,0,0
7857,1,1,1,0,0,3,0,14,94,4.2579294252604525,2.082226806284668e-06,0,6,0,0,0,0,0,0,1,0,6,0,0,0,0,0,0,1,0,0,0,7,0,0,0,0,0,0,0,1,0,0,0
7860,1,1,1,0,0,0,0,16,162,27.04391929024496,0.999938959948798,1,4,0,0,0,0,1,0,0,0,9,0,0,0,0,0,0,0,0,0,1,7,0,0,0,0,0,0,0,1,0,0,0
7861,0,0,1,0,0,0,0,5,82,5.38361409911403,6.418075067260163e-06,0,6,0,0,0,0,0,0,1,0,6,0,0,0,0,0,0,1,0,0,0,7,0,0,0,0,0,0,0,1,0,0,0
7862,1,1,1,0,1,0,0,6,158,25.88876762688309,0.9998062537785036,1,5,0,0,0,0,0,1,0,0,1,0,1,0,0,0,0,0,0,0,0,7,0,0,0,0,0,0,0,1,0,0,0
7863,0,1,1,0,0,0,0,11,161,27.04391929024496,0.999938959948798,1,4,0,0,0,0,1,0,0,0,9,0,0,0,0,0,0,0,0,0,1,7,0,0,0,0,0,0,0,1,0,0,0
7864,0,1,1,0,0,0,1,9,76,6.576876379280316,2.116535764263198e-05,0,6,0,0,0,0,0,0,1,0,6,0,0,0,0,0,0,1,0,0,0,7,0,0,0,0,0,0,0,1,0,0,0
7865,1,1,1,0,0,0,0,4,89,7.711874767140758,6.584605232493206e-05,0,6,0,0,0,0,0,0,1,0,6,0,0,0,0,0,0,1,0,0,0,7,0,0,0,0,0,0,0,1,0,0,1
7867,0,0,0,1,0,0,0,8,98,16.12081415529709,0.22807975851770665,0,6,0,0,0,0,0,0,1,0,6,0,0,0,0,0,0,1,0,0,0,7,0,0,0,0,0,0,0,1,0,0,0
7868,1,1,1,0,0,0,0,11,173,110.63863967225427,1.0,1,2,0,0,1,0,0,0,0,0,6,0,0,0,0,0,0,1,0,0,0,7,0,0,0,0,0,0,0,1,0,0,1
7869,1,1,0,0,0,0,0,6,109,35.20877951299558,0.9999999826344858,1,6,0,0,0,0,0,0,1,0,6,0,0,0,0,0,0,1,0,0,0,7,0,0,0,0,0,0,0,1,0,0,1
7870,0,1,1,0,0,0,0,6,137,25.223593764492563,0.9996232657663754,1,6,0,0,0,0,0,0,1,0,6,0,0,0,0,0,0,1,0,0,0,7,0,0,0,0,0,0,0,1,0,0,0
7871,0,1,1,0,0,0,0,4,150,22.57832698171479,0.9947189063373968,1,6,0,0,0,0,0,0,1,0,6,0,0,0,0,0,0,1,0,0,0,7,0,0,0,0,0,0,0,1,0,0,0
7872,0,1,1,0,0,0,0,6,142,28.547084781840855,0.9999864225246072,1,1,0,1,0,0,0,0,0,0,6,0,0,0,0,0,0,1,0,0,0,7,0,0,0,0,0,0,0,1,0,0,0
7873,1,0,1,0,1,0,0,11,149,40.28888754337675,0.9999999998919996,1,6,0,0,0,0,0,0,1,0,6,0,0,0,0,0,0,1,0,0,0,7,0,0,0,0,0,0,0,1,0,0,1
7874,1,0,1,1,0,0,0,22,145,38.397402543402826,0.999999999284044,1,6,0,0,0,0,0,0,1,0,6,0,0,0,0,0,0,1,0,0,0,7,0,0,0,0,0,0,0,1,0,0,1
7876,0,0,1,0,0,0,0,4,154,57.49848441861344,1.0,1,6,0,0,0,0,0,0,1,0,6,0,0,0,0,0,0,1,0,0,0,7,0,0,0,0,0,0,0,1,0,0,0
7877,0,0,0,0,0,0,0,6,163,66.92177839905243,1.0,1,4,0,0,0,0,1,0,0,0,9,0,0,0,0,0,0,0,0,0,1,7,0,0,0,0,0,0,0,1,0,0,0
7878,1,1,1,0,0,0,0,11,129,19.819212331455567,0.9226716174404423,1,6,0,0,0,0,0,0,1,0,6,0,0,0,0,0,0,1,0,0,0,7,0,0,0,0,0,0,0,1,0,0,1
7880,1,1,0,0,0,0,0,13,101,23.80473233995718,0.9984450136888589,1,6,0,0,0,0,0,0,1,0,6,0,0,0,0,0,0,1,0,0,0,7,0,0,0,0,0,0,0,1,0,0,1
7881,1,1,1,0,1,0,0,12,149,44.220585087048924,0.999999999997882,1,6,0,0,0,0,0,0,1,0,6,0,0,0,0,0,0,1,0,0,0,7,0,0,0,0,0,0,0,1,0,0,1
7882,0,0,1,0,1,0,0,6,157,27.677845305175982,0.99996761702346,1,1,0,1,0,0,0,0,0,0,6,0,0,0,0,0,0,1,0,0,0,7,0,0,0,0,0,0,0,1,0,0,0
7883,0,1,1,0,0,0,0,7,150,22.57832698171479,0.9947189063373968,1,6,0,0,0,0,0,0,1,0,6,0,0,0,0,0,0,1,0,0,0,7,0,0,0,0,0,0,0,1,0,0,0
7885,0,0,0,1,0,0,0,4,178,47.66341283533178,0.9999999999999324,1,4,0,0,0,0,1,0,0,0,9,0,0,0,0,0,0,0,0,0,1,7,0,0,0,0,0,0,0,1,0,0,0
7887,1,1,1,0,0,0,0,14,112,15.597157037999773,0.14895218543479385,0,6,0,0,0,0,0,0,1,0,6,0,0,0,0,0,0,1,0,0,0,7,0,0,0,0,0,0,0,1,0,0,1
7888,1,1,0,0,0,0,0,5,108,22.349748741401196,0.9933716485641682,1,6,0,0,0,0,0,0,1,0,6,0,0,0,0,0,0,1,0,0,0,7,0,0,0,0,0,0,0,1,0,0,1
7889,0,1,1,0,0,0,0,3,142,28.547084781840855,0.9999864225246072,1,1,0,1,0,0,0,0,0,0,6,0,0,0,0,0,0,1,0,0,0,7,0,0,0,0,0,0,0,1,0,0,0
7891,0,0,0,0,0,0,2,4,159,46.543638412160504,0.9999999999997924,1,4,0,0,0,0,1,0,0,0,2,0,0,1,0,0,0,0,0,0,0,3,0,0,0,1,0,0,0,0,0,0,0
7893,0,1,1,0,0,0,0,6,141,27.721435581191468,0.9999689982400786,1,2,0,0,1,0,0,0,0,0,6,0,0,0,0,0,0,1,0,0,0,7,0,0,0,0,0,0,0,1,0,0,0
7894,0,0,1,0,1,0,0,6,154,25.719926248199894,0.9997706257591372,1,1,0,1,0,0,0,0,0,0,6,0,0,0,0,0,0,1,0,0,0,7,0,0,0,0,0,0,0,1,0,0,0
7895,0,1,1,0,0,0,0,19,118,27.419269282375545,0.9999580617064644,1,6,0,0,0,0,0,0,1,0,6,0,0,0,0,0,0,1,0,0,0,7,0,0,0,0,0,0,0,1,0,0,1
7897,1,1,1,1,0,0,0,56,124,59.42611515663258,1.0,1,6,0,0,0,0,0,0,1,0,6,0,0,0,0,0,0,1,0,0,0,7,0,0,0,0,0,0,0,1,0,0,1
7898,1,0,0,0,1,0,0,4,105,15.139340460563867,0.09969127789405133,0,6,0,0,0,0,0,0,1,0,6,0,0,0,0,0,0,1,0,0,0,7,0,0,0,0,0,0,0,1,0,0,1
7902,1,1,0,0,0,0,0,7,174,48.0125582475224,0.9999999999999524,1,4,0,0,0,0,1,0,0,0,2,0,0,1,0,0,0,0,0,0,0,7,0,0,0,0,0,0,0,1,0,0,1
7903,0,0,0,0,0,0,0,17,178,74.43502570243629,1.0,1,4,0,0,0,0,1,0,0,0,9,0,0,0,0,0,0,0,0,0,1,7,0,0,0,0,0,0,0,1,0,0,1
7905,1,1,1,0,0,0,0,11,173,56.229206903099744,1.0,1,6,0,0,0,0,0,0,1,0,6,0,0,0,0,0,0,1,0,0,0,7,0,0,0,0,0,0,0,1,0,0,1
7906,1,1,1,1,1,0,0,14,167,43.01828140857528,0.999999999992952,1,4,0,0,0,0,1,0,0,0,9,0,0,0,0,0,0,0,0,0,1,9,0,0,0,0,0,0,0,0,0,1,1
7907,0,1,1,0,1,0,0,11,156,7.120169048352965,3.643912888060733e-05,0,6,0,0,0,0,0,0,1,0,6,0,0,0,0,0,0,1,0,0,0,7,0,0,0,0,0,0,0,1,0,0,0
7908,0,1,1,0,1,0,0,27,139,1.5827456475353592,1.4345355740339813e-07,0,6,0,0,0,0,0,0,1,0,6,0,0,0,0,0,0,1,0,0,0,7,0,0,0,0,0,0,0,1,0,0,1
7909,0,1,1,0,1,2,0,20,170,57.83729103363136,1.0,1,4,0,0,0,0,1,0,0,0,2,0,0,1,0,0,0,0,0,0,0,7,0,0,0,0,0,0,0,1,0,0,1
7910,1,1,1,0,1,0,0,8,142,4.189679430233902,1.944856204210255e-06,0,2,0,0,1,0,0,0,0,0,8,0,0,0,0,0,0,0,0,1,0,7,0,0,0,0,0,0,0,1,0,0,1
7912,0,0,0,1,0,2,0,5,74,6.153396911415562,1.3858428602001716e-05,0,4,0,0,0,0,1,0,0,0,2,0,0,1,0,0,0,0,0,0,0,7,0,0,0,0,0,0,0,1,0,0,0
7913,1,1,1,0,0,0,0,9,134,38.82536764105756,0.9999999995333156,1,6,0,0,0,0,0,0,1,0,6,0,0,0,0,0,0,1,0,0,0,7,0,0,0,0,0,0,0,1,0,0,1
7914,1,1,1,0,0,0,0,18,158,161.14221272317332,1.0,1,6,0,0,0,0,0,0,1,0,6,0,0,0,0,0,0,1,0,0,0,7,0,0,0,0,0,0,0,1,0,0,1
7915,0,1,1,0,1,0,0,7,127,12.851971727469895,0.011117794659719977,0,2,0,0,1,0,0,0,0,0,8,0,0,0,0,0,0,0,0,1,0,7,0,0,0,0,0,0,0,1,0,0,1
7916,0,1,1,0,1,0,0,28,123,5.7913608901834035,9.649072522063504e-06,0,6,0,0,0,0,0,0,1,0,6,0,0,0,0,0,0,1,0,0,0,7,0,0,0,0,0,0,0,1,0,0,0
7918,1,1,1,0,1,0,0,10,153,38.22863460860173,0.9999999991524188,1,4,0,0,0,0,1,0,0,0,9,0,0,0,0,0,0,0,0,0,1,6,0,0,0,0,0,0,1,0,0,0,1
7923,1,1,1,0,0,0,0,15,147,69.55213805981971,1.0,1,6,0,0,0,0,0,0,1,0,6,0,0,0,0,0,0,1,0,0,0,7,0,0,0,0,0,0,0,1,0,0,1
7924,1,1,1,1,0,0,0,13,124,57.216671782164354,1.0,1,7,0,0,0,0,0,0,0,1,0,1,0,0,0,0,0,0,0,0,0,7,0,0,0,0,0,0,0,1,0,0,1
7926,0,0,0,0,0,0,1,7,143,87.26733770455792,1.0,1,4,0,0,0,0,1,0,0,0,9,0,0,0,0,0,0,0,0,0,1,7,0,0,0,0,0,0,0,1,0,0,1
7929,1,0,0,0,0,1,0,1,135,65.25971114005381,1.0,1,6,0,0,0,0,0,0,1,0,6,0,0,0,0,0,0,1,0,0,0,7,0,0,0,0,0,0,0,1,0,0,1
7930,1,1,1,0,0,0,0,13,158,99.2604432169808,1.0,1,6,0,0,0,0,0,0,1,0,6,0,0,0,0,0,0,1,0,0,0,7,0,0,0,0,0,0,0,1,0,0,1
7932,0,0,1,0,0,0,0,10,119,23.740612428553767,0.9983422128223276,1,4,0,0,0,0,1,0,0,0,9,0,0,0,0,0,0,0,0,0,1,7,0,0,0,0,0,0,0,1,0,0,1
7933,0,0,0,0,1,1,2,9,111,9.626535995570766,0.00044657166088028224,0,6,0,0,0,0,0,0,1,0,6,0,0,0,0,0,0,1,0,0,0,7,0,0,0,0,0,0,0,1,0,0,0
7934,0,1,0,1,0,0,0,4,113,40.35100736566724,0.9999999998985044,1,6,0,0,0,0,0,0,1,0,6,0,0,0,0,0,0,1,0,0,0,7,0,0,0,0,0,0,0,1,0,0,1
7935,1,1,1,0,0,0,1,14,106,9.608504976971393,0.0004385951787432523,0,6,0,0,0,0,0,0,1,0,6,0,0,0,0,0,0,1,0,0,0,7,0,0,0,0,0,0,0,1,0,0,1
7936,1,1,1,0,0,0,0,20,151,59.93630065058115,1.0,1,1,0,1,0,0,0,0,0,0,6,0,0,0,0,0,0,1,0,0,0,7,0,0,0,0,0,0,0,1,0,0,1
7937,1,1,1,0,0,0,0,15,152,75.36899094384114,1.0,1,6,0,0,0,0,0,0,1,0,6,0,0,0,0,0,0,1,0,0,0,7,0,0,0,0,0,0,0,1,0,0,1
7938,0,1,1,0,0,0,0,25,139,31.89704206396141,0.9999995236164548,1,4,0,0,0,0,1,0,0,0,9,0,0,0,0,0,0,0,0,0,1,7,0,0,0,0,0,0,0,1,0,0,1
7939,0,0,0,1,0,1,2,3,49,1.806977857921254,1.7951226160193067e-07,0,4,0,0,0,0,1,0,0,0,2,0,0,1,0,0,0,0,0,0,0,7,0,0,0,0,0,0,0,1,0,0,0
7940,1,1,1,0,0,0,0,19,162,113.52617961747022,1.0,1,4,0,0,0,0,1,0,0,0,9,0,0,0,0,0,0,0,0,0,1,7,0,0,0,0,0,0,0,1,0,0,1
7941,1,0,0,0,0,0,0,4,67,10.217730646437355,0.0008062828378065722,0,4,0,0,0,0,1,0,0,0,9,0,0,0,0,0,0,0,0,0,1,7,0,0,0,0,0,0,0,1,0,0,1
7943,0,0,0,1,0,0,0,4,86,5.656952205866079,8.435545021951473e-06,0,4,0,0,0,0,1,0,0,0,9,0,0,0,0,0,0,0,0,0,1,7,0,0,0,0,0,0,0,1,0,0,0
7944,1,1,0,1,0,3,0,6,173,88.11664815698246,1.0,1,4,0,0,0,0,1,0,0,0,9,0,0,0,0,0,0,0,0,0,1,7,0,0,0,0,0,0,0,1,0,0,1
7945,0,0,0,0,0,0,0,6,167,73.64516790919009,1.0,1,4,0,0,0,0,1,0,0,0,9,0,0,0,0,0,0,0,0,0,1,7,0,0,0,0,0,0,0,1,0,0,1
7949,0,0,0,0,0,0,0,9,57,9.928488005570184,0.0006038914659500762,0,2,0,0,1,0,0,0,0,0,3,0,0,0,1,0,0,0,0,0,0,7,0,0,0,0,0,0,0,1,0,0,0
7950,0,0,0,0,0,0,0,10,178,77.94622720029537,1.0,1,7,0,0,0,0,0,0,0,1,6,0,0,0,0,0,0,1,0,0,0,7,0,0,0,0,0,0,0,1,0,0,0
7952,1,0,0,0,1,2,0,8,149,59.89013657163437,1.0,1,4,0,0,0,0,1,0,0,0,2,0,0,1,0,0,0,0,0,0,0,7,0,0,0,0,0,0,0,1,0,0,1
7953,0,0,0,1,0,0,1,6,130,26.601929396498466,0.9999050371090162,1,4,0,0,0,0,1,0,0,0,9,0,0,0,0,0,0,0,0,0,1,7,0,0,0,0,0,0,0,1,0,0,0
7954,1,0,0,0,0,0,0,6,101,67.37628965049721,1.0,1,6,0,0,0,0,0,0,1,0,6,0,0,0,0,0,0,1,0,0,0,7,0,0,0,0,0,0,0,1,0,0,0
7955,1,1,1,0,0,0,0,14,99,24.97754826032593,0.999518223455948,1,0,1,0,0,0,0,0,0,0,5,0,0,0,0,0,1,0,0,0,0,7,0,0,0,0,0,0,0,1,0,0,1
7957,0,0,0,0,0,0,0,6,87,30.32629618383093,0.9999977084874936,1,6,0,0,0,0,0,0,1,0,6,0,0,0,0,0,0,1,0,0,0,7,0,0,0,0,0,0,0,1,0,0,0
7958,1,1,1,0,0,0,0,11,121,26.30612955821753,0.9998723549523584,1,6,0,0,0,0,0,0,1,0,6,0,0,0,0,0,0,1,0,0,0,7,0,0,0,0,0,0,0,1,0,0,1
7959,0,1,1,0,0,0,0,16,85,16.720836307335222,0.34997168036001874,0,6,0,0,0,0,0,0,1,0,6,0,0,0,0,0,0,1,0,0,0,7,0,0,0,0,0,0,0,1,0,0,0
7960,1,0,1,0,0,0,0,15,101,39.43268313548032,0.9999999997457448,1,6,0,0,0,0,0,0,1,0,6,0,0,0,0,0,0,1,0,0,0,7,0,0,0,0,0,0,0,1,0,0,1
7962,1,1,1,0,0,0,0,68,114,138.88733391792647,1.0,1,0,1,0,0,0,0,0,0,0,5,0,0,0,0,0,1,0,0,0,0,7,0,0,0,0,0,0,0,1,0,0,0
7963,1,1,1,0,0,0,0,15,153,79.69521642677796,1.0,1,4,0,0,0,0,1,0,0,0,9,0,0,0,0,0,0,0,0,0,1,7,0,0,0,0,0,0,0,1,0,0,1
7965,1,1,1,0,0,0,0,16,115,27.29649887615356,0.9999525837847316,1,6,0,0,0,0,0,0,1,0,6,0,0,0,0,0,0,1,0,0,0,7,0,0,0,0,0,0,0,1,0,0,1
7968,1,1,1,0,0,0,0,16,101,39.43268313548032,0.9999999997457448,1,6,0,0,0,0,0,0,1,0,6,0,0,0,0,0,0,1,0,0,0,7,0,0,0,0,0,0,0,1,0,0,1
7969,1,1,1,0,0,0,0,14,101,39.43268313548032,0.9999999997457448,1,6,0,0,0,0,0,0,1,0,6,0,0,0,0,0,0,1,0,0,0,7,0,0,0,0,0,0,0,1,0,0,1
7970,1,1,1,0,0,0,0,17,142,47.321916002749596,0.9999999999999049,1,6,0,0,0,0,0,0,1,0,6,0,0,0,0,0,0,1,0,0,0,7,0,0,0,0,0,0,0,1,0,0,1
7971,1,1,1,0,1,0,0,24,138,42.03652273992161,0.999999999981188,1,6,0,0,0,0,0,0,1,0,6,0,0,0,0,0,0,1,0,0,0,7,0,0,0,0,0,0,0,1,0,0,1
7972,1,1,1,0,0,0,0,16,101,39.43268313548032,0.9999999997457448,1,6,0,0,0,0,0,0,1,0,6,0,0,0,0,0,0,1,0,0,0,7,0,0,0,0,0,0,0,1,0,0,1
7973,1,1,1,0,0,0,0,17,101,39.43268313548032,0.9999999997457448,1,6,0,0,0,0,0,0,1,0,6,0,0,0,0,0,0,1,0,0,0,7,0,0,0,0,0,0,0,1,0,0,1
7976,1,1,1,0,0,0,0,13,115,27.29649887615356,0.9999525837847316,1,6,0,0,0,0,0,0,1,0,6,0,0,0,0,0,0,1,0,0,0,7,0,0,0,0,0,0,0,1,0,0,1
7977,1,1,1,0,0,0,0,13,115,27.29649887615356,0.9999525837847316,1,6,0,0,0,0,0,0,1,0,6,0,0,0,0,0,0,1,0,0,0,7,0,0,0,0,0,0,0,1,0,0,1
7978,1,1,1,0,0,0,0,12,115,27.29649887615356,0.9999525837847316,1,6,0,0,0,0,0,0,1,0,6,0,0,0,0,0,0,1,0,0,0,7,0,0,0,0,0,0,0,1,0,0,1
7980,0,1,0,1,0,0,1,7,150,26.49444513391556,0.9998942624922472,1,6,0,0,0,0,0,0,1,0,6,0,0,0,0,0,0,1,0,0,0,7,0,0,0,0,0,0,0,1,0,0,1
7981,1,1,1,0,0,0,0,16,115,27.29649887615356,0.9999525837847316,1,6,0,0,0,0,0,0,1,0,6,0,0,0,0,0,0,1,0,0,0,7,0,0,0,0,0,0,0,1,0,0,1
7982,1,1,1,0,0,0,0,10,115,27.29649887615356,0.9999525837847316,1,6,0,0,0,0,0,0,1,0,6,0,0,0,0,0,0,1,0,0,0,7,0,0,0,0,0,0,0,1,0,0,1
7983,1,1,1,0,0,0,0,15,101,39.43268313548032,0.9999999997457448,1,6,0,0,0,0,0,0,1,0,6,0,0,0,0,0,0,1,0,0,0,7,0,0,0,0,0,0,0,1,0,0,1
7984,1,0,0,1,0,0,2,6,60,18.02782865606729,0.6654837265407488,1,4,0,0,0,0,1,0,0,0,9,0,0,0,0,0,0,0,0,0,1,7,0,0,0,0,0,0,0,1,0,0,0
7987,1,1,1,0,0,0,0,16,101,39.43268313548032,0.9999999997457448,1,6,0,0,0,0,0,0,1,0,6,0,0,0,0,0,0,1,0,0,0,7,0,0,0,0,0,0,0,1,0,0,1
7988,1,1,1,0,0,0,0,15,101,39.43268313548032,0.9999999997457448,1,6,0,0,0,0,0,0,1,0,6,0,0,0,0,0,0,1,0,0,0,7,0,0,0,0,0,0,0,1,0,0,1
7989,1,0,1,0,0,0,0,14,115,27.29649887615356,0.9999525837847316,1,6,0,0,0,0,0,0,1,0,6,0,0,0,0,0,0,1,0,0,0,7,0,0,0,0,0,0,0,1,0,0,1
7990,1,1,1,0,1,0,0,12,133,29.04867046750191,0.9999917778488798,1,4,0,0,0,0,1,0,0,0,9,0,0,0,0,0,0,0,0,0,1,0,1,0,0,0,0,0,0,0,0,0,1
7991,1,1,1,0,0,0,0,11,113,37.695415704059656,0.9999999985553744,1,0,1,0,0,0,0,0,0,0,6,0,0,0,0,0,0,1,0,0,0,7,0,0,0,0,0,0,0,1,0,0,1
7992,0,1,0,1,0,6,0,5,124,20.3404605158182,0.952594927053352,1,4,0,0,0,0,1,0,0,0,9,0,0,0,0,0,0,0,0,0,1,7,0,0,0,0,0,0,0,1,0,0,0
7994,1,0,1,0,1,0,0,17,105,39.43268313548032,0.9999999997457448,1,6,0,0,0,0,0,0,1,0,6,0,0,0,0,0,0,1,0,0,0,7,0,0,0,0,0,0,0,1,0,0,1
7996,1,1,1,0,0,0,0,18,101,39.43268313548032,0.9999999997457448,1,6,0,0,0,0,0,0,1,0,6,0,0,0,0,0,0,1,0,0,0,7,0,0,0,0,0,0,0,1,0,0,1
7999,1,1,1,0,0,0,0,15,101,39.43268313548032,0.9999999997457448,1,6,0,0,0,0,0,0,1,0,6,0,0,0,0,0,0,1,0,0,0,7,0,0,0,0,0,0,0,1,0,0,1
8000,1,1,1,0,0,0,0,15,101,39.43268313548032,0.9999999997457448,1,6,0,0,0,0,0,0,1,0,6,0,0,0,0,0,0,1,0,0,0,7,0,0,0,0,0,0,0,1,0,0,1
8001,1,1,1,0,1,0,0,15,125,16.383572222575765,0.2775939831000005,0,6,0,0,0,0,0,0,1,0,6,0,0,0,0,0,0,1,0,0,0,7,0,0,0,0,0,0,0,1,0,0,1
8002,1,1,1,0,0,0,0,18,115,27.29649887615356,0.9999525837847316,1,6,0,0,0,0,0,0,1,0,6,0,0,0,0,0,0,1,0,0,0,7,0,0,0,0,0,0,0,1,0,0,1
8003,1,1,1,0,0,0,0,9,116,30.643351507700142,0.9999983311122588,1,0,1,0,0,0,0,0,0,0,6,0,0,0,0,0,0,1,0,0,0,7,0,0,0,0,0,0,0,1,0,0,1
8005,1,1,1,0,0,0,0,12,115,27.29649887615356,0.9999525837847316,1,6,0,0,0,0,0,0,1,0,6,0,0,0,0,0,0,1,0,0,0,7,0,0,0,0,0,0,0,1,0,0,1
8006,1,1,1,0,0,0,0,15,101,39.43268313548032,0.9999999997457448,1,6,0,0,0,0,0,0,1,0,6,0,0,0,0,0,0,1,0,0,0,7,0,0,0,0,0,0,0,1,0,0,1
8008,0,0,1,1,0,0,0,10,133,17.239190474944504,0.474818940461419,0,4,0,0,0,0,1,0,0,0,9,0,0,0,0,0,0,0,0,0,1,7,0,0,0,0,0,0,0,1,0,0,0
8009,1,1,1,0,0,0,0,6,152,35.9097471535254,0.9999999913848809,1,6,0,0,0,0,0,0,1,0,6,0,0,0,0,0,0,1,0,0,0,7,0,0,0,0,0,0,0,1,0,0,0
8010,1,1,1,1,0,0,0,12,114,61.37332641925718,1.0,1,6,0,0,0,0,0,0,1,0,6,0,0,0,0,0,0,1,0,0,0,7,0,0,0,0,0,0,0,1,0,0,1
8012,0,1,1,0,0,1,0,7,145,18.400204602337595,0.7427296431336821,1,4,0,0,0,0,1,0,0,0,9,0,0,0,0,0,0,0,0,0,1,7,0,0,0,0,0,0,0,1,0,0,0
8013,1,1,1,0,1,0,0,10,142,38.577004537405635,0.9999999994017452,1,1,0,1,0,0,0,0,0,0,7,0,0,0,0,0,0,0,1,0,0,7,0,0,0,0,0,0,0,1,0,0,1
8015,0,0,1,0,1,3,0,43,172,6.274194569735985,1.5637775441499647e-05,0,1,0,1,0,0,0,0,0,0,7,0,0,0,0,0,0,0,1,0,0,6,0,0,0,0,0,0,1,0,0,0,0
8016,1,1,1,0,1,0,0,6,119,39.29337777028438,0.9999999997077402,1,4,0,0,0,0,1,0,0,0,6,0,0,0,0,0,0,1,0,0,0,7,0,0,0,0,0,0,0,1,0,0,1
8017,0,1,1,0,0,0,0,23,169,46.97705165259737,0.9999999999998654,1,1,0,1,0,0,0,0,0,0,6,0,0,0,0,0,0,1,0,0,0,7,0,0,0,0,0,0,0,1,0,0,1
8018,1,1,0,0,0,0,0,2,69,17.36669056433058,0.5066722449860632,1,6,0,0,0,0,0,0,1,0,6,0,0,0,0,0,0,1,0,0,0,7,0,0,0,0,0,0,0,1,0,0,1
8019,1,1,1,0,0,0,0,7,96,17.36669056433058,0.5066722449860632,1,6,0,0,0,0,0,0,1,0,6,0,0,0,0,0,0,1,0,0,0,7,0,0,0,0,0,0,0,1,0,0,1
8020,1,1,1,0,0,0,0,6,99,17.36669056433058,0.5066722449860632,1,6,0,0,0,0,0,0,1,0,6,0,0,0,0,0,0,1,0,0,0,7,0,0,0,0,0,0,0,1,0,0,1
8021,0,0,0,0,0,0,0,4,148,33.40981240777627,0.9999998950532242,1,6,0,0,0,0,0,0,1,0,6,0,0,0,0,0,0,1,0,0,0,7,0,0,0,0,0,0,0,1,0,0,0
8023,0,1,1,1,0,0,0,15,153,7.406668737307616,4.852750577601064e-05,0,6,0,0,0,0,0,0,1,0,6,0,0,0,0,0,0,1,0,0,0,7,0,0,0,0,0,0,0,1,0,0,1
8024,1,1,1,0,0,0,0,2,72,28.385616917507658,0.9999840433178728,1,6,0,0,0,0,0,0,1,0,6,0,0,0,0,0,0,1,0,0,0,7,0,0,0,0,0,0,0,1,0,0,1
8025,0,1,1,1,0,0,0,19,155,6.122496779322817,1.3436755509936262e-05,0,2,0,0,1,0,0,0,0,0,6,0,0,0,0,0,0,1,0,0,0,7,0,0,0,0,0,0,0,1,0,0,0
8026,1,0,0,0,1,1,0,4,145,73.78022200851409,1.0,1,6,0,0,0,0,0,0,1,0,6,0,0,0,0,0,0,1,0,0,0,7,0,0,0,0,0,0,0,1,0,0,0
8028,1,1,1,0,0,0,0,6,93,22.75267020892179,0.9955600848353516,1,6,0,0,0,0,0,0,1,0,6,0,0,0,0,0,0,1,0,0,0,7,0,0,0,0,0,0,0,1,0,0,1
8029,1,0,0,1,1,1,0,7,149,85.75848293110475,1.0,1,6,0,0,0,0,0,0,1,0,6,0,0,0,0,0,0,1,0,0,0,7,0,0,0,0,0,0,0,1,0,0,0
8030,1,1,1,0,0,0,0,9,82,20.633842227330828,0.964216957720776,1,0,1,0,0,0,0,0,0,0,5,0,0,0,0,0,1,0,0,0,0,7,0,0,0,0,0,0,0,1,0,0,1
8031,0,1,1,0,1,0,0,10,121,12.518014570503714,0.007986489465322856,0,5,0,0,0,0,0,1,0,0,1,0,1,0,0,0,0,0,0,0,0,7,0,0,0,0,0,0,0,1,0,0,1
8032,0,1,1,0,0,0,1,8,141,45.249102675910336,0.9999999999992428,1,6,0,0,0,0,0,0,1,0,6,0,0,0,0,0,0,1,0,0,0,7,0,0,0,0,0,0,0,1,0,0,1
8034,1,1,1,0,0,0,0,14,133,38.905542375129535,0.9999999995692712,1,6,0,0,0,0,0,0,1,0,6,0,0,0,0,0,0,1,0,0,0,7,0,0,0,0,0,0,0,1,0,0,1
8035,1,1,1,0,0,0,0,6,99,17.36669056433058,0.5066722449860632,1,6,0,0,0,0,0,0,1,0,6,0,0,0,0,0,0,1,0,0,0,7,0,0,0,0,0,0,0,1,0,0,1
8036,1,1,1,0,0,0,0,6,96,17.36669056433058,0.5066722449860632,1,6,0,0,0,0,0,0,1,0,6,0,0,0,0,0,0,1,0,0,0,7,0,0,0,0,0,0,0,1,0,0,1
8037,0,1,1,0,1,0,0,14,165,11.436001204466312,0.0027210876912631197,0,1,0,1,0,0,0,0,0,0,4,0,0,0,0,1,0,0,0,0,0,7,0,0,0,0,0,0,0,1,0,0,1
8038,1,0,0,1,0,0,0,4,161,152.01610896502362,1.0,1,6,0,0,0,0,0,0,1,0,6,0,0,0,0,0,0,1,0,0,0,7,0,0,0,0,0,0,0,1,0,0,1
8039,0,1,1,0,1,0,0,6,140,41.49831720201685,0.9999999999677762,1,5,0,0,0,0,0,1,0,0,1,0,1,0,0,0,0,0,0,0,0,7,0,0,0,0,0,0,0,1,0,0,1
8040,1,1,1,0,0,0,0,23,153,55.72862287292737,1.0,1,1,0,1,0,0,0,0,0,0,6,0,0,0,0,0,0,1,0,0,0,7,0,0,0,0,0,0,0,1,0,0,1
8043,0,0,1,1,0,0,0,13,180,68.68179514997362,1.0,1,1,0,1,0,0,0,0,0,0,6,0,0,0,0,0,0,1,0,0,0,7,0,0,0,0,0,0,0,1,0,0,0
8044,0,1,0,0,0,0,0,2,69,17.36669056433058,0.5066722449860632,1,6,0,0,0,0,0,0,1,0,6,0,0,0,0,0,0,1,0,0,0,7,0,0,0,0,0,0,0,1,0,0,1
8045,1,1,1,1,0,0,0,8,132,53.30933721783752,0.9999999999999998,1,6,0,0,0,0,0,0,1,0,6,0,0,0,0,0,0,1,0,0,0,7,0,0,0,0,0,0,0,1,0,0,1
8047,0,1,1,0,0,0,1,22,152,29.925055886237946,0.9999965772262891,1,5,0,0,0,0,0,1,0,0,6,0,0,0,0,0,0,1,0,0,0,7,0,0,0,0,0,0,0,1,0,0,1
8049,1,1,1,0,0,0,0,6,89,17.36669056433058,0.5066722449860632,1,6,0,0,0,0,0,0,1,0,6,0,0,0,0,0,0,1,0,0,0,7,0,0,0,0,0,0,0,1,0,0,1
8055,0,1,1,1,0,1,0,20,172,29.47859268786702,0.9999946509845224,1,4,0,0,0,0,1,0,0,0,6,0,0,0,0,0,0,1,0,0,0,7,0,0,0,0,0,0,0,1,0,0,1
8056,1,1,1,0,0,0,0,6,99,17.36669056433058,0.5066722449860632,1,6,0,0,0,0,0,0,1,0,6,0,0,0,0,0,0,1,0,0,0,7,0,0,0,0,0,0,0,1,0,0,1
8057,1,1,0,0,1,0,1,8,163,90.79401301403942,1.0,1,5,0,0,0,0,0,1,0,0,1,0,1,0,0,0,0,0,0,0,0,7,0,0,0,0,0,0,0,1,0,0,1
8058,1,0,1,0,0,0,0,25,169,60.87562043657457,1.0,1,2,0,0,1,0,0,0,0,0,6,0,0,0,0,0,0,1,0,0,0,7,0,0,0,0,0,0,0,1,0,0,0
8060,1,1,1,0,0,0,0,13,112,20.988902737716288,0.9746401902015344,1,7,0,0,0,0,0,0,0,1,6,0,0,0,0,0,0,1,0,0,0,7,0,0,0,0,0,0,0,1,0,0,1
8061,0,0,1,0,1,2,0,11,85,7.431670235077012,4.9755998828588e-05,0,1,0,1,0,0,0,0,0,0,6,0,0,0,0,0,0,1,0,0,0,7,0,0,0,0,0,0,0,1,0,0,0
8062,0,1,1,0,1,0,0,21,148,7.660389609160461,6.254195573039368e-05,0,6,0,0,0,0,0,0,1,0,6,0,0,0,0,0,0,1,0,0,0,7,0,0,0,0,0,0,0,1,0,0,0
8064,1,1,0,1,0,0,0,13,99,23.013695841619498,0.9965766138007608,1,4,0,0,0,0,1,0,0,0,9,0,0,0,0,0,0,0,0,0,1,7,0,0,0,0,0,0,0,1,0,0,1
8065,0,1,1,0,1,0,0,22,155,18.85593949021236,0.8199397714620279,1,4,0,0,0,0,1,0,0,0,9,0,0,0,0,0,0,0,0,0,1,7,0,0,0,0,0,0,0,1,0,0,0
8066,0,1,0,0,1,1,0,10,169,87.68957854642183,1.0,1,6,0,0,0,0,0,0,1,0,6,0,0,0,0,0,0,1,0,0,0,7,0,0,0,0,0,0,0,1,0,0,0
8067,0,1,1,0,1,0,0,19,142,15.243080128642902,0.1093965540407995,0,4,0,0,0,0,1,0,0,0,9,0,0,0,0,0,0,0,0,0,1,7,0,0,0,0,0,0,0,1,0,0,0
8068,0,1,1,0,1,0,0,13,120,7.50457764409202,5.3518890323211265e-05,0,6,0,0,0,0,0,0,1,0,6,0,0,0,0,0,0,1,0,0,0,7,0,0,0,0,0,0,0,1,0,0,0
8069,0,0,0,0,1,1,0,2,56,1.9591948540107569,2.0902638372805745e-07,0,6,0,0,0,0,0,0,1,0,6,0,0,0,0,0,0,1,0,0,0,7,0,0,0,0,0,0,0,1,0,0,0
8070,0,1,1,0,0,1,0,9,86,8.936021856013877,0.00022392439319741117,0,5,0,0,0,0,0,1,0,0,1,0,1,0,0,0,0,0,0,0,0,7,0,0,0,0,0,0,0,1,0,0,0
8071,0,1,1,0,1,0,0,13,134,13.437510368743595,0.019791948533755856,0,4,0,0,0,0,1,0,0,0,9,0,0,0,0,0,0,0,0,0,1,7,0,0,0,0,0,0,0,1,0,0,0
8073,0,1,1,0,1,0,0,20,140,7.277090539348045,4.2630010044331344e-05,0,6,0,0,0,0,0,0,1,0,6,0,0,0,0,0,0,1,0,0,0,7,0,0,0,0,0,0,0,1,0,0,0
8074,0,0,0,0,0,0,0,5,112,46.86951013424982,0.99999999999985,1,6,0,0,0,0,0,0,1,0,6,0,0,0,0,0,0,1,0,0,0,7,0,0,0,0,0,0,0,1,0,0,0
8079,0,0,0,0,0,1,0,8,93,18.46741768965473,0.7553620280854396,1,6,0,0,0,0,0,0,1,0,6,0,0,0,0,0,0,1,0,0,0,7,0,0,0,0,0,0,0,1,0,0,0
8081,0,1,1,1,0,1,0,12,123,10.03361878900805,0.0006707914812031983,0,4,0,0,0,0,1,0,0,0,9,0,0,0,0,0,0,0,0,0,1,7,0,0,0,0,0,0,0,1,0,0,0
8083,0,0,1,0,0,0,6,8,76,3.0349060169870787,6.1288127653443e-07,0,6,0,0,0,0,0,0,1,0,6,0,0,0,0,0,0,1,0,0,0,7,0,0,0,0,0,0,0,1,0,0,0
8084,1,1,0,1,0,0,0,13,99,23.013695841619498,0.9965766138007608,1,4,0,0,0,0,1,0,0,0,9,0,0,0,0,0,0,0,0,0,1,7,0,0,0,0,0,0,0,1,0,0,1
8085,1,0,0,0,0,0,0,10,150,135.15367612661913,1.0,1,1,0,1,0,0,0,0,0,0,6,0,0,0,0,0,0,1,0,0,0,7,0,0,0,0,0,0,0,1,0,0,1
8087,0,1,1,0,1,0,0,9,87,5.3141547925385995,5.9874125851459114e-06,0,6,0,0,0,0,0,0,1,0,6,0,0,0,0,0,0,1,0,0,0,7,0,0,0,0,0,0,0,1,0,0,0
8088,0,0,0,1,0,0,1,3,79,12.776758768084983,0.01032057878010171,0,6,0,0,0,0,0,0,1,0,6,0,0,0,0,0,0,1,0,0,0,7,0,0,0,0,0,0,0,1,0,0,0
8089,1,1,1,0,1,0,0,11,109,28.449782064669343,0.9999850350091752,1,1,0,1,0,0,0,0,0,0,4,0,0,0,0,1,0,0,0,0,0,7,0,0,0,0,0,0,0,1,0,0,1
8091,0,1,1,0,1,0,0,19,143,16.294167554526233,0.2600261883634336,0,6,0,0,0,0,0,0,1,0,6,0,0,0,0,0,0,1,0,0,0,7,0,0,0,0,0,0,0,1,0,0,0
8094,1,1,1,1,0,0,0,10,158,96.68280044853519,1.0,1,4,0,0,0,0,1,0,0,0,9,0,0,0,0,0,0,0,0,0,1,7,0,0,0,0,0,0,0,1,0,0,0
8095,1,1,1,0,0,0,0,22,116,14.079576419637515,0.036954131739785234,0,6,0,0,0,0,0,0,1,0,6,0,0,0,0,0,0,1,0,0,0,7,0,0,0,0,0,0,0,1,0,0,1
8096,1,1,1,0,0,0,0,9,103,24.21444669823159,0.9989671982599856,1,0,1,0,0,0,0,0,0,0,5,0,0,0,0,0,1,0,0,0,0,7,0,0,0,0,0,0,0,1,0,0,1
8097,1,1,1,0,0,0,0,7,76,18.953438183628236,0.8338881859611762,1,1,0,1,0,0,0,0,0,0,6,0,0,0,0,0,0,1,0,0,0,7,0,0,0,0,0,0,0,1,0,0,1
8098,0,0,0,1,0,0,0,10,156,129.97308996412693,1.0,1,4,0,0,0,0,1,0,0,0,9,0,0,0,0,0,0,0,0,0,1,7,0,0,0,0,0,0,0,1,0,0,0
8100,0,0,0,0,1,1,0,2,122,28.639749061051273,0.9999876241236644,1,2,0,0,1,0,0,0,0,0,8,0,0,0,0,0,0,0,0,1,0,7,0,0,0,0,0,0,0,1,0,0,0
8101,0,1,1,0,1,0,0,8,136,2.649241377791169,4.1675845025375717e-07,0,4,0,0,0,0,1,0,0,0,9,0,0,0,0,0,0,0,0,0,1,7,0,0,0,0,0,0,0,1,0,0,0
8102,0,1,1,0,0,0,0,26,123,34.15579991877518,0.9999999502273385,1,4,0,0,0,0,1,0,0,0,9,0,0,0,0,0,0,0,0,0,1,7,0,0,0,0,0,0,0,1,0,0,0
8103,1,1,1,0,1,1,0,26,140,52.313684873265906,0.9999999999999992,1,4,0,0,0,0,1,0,0,0,2,0,0,1,0,0,0,0,0,0,0,7,0,0,0,0,0,0,0,1,0,0,1
8105,0,0,0,0,1,0,0,4,68,4.745264428339726,3.3898022843671743e-06,0,6,0,0,0,0,0,0,1,0,6,0,0,0,0,0,0,1,0,0,0,7,0,0,0,0,0,0,0,1,0,0,0
8106,1,1,1,0,0,0,0,9,72,19.260620508995245,0.8722076125152621,1,6,0,0,0,0,0,0,1,0,6,0,0,0,0,0,0,1,0,0,0,7,0,0,0,0,0,0,0,1,0,0,1
8109,0,0,0,0,1,0,0,4,157,40.77490204691139,0.9999999999335719,1,2,0,0,1,0,0,0,0,0,8,0,0,0,0,0,0,0,0,1,0,7,0,0,0,0,0,0,0,1,0,0,0
8110,1,1,1,0,0,0,0,7,93,39.363791605083094,0.9999999997276114,1,1,0,1,0,0,0,0,0,0,4,0,0,0,0,1,0,0,0,0,0,7,0,0,0,0,0,0,0,1,0,0,1
8111,0,1,1,0,0,0,0,9,87,10.309537293682551,0.0008837407233105145,0,6,0,0,0,0,0,0,1,0,6,0,0,0,0,0,0,1,0,0,0,7,0,0,0,0,0,0,0,1,0,0,0
8112,0,1,1,1,0,2,0,28,98,18.50644727967645,0.7625022445898907,1,6,0,0,0,0,0,0,1,0,6,0,0,0,0,0,0,1,0,0,0,7,0,0,0,0,0,0,0,1,0,0,0
8113,1,0,1,0,1,0,0,7,74,14.079576419637515,0.036954131739785234,0,6,0,0,0,0,0,0,1,0,6,0,0,0,0,0,0,1,0,0,0,7,0,0,0,0,0,0,0,1,0,0,1
8116,0,0,1,1,0,0,0,10,140,29.518497696562786,0.999994860233134,1,4,0,0,0,0,1,0,0,0,9,0,0,0,0,0,0,0,0,0,1,0,1,0,0,0,0,0,0,0,0,0,1
8118,0,1,1,1,0,0,0,29,179,63.62991760967432,1.0,1,4,0,0,0,0,1,0,0,0,9,0,0,0,0,0,0,0,0,0,1,7,0,0,0,0,0,0,0,1,0,0,0
8119,1,0,0,1,0,0,0,2,141,82.86386618209332,1.0,1,6,0,0,0,0,0,0,1,0,6,0,0,0,0,0,0,1,0,0,0,7,0,0,0,0,0,0,0,1,0,0,1
8120,0,0,0,0,0,0,0,7,133,47.66919456265778,0.9999999999999328,1,1,0,1,0,0,0,0,0,0,4,0,0,0,0,1,0,0,0,0,0,7,0,0,0,0,0,0,0,1,0,0,0
8121,0,1,1,1,0,0,4,9,133,29.17381924980534,0.9999927450495744,1,4,0,0,0,0,1,0,0,0,9,0,0,0,0,0,0,0,0,0,1,7,0,0,0,0,0,0,0,1,0,0,0
8122,1,1,1,0,0,0,0,20,132,27.532050131613225,0.999962534408189,1,0,1,0,0,0,0,0,0,0,5,0,0,0,0,0,1,0,0,0,0,7,0,0,0,0,0,0,0,1,0,0,1
8125,1,1,0,0,1,0,1,3,96,25.612043809183675,0.9997445028591948,1,4,0,0,0,0,1,0,0,0,9,0,0,0,0,0,0,0,0,0,1,7,0,0,0,0,0,0,0,1,0,0,0
8126,1,0,1,0,0,0,0,10,83,17.20025357678088,0.4651201399760102,0,6,0,0,0,0,0,0,1,0,6,0,0,0,0,0,0,1,0,0,0,7,0,0,0,0,0,0,0,1,0,0,1
8128,1,1,1,1,0,0,0,9,116,36.259808391822745,0.9999999939294,1,6,0,0,0,0,0,0,1,0,6,0,0,0,0,0,0,1,0,0,0,7,0,0,0,0,0,0,0,1,0,0,1
8129,1,1,1,0,0,1,0,13,132,28.047536722153673,0.9999776248389836,1,6,0,0,0,0,0,0,1,0,6,0,0,0,0,0,0,1,0,0,0,7,0,0,0,0,0,0,0,1,0,0,1
8130,0,0,0,0,1,0,0,7,87,8.172673412326695,0.00010438433126447872,0,2,0,0,1,0,0,0,0,0,8,0,0,0,0,0,0,0,0,1,0,7,0,0,0,0,0,0,0,1,0,0,0
8131,1,0,1,0,0,0,0,9,78,19.62601334730666,0.9077120269622506,1,3,0,0,0,1,0,0,0,0,6,0,0,0,0,0,0,1,0,0,0,7,0,0,0,0,0,0,0,1,0,0,1
8133,0,1,1,1,0,0,0,14,88,11.330279175548474,0.002448762241065068,0,6,0,0,0,0,0,0,1,0,6,0,0,0,0,0,0,1,0,0,0,7,0,0,0,0,0,0,0,1,0,0,0
8135,0,1,0,0,0,1,0,6,139,40.83433343563642,0.999999999937405,1,6,0,0,0,0,0,0,1,0,6,0,0,0,0,0,0,1,0,0,0,7,0,0,0,0,0,0,0,1,0,0,0
8136,0,1,0,1,0,1,7,11,169,72.11335170661584,1.0,1,4,0,0,0,0,1,0,0,0,9,0,0,0,0,0,0,0,0,0,1,7,0,0,0,0,0,0,0,1,0,0,0
8137,0,1,1,1,0,0,0,12,142,57.054232417882965,1.0,1,2,0,0,1,0,0,0,0,0,8,0,0,0,0,0,0,0,0,1,0,7,0,0,0,0,0,0,0,1,0,0,0
8138,0,1,1,1,0,0,0,26,144,23.642570756251768,0.9981717584415052,1,4,0,0,0,0,1,0,0,0,2,0,0,1,0,0,0,0,0,0,0,7,0,0,0,0,0,0,0,1,0,0,0
8140,1,1,1,1,0,0,0,18,176,73.81763860233866,1.0,1,1,0,1,0,0,0,0,0,0,6,0,0,0,0,0,0,1,0,0,0,7,0,0,0,0,0,0,0,1,0,0,1
8141,1,1,1,0,0,0,0,10,78,21.298718322145586,0.9812699483093316,1,0,1,0,0,0,0,0,0,0,6,0,0,0,0,0,0,1,0,0,0,7,0,0,0,0,0,0,0,1,0,0,1
8142,1,1,1,0,1,0,0,14,153,79.77058498896454,1.0,1,0,1,0,0,0,0,0,0,0,5,0,0,0,0,0,1,0,0,0,0,7,0,0,0,0,0,0,0,1,0,0,1
8143,1,1,1,0,0,0,0,14,156,100.83650426971428,1.0,1,6,0,0,0,0,0,0,1,0,6,0,0,0,0,0,0,1,0,0,0,7,0,0,0,0,0,0,0,1,0,0,1
8144,1,0,1,0,0,0,0,12,158,102.45539288381279,1.0,1,1,0,1,0,0,0,0,0,0,6,0,0,0,0,0,0,1,0,0,0,7,0,0,0,0,0,0,0,1,0,0,1
8146,1,1,1,0,0,0,0,15,154,100.368811962022,1.0,1,1,0,1,0,0,0,0,0,0,6,0,0,0,0,0,0,1,0,0,0,7,0,0,0,0,0,0,0,1,0,0,1
8147,1,1,1,0,0,0,0,13,160,103.59767083183962,1.0,1,6,0,0,0,0,0,0,1,0,6,0,0,0,0,0,0,1,0,0,0,7,0,0,0,0,0,0,0,1,0,0,1
8149,1,1,1,0,1,0,0,8,146,68.56483587646294,1.0,1,6,0,0,0,0,0,0,1,0,6,0,0,0,0,0,0,1,0,0,0,7,0,0,0,0,0,0,0,1,0,0,1
8150,1,1,1,1,0,0,0,12,152,67.00884002484611,1.0,1,0,1,0,0,0,0,0,0,0,6,0,0,0,0,0,0,1,0,0,0,7,0,0,0,0,0,0,0,1,0,0,1
8154,0,0,0,0,1,0,0,3,81,9.023584932776325,0.00024441095489262767,0,6,0,0,0,0,0,0,1,0,6,0,0,0,0,0,0,1,0,0,0,7,0,0,0,0,0,0,0,1,0,0,0
8155,1,1,1,0,1,0,0,13,154,68.81374704850987,1.0,1,0,1,0,0,0,0,0,0,0,5,0,0,0,0,0,1,0,0,0,0,7,0,0,0,0,0,0,0,1,0,0,1
8156,0,1,0,1,0,0,0,13,148,46.01180150449039,0.9999999999996468,1,2,0,0,1,0,0,0,0,0,8,0,0,0,0,0,0,0,0,1,0,7,0,0,0,0,0,0,0,1,0,0,0
8158,1,0,0,0,0,0,0,8,146,133.64652260467852,1.0,1,6,0,0,0,0,0,0,1,0,6,0,0,0,0,0,0,1,0,0,0,7,0,0,0,0,0,0,0,1,0,0,1
8159,1,1,1,0,0,0,0,11,99,56.087464645579736,1.0,1,6,0,0,0,0,0,0,1,0,6,0,0,0,0,0,0,1,0,0,0,7,0,0,0,0,0,0,0,1,0,0,1
8161,1,1,1,0,0,0,0,11,146,82.70149640274172,1.0,1,6,0,0,0,0,0,0,1,0,6,0,0,0,0,0,0,1,0,0,0,7,0,0,0,0,0,0,0,1,0,0,1
8162,1,1,1,0,0,0,0,11,152,89.11173289730617,1.0,1,4,0,0,0,0,1,0,0,0,2,0,0,1,0,0,0,0,0,0,0,3,0,0,0,1,0,0,0,0,0,0,1
8163,1,0,0,0,0,0,0,8,146,133.64652260467852,1.0,1,6,0,0,0,0,0,0,1,0,6,0,0,0,0,0,0,1,0,0,0,7,0,0,0,0,0,0,0,1,0,0,1
8164,1,0,1,0,1,0,0,15,146,72.55459910407134,1.0,1,6,0,0,0,0,0,0,1,0,6,0,0,0,0,0,0,1,0,0,0,7,0,0,0,0,0,0,0,1,0,0,1
8165,0,1,1,0,0,0,2,23,141,17.599755982722215,0.5645763060053994,1,6,0,0,0,0,0,0,1,0,6,0,0,0,0,0,0,1,0,0,0,7,0,0,0,0,0,0,0,1,0,0,0
8168,1,0,0,0,0,0,0,8,146,133.64652260467852,1.0,1,6,0,0,0,0,0,0,1,0,6,0,0,0,0,0,0,1,0,0,0,7,0,0,0,0,0,0,0,1,0,0,1
8169,1,1,1,0,1,0,0,17,148,57.33364261610218,1.0,1,6,0,0,0,0,0,0,1,0,6,0,0,0,0,0,0,1,0,0,0,7,0,0,0,0,0,0,0,1,0,0,1
8170,1,1,1,0,0,0,13,15,170,91.67824366040848,1.0,1,1,0,1,0,0,0,0,0,0,6,0,0,0,0,0,0,1,0,0,0,7,0,0,0,0,0,0,0,1,0,0,1
8171,1,1,1,0,0,0,0,15,139,34.28157584408554,0.9999999561098488,1,6,0,0,0,0,0,0,1,0,6,0,0,0,0,0,0,1,0,0,0,7,0,0,0,0,0,0,0,1,0,0,1
8172,1,1,1,0,0,1,0,5,163,58.056290632556866,1.0,1,6,0,0,0,0,0,0,1,0,6,0,0,0,0,0,0,1,0,0,0,7,0,0,0,0,0,0,0,1,0,0,1
8175,1,1,0,0,0,0,0,3,151,158.8770128385362,1.0,1,6,0,0,0,0,0,0,1,0,6,0,0,0,0,0,0,1,0,0,0,7,0,0,0,0,0,0,0,1,0,0,1
8176,1,1,1,1,1,0,0,10,156,79.61678073023856,1.0,1,4,0,0,0,0,1,0,0,0,9,0,0,0,0,0,0,0,0,0,1,9,0,0,0,0,0,0,0,0,0,1,1
8177,1,1,1,0,0,0,0,19,174,122.02975378493696,1.0,1,2,0,0,1,0,0,0,0,0,2,0,0,1,0,0,0,0,0,0,0,7,0,0,0,0,0,0,0,1,0,0,1
8180,1,1,1,0,0,0,0,10,155,89.67983448117451,1.0,1,6,0,0,0,0,0,0,1,0,6,0,0,0,0,0,0,1,0,0,0,7,0,0,0,0,0,0,0,1,0,0,1
8181,1,1,1,0,0,1,0,25,130,56.208377775328074,1.0,1,4,0,0,0,0,1,0,0,0,9,0,0,0,0,0,0,0,0,0,1,7,0,0,0,0,0,0,0,1,0,0,1
8182,1,1,1,0,0,0,0,7,146,78.0859506499333,1.0,1,6,0,0,0,0,0,0,1,0,6,0,0,0,0,0,0,1,0,0,0,7,0,0,0,0,0,0,0,1,0,0,1
8183,1,0,0,0,0,0,0,8,146,133.64652260467852,1.0,1,6,0,0,0,0,0,0,1,0,6,0,0,0,0,0,0,1,0,0,0,7,0,0,0,0,0,0,0,1,0,0,1
8184,1,1,1,0,0,0,0,14,106,72.39533898531788,1.0,1,6,0,0,0,0,0,0,1,0,6,0,0,0,0,0,0,1,0,0,0,7,0,0,0,0,0,0,0,1,0,0,1
8187,1,1,1,0,0,0,0,8,147,78.0859506499333,1.0,1,6,0,0,0,0,0,0,1,0,6,0,0,0,0,0,0,1,0,0,0,7,0,0,0,0,0,0,0,1,0,0,1
8188,1,1,1,0,0,0,0,8,87,15.673626991909284,0.15890835032313178,0,6,0,0,0,0,0,0,1,0,6,0,0,0,0,0,0,1,0,0,0,7,0,0,0,0,0,0,0,1,0,0,1
8189,1,1,1,0,0,0,0,10,163,30.64643359871087,0.9999983362479956,1,2,0,0,1,0,0,0,0,0,6,0,0,0,0,0,0,1,0,0,0,7,0,0,0,0,0,0,0,1,0,0,1
8190,1,1,1,0,0,0,0,8,147,78.0859506499333,1.0,1,6,0,0,0,0,0,0,1,0,6,0,0,0,0,0,0,1,0,0,0,7,0,0,0,0,0,0,0,1,0,0,1
8191,1,1,1,0,1,0,0,14,172,91.15715924438051,1.0,1,6,0,0,0,0,0,0,1,0,6,0,0,0,0,0,0,1,0,0,0,7,0,0,0,0,0,0,0,1,0,0,1
8195,0,1,1,0,1,1,0,18,149,23.77928312726907,0.9984049965887812,1,2,0,0,1,0,0,0,0,0,6,0,0,0,0,0,0,1,0,0,0,7,0,0,0,0,0,0,0,1,0,0,0
8196,0,0,0,0,0,0,0,12,77,15.070307743407819,0.09366433371716552,0,1,0,1,0,0,0,0,0,0,4,0,0,0,0,1,0,0,0,0,0,7,0,0,0,0,0,0,0,1,0,0,1
8201,1,0,0,1,0,0,0,6,43,11.510157149204836,0.002929929023046761,0,2,0,0,1,0,0,0,0,0,8,0,0,0,0,0,0,0,0,1,0,7,0,0,0,0,0,0,0,1,0,0,1
8202,0,1,1,1,1,0,0,21,140,4.102263817528755,1.782064624293724e-06,0,6,0,0,0,0,0,0,1,0,6,0,0,0,0,0,0,1,0,0,0,7,0,0,0,0,0,0,0,1,0,0,0
8203,0,1,1,0,1,0,0,22,126,17.588253102266297,0.5617464832170379,1,6,0,0,0,0,0,0,1,0,6,0,0,0,0,0,0,1,0,0,0,7,0,0,0,0,0,0,0,1,0,0,0
8204,0,1,1,0,0,0,0,18,136,5.4963962147423295,7.184310767668463e-06,0,6,0,0,0,0,0,0,1,0,6,0,0,0,0,0,0,1,0,0,0,7,0,0,0,0,0,0,0,1,0,0,0
8205,0,1,1,0,0,0,0,22,112,23.870151753920158,0.9985433404955152,1,6,0,0,0,0,0,0,1,0,6,0,0,0,0,0,0,1,0,0,0,7,0,0,0,0,0,0,0,1,0,0,0
8208,0,0,0,0,0,0,0,5,112,30.68302473734453,0.9999983960261336,1,2,0,0,1,0,0,0,0,0,6,0,0,0,0,0,0,1,0,0,0,7,0,0,0,0,0,0,0,1,0,0,1
8209,0,0,1,1,0,0,0,4,113,23.876393809858197,0.9985523916050189,1,0,1,0,0,0,0,0,0,0,6,0,0,0,0,0,0,1,0,0,0,7,0,0,0,0,0,0,0,1,0,0,0
8210,0,1,1,0,0,1,0,23,152,27.65690966415036,0.9999669319412112,1,4,0,0,0,0,1,0,0,0,9,0,0,0,0,0,0,0,0,0,1,7,0,0,0,0,0,0,0,1,0,0,0
8211,1,0,0,1,0,0,0,3,50,19.709215517535185,0.9144495091936208,1,6,0,0,0,0,0,0,1,0,6,0,0,0,0,0,0,1,0,0,0,7,0,0,0,0,0,0,0,1,0,0,0
8212,0,0,0,1,0,0,2,3,81,17.60051327576575,0.5647624621665682,1,6,0,0,0,0,0,0,1,0,6,0,0,0,0,0,0,1,0,0,0,7,0,0,0,0,0,0,0,1,0,0,0
8213,0,0,1,0,1,0,0,13,134,12.093982660356323,0.00524084796153567,0,6,0,0,0,0,0,0,1,0,6,0,0,0,0,0,0,1,0,0,0,7,0,0,0,0,0,0,0,1,0,0,0
8214,0,1,1,1,1,0,0,17,147,3.819337803234294,1.3429209006174691e-06,0,6,0,0,0,0,0,0,1,0,6,0,0,0,0,0,0,1,0,0,0,7,0,0,0,0,0,0,0,1,0,0,0
8215,0,1,1,1,0,0,0,13,101,10.803015293265997,0.0014467544975461926,0,6,0,0,0,0,0,0,1,0,6,0,0,0,0,0,0,1,0,0,0,7,0,0,0,0,0,0,0,1,0,0,0
8216,0,1,1,0,0,0,0,20,142,19.670662567654137,0.9113848619497816,1,6,0,0,0,0,0,0,1,0,6,0,0,0,0,0,0,1,0,0,0,7,0,0,0,0,0,0,0,1,0,0,0
8217,0,0,0,1,0,0,0,16,138,16.90171374385189,0.3921493957828141,0,4,0,0,0,0,1,0,0,0,9,0,0,0,0,0,0,0,0,0,1,4,0,0,0,0,1,0,0,0,0,0,0
8218,1,1,1,0,0,0,0,17,97,17.588253102266297,0.5617464832170379,1,6,0,0,0,0,0,0,1,0,6,0,0,0,0,0,0,1,0,0,0,7,0,0,0,0,0,0,0,1,0,0,0
8219,0,1,1,0,0,0,0,11,101,12.386628185577367,0.007010077113049005,0,6,0,0,0,0,0,0,1,0,6,0,0,0,0,0,0,1,0,0,0,7,0,0,0,0,0,0,0,1,0,0,0
8221,0,0,1,1,0,2,0,15,96,13.426773595993755,0.019584723122907103,0,4,0,0,0,0,1,0,0,0,9,0,0,0,0,0,0,0,0,0,1,7,0,0,0,0,0,0,0,1,0,0,0
8223,0,1,0,1,0,0,0,18,131,50.76268747398442,0.9999999999999968,1,4,0,0,0,0,1,0,0,0,9,0,0,0,0,0,0,0,0,0,1,7,0,0,0,0,0,0,0,1,0,0,0
8224,0,0,0,0,0,0,0,4,132,41.15568557172252,0.999999999954608,1,4,0,0,0,0,1,0,0,0,9,0,0,0,0,0,0,0,0,0,1,7,0,0,0,0,0,0,0,1,0,0,0
8225,0,1,1,1,0,3,0,32,158,11.955142129611106,0.004564561250977374,0,4,0,0,0,0,1,0,0,0,9,0,0,0,0,0,0,0,0,0,1,4,0,0,0,0,1,0,0,0,0,0,0
8226,0,0,0,0,0,0,1,6,158,50.93022405048389,0.9999999999999972,1,2,0,0,1,0,0,0,0,0,8,0,0,0,0,0,0,0,0,1,0,7,0,0,0,0,0,0,0,1,0,0,0
8231,0,1,1,0,0,1,0,17,156,9.803431858646114,0.0005329402594432252,0,6,0,0,0,0,0,0,1,0,6,0,0,0,0,0,0,1,0,0,0,7,0,0,0,0,0,0,0,1,0,0,0
8232,0,1,1,0,0,0,0,21,111,17.588253102266297,0.5617464832170379,1,6,0,0,0,0,0,0,1,0,6,0,0,0,0,0,0,1,0,0,0,7,0,0,0,0,0,0,0,1,0,0,0
8234,1,1,0,1,0,0,0,7,166,97.47315610779094,1.0,1,3,0,0,0,1,0,0,0,0,6,0,0,0,0,0,0,1,0,0,0,7,0,0,0,0,0,0,0,1,0,0,1
8235,0,1,0,1,0,1,0,18,145,61.80078297030715,1.0,1,4,0,0,0,0,1,0,0,0,9,0,0,0,0,0,0,0,0,0,1,4,0,0,0,0,1,0,0,0,0,0,0
8236,0,1,1,0,0,0,0,30,148,19.90378289089676,0.9284940222033428,1,4,0,0,0,0,1,0,0,0,9,0,0,0,0,0,0,0,0,0,1,7,0,0,0,0,0,0,0,1,0,0,0
8237,1,1,1,0,0,0,0,10,127,77.26530728592599,1.0,1,6,0,0,0,0,0,0,1,0,6,0,0,0,0,0,0,1,0,0,0,7,0,0,0,0,0,0,0,1,0,0,1
8238,0,0,0,0,0,0,0,12,78,15.289980050313302,0.1140503654904785,0,1,0,1,0,0,0,0,0,0,4,0,0,0,0,1,0,0,0,0,0,7,0,0,0,0,0,0,0,1,0,0,1
8239,1,0,1,0,0,0,0,13,150,117.09599294684858,1.0,1,1,0,1,0,0,0,0,0,0,6,0,0,0,0,0,0,1,0,0,0,7,0,0,0,0,0,0,0,1,0,0,1
8240,0,1,1,1,1,0,0,20,143,4.102263817528755,1.782064624293724e-06,0,6,0,0,0,0,0,0,1,0,6,0,0,0,0,0,0,1,0,0,0,7,0,0,0,0,0,0,0,1,0,0,0
8241,0,1,1,0,1,0,2,10,82,4.030802948227784,1.6591606584068453e-06,0,7,0,0,0,0,0,0,0,1,0,1,0,0,0,0,0,0,0,0,0,7,0,0,0,0,0,0,0,1,0,0,0
8242,1,0,0,0,0,0,0,3,158,61.616486321436604,1.0,1,6,0,0,0,0,0,0,1,0,6,0,0,0,0,0,0,1,0,0,0,7,0,0,0,0,0,0,0,1,0,0,1
8243,0,1,0,0,0,0,0,7,152,65.71805370756744,1.0,1,3,0,0,0,1,0,0,0,0,6,0,0,0,0,0,0,1,0,0,0,7,0,0,0,0,0,0,0,1,0,0,1
8244,1,1,0,0,0,0,1,3,98,53.16059619023778,0.9999999999999998,1,6,0,0,0,0,0,0,1,0,6,0,0,0,0,0,0,1,0,0,0,7,0,0,0,0,0,0,0,1,0,0,1
8245,0,0,0,0,1,0,0,5,62,18.430938424201795,0.7485583918105697,1,6,0,0,0,0,0,0,1,0,6,0,0,0,0,0,0,1,0,0,0,7,0,0,0,0,0,0,0,1,0,0,1
8246,1,0,0,0,0,0,0,21,119,89.97283603040302,1.0,1,6,0,0,0,0,0,0,1,0,6,0,0,0,0,0,0,1,0,0,0,7,0,0,0,0,0,0,0,1,0,0,1
8247,1,0,0,0,1,0,0,1,82,6.93690538865731,3.0337531477514482e-05,0,6,0,0,0,0,0,0,1,0,6,0,0,0,0,0,0,1,0,0,0,7,0,0,0,0,0,0,0,1,0,0,1
8250,1,1,1,0,1,0,0,5,127,41.80708213628572,0.9999999999763364,1,5,0,0,0,0,0,1,0,0,1,0,1,0,0,0,0,0,0,0,0,7,0,0,0,0,0,0,0,1,0,0,1
8251,0,0,0,0,0,0,0,1,68,19.977049872237114,0.9332083161640224,1,6,0,0,0,0,0,0,1,0,6,0,0,0,0,0,0,1,0,0,0,7,0,0,0,0,0,0,0,1,0,0,0
8252,0,1,1,1,1,0,0,14,155,33.21008710545217,0.9999998718529282,1,6,0,0,0,0,0,0,1,0,6,0,0,0,0,0,0,1,0,0,0,7,0,0,0,0,0,0,0,1,0,0,1
8253,0,0,0,1,0,0,0,4,128,50.91525734382355,0.9999999999999972,1,6,0,0,0,0,0,0,1,0,6,0,0,0,0,0,0,1,0,0,0,7,0,0,0,0,0,0,0,1,0,0,1
8254,1,0,1,1,1,0,0,20,135,4.083473475913471,1.748891720921976e-06,0,4,0,0,0,0,1,0,0,0,9,0,0,0,0,0,0,0,0,0,1,7,0,0,0,0,0,0,0,1,0,0,1
8256,1,0,1,0,0,0,0,4,96,102.1954370539588,1.0,1,6,0,0,0,0,0,0,1,0,6,0,0,0,0,0,0,1,0,0,0,7,0,0,0,0,0,0,0,1,0,0,1
8257,1,0,0,0,0,0,0,2,81,33.50958121173744,0.9999999050182724,1,6,0,0,0,0,0,0,1,0,6,0,0,0,0,0,0,1,0,0,0,7,0,0,0,0,0,0,0,1,0,0,1
8258,0,0,0,1,0,0,0,7,118,24.22344149997039,0.998976436985587,1,4,0,0,0,0,1,0,0,0,9,0,0,0,0,0,0,0,0,0,1,7,0,0,0,0,0,0,0,1,0,0,1
8259,1,0,0,1,0,0,0,17,155,94.15857770086888,1.0,1,6,0,0,0,0,0,0,1,0,6,0,0,0,0,0,0,1,0,0,0,7,0,0,0,0,0,0,0,1,0,0,1
8261,1,1,0,0,1,0,0,6,183,198.07550645312386,1.0,1,6,0,0,0,0,0,0,1,0,6,0,0,0,0,0,0,1,0,0,0,7,0,0,0,0,0,0,0,1,0,0,1
8262,1,1,1,0,1,0,0,24,154,99.57202148827466,1.0,1,6,0,0,0,0,0,0,1,0,6,0,0,0,0,0,0,1,0,0,0,7,0,0,0,0,0,0,0,1,0,0,1
8264,0,0,0,0,0,0,0,5,112,34.68414744316401,0.999999970655112,1,4,0,0,0,0,1,0,0,0,9,0,0,0,0,0,0,0,0,0,1,5,0,0,0,0,0,1,0,0,0,0,1
8266,1,1,0,1,0,1,0,6,148,35.384627861562116,0.9999999854347588,1,6,0,0,0,0,0,0,1,0,6,0,0,0,0,0,0,1,0,0,0,7,0,0,0,0,0,0,0,1,0,0,1
8267,0,0,0,0,0,0,0,2,37,5.588203836017028,7.875105007002107e-06,0,6,0,0,0,0,0,0,1,0,6,0,0,0,0,0,0,1,0,0,0,7,0,0,0,0,0,0,0,1,0,0,1
8270,1,1,0,1,0,0,0,5,88,5.640689378643877,8.299469832034143e-06,0,2,0,0,1,0,0,0,0,0,6,0,0,0,0,0,0,1,0,0,0,7,0,0,0,0,0,0,0,1,0,0,1
8271,0,1,0,1,0,0,2,3,85,11.703996297060796,0.0035544161912749368,0,6,0,0,0,0,0,0,1,0,6,0,0,0,0,0,0,1,0,0,0,7,0,0,0,0,0,0,0,1,0,0,1
8274,1,1,1,0,0,0,0,11,148,82.77551561569602,1.0,1,6,0,0,0,0,0,0,1,0,6,0,0,0,0,0,0,1,0,0,0,7,0,0,0,0,0,0,0,1,0,0,1
8276,0,0,0,1,0,0,3,2,94,18.742434979719363,0.8025699987705897,1,4,0,0,0,0,1,0,0,0,9,0,0,0,0,0,0,0,0,0,1,7,0,0,0,0,0,0,0,1,0,0,1
8278,1,0,0,1,0,0,0,1,85,75.23993404285487,1.0,1,6,0,0,0,0,0,0,1,0,6,0,0,0,0,0,0,1,0,0,0,7,0,0,0,0,0,0,0,1,0,0,1
8279,1,0,0,0,1,2,0,4,145,147.25469988591144,1.0,1,6,0,0,0,0,0,0,1,0,6,0,0,0,0,0,0,1,0,0,0,7,0,0,0,0,0,0,0,1,0,0,1
8280,0,0,0,1,0,0,4,4,173,41.35969103407355,0.9999999999629848,1,1,0,1,0,0,0,0,0,0,7,0,0,0,0,0,0,0,1,0,0,6,0,0,0,0,0,0,1,0,0,0,1
8283,1,1,0,1,0,0,0,7,166,116.37783646687704,1.0,1,4,0,0,0,0,1,0,0,0,9,0,0,0,0,0,0,0,0,0,1,7,0,0,0,0,0,0,0,1,0,0,1
8284,1,1,0,1,0,0,0,4,131,84.5451079157003,1.0,1,6,0,0,0,0,0,0,1,0,6,0,0,0,0,0,0,1,0,0,0,7,0,0,0,0,0,0,0,1,0,0,1
8285,1,0,0,0,0,0,0,5,96,20.168874537373306,0.9442163515202684,1,1,0,1,0,0,0,0,0,0,4,0,0,0,0,1,0,0,0,0,0,7,0,0,0,0,0,0,0,1,0,0,1
8286,1,1,0,0,0,0,0,7,112,50.03878260305577,0.9999999999999938,1,1,0,1,0,0,0,0,0,0,7,0,0,0,0,0,0,0,1,0,0,6,0,0,0,0,0,0,1,0,0,0,1
8287,1,1,1,0,1,0,0,7,143,49.588250924876725,0.9999999999999902,1,6,0,0,0,0,0,0,1,0,6,0,0,0,0,0,0,1,0,0,0,7,0,0,0,0,0,0,0,1,0,0,1
8288,0,0,1,1,1,0,0,16,133,4.306518134636675,2.185897516047881e-06,0,4,0,0,0,0,1,0,0,0,9,0,0,0,0,0,0,0,0,0,1,7,0,0,0,0,0,0,0,1,0,0,1
8289,1,1,0,0,0,0,0,8,177,145.55205101547588,1.0,1,6,0,0,0,0,0,0,1,0,6,0,0,0,0,0,0,1,0,0,0,7,0,0,0,0,0,0,0,1,0,0,1
8291,1,1,0,1,0,0,0,4,169,137.591948249692,1.0,1,4,0,0,0,0,1,0,0,0,9,0,0,0,0,0,0,0,0,0,1,2,0,0,1,0,0,0,0,0,0,0,1
8292,0,0,0,1,0,0,0,7,124,29.44367656024266,0.9999944609197968,1,4,0,0,0,0,1,0,0,0,9,0,0,0,0,0,0,0,0,0,1,7,0,0,0,0,0,0,0,1,0,0,0
8294,0,1,1,1,0,0,1,22,160,40.84814899278778,0.9999999999382636,1,0,1,0,0,0,0,0,0,0,5,0,0,0,0,0,1,0,0,0,0,7,0,0,0,0,0,0,0,1,0,0,1
8295,0,0,0,0,0,0,1,3,121,43.532624097193136,0.9999999999957859,1,6,0,0,0,0,0,0,1,0,6,0,0,0,0,0,0,1,0,0,0,7,0,0,0,0,0,0,0,1,0,0,0
8296,1,1,1,1,0,0,0,6,146,30.164967203320106,0.9999973073100864,1,6,0,0,0,0,0,0,1,0,6,0,0,0,0,0,0,1,0,0,0,7,0,0,0,0,0,0,0,1,0,0,1
8297,0,1,1,1,0,0,0,6,146,30.164967203320106,0.9999973073100864,1,6,0,0,0,0,0,0,1,0,6,0,0,0,0,0,0,1,0,0,0,7,0,0,0,0,0,0,0,1,0,0,1
8298,0,0,0,0,0,0,2,2,153,42.50616614714677,0.9999999999882384,1,6,0,0,0,0,0,0,1,0,6,0,0,0,0,0,0,1,0,0,0,7,0,0,0,0,0,0,0,1,0,0,0
8300,0,1,1,0,1,0,0,5,146,28.455865421868328,0.999985125768864,1,6,0,0,0,0,0,0,1,0,6,0,0,0,0,0,0,1,0,0,0,7,0,0,0,0,0,0,0,1,0,0,0
8301,0,1,1,0,1,0,1,16,114,11.988284636048846,0.004717651444018992,0,0,1,0,0,0,0,0,0,0,6,0,0,0,0,0,0,1,0,0,0,7,0,0,0,0,0,0,0,1,0,0,1
8304,0,1,1,0,0,0,1,22,151,37.90665808011792,0.9999999988304632,1,6,0,0,0,0,0,0,1,0,6,0,0,0,0,0,0,1,0,0,0,7,0,0,0,0,0,0,0,1,0,0,1
8309,1,1,1,0,1,0,1,19,114,15.244910908319481,0.10957505257474164,0,1,0,1,0,0,0,0,0,0,6,0,0,0,0,0,0,1,0,0,0,7,0,0,0,0,0,0,0,1,0,0,1
8310,0,1,1,0,0,0,0,6,150,32.11619294261991,0.9999996173684516,1,6,0,0,0,0,0,0,1,0,6,0,0,0,0,0,0,1,0,0,0,7,0,0,0,0,0,0,0,1,0,0,0
8311,1,1,0,1,0,0,0,8,132,84.27706360232186,1.0,1,4,0,0,0,0,1,0,0,0,9,0,0,0,0,0,0,0,0,0,1,7,0,0,0,0,0,0,0,1,0,0,1
8312,0,1,1,0,0,0,1,16,93,15.220629334659565,0.10722830205068186,0,2,0,0,1,0,0,0,0,0,6,0,0,0,0,0,0,1,0,0,0,7,0,0,0,0,0,0,0,1,0,0,1
8314,1,1,1,0,1,0,1,19,109,13.89751636404994,0.03099380569989558,0,4,0,0,0,0,1,0,0,0,2,0,0,1,0,0,0,0,0,0,0,3,0,0,0,1,0,0,0,0,0,0,1
8315,1,1,1,0,0,0,0,8,139,106.80766711604308,1.0,1,6,0,0,0,0,0,0,1,0,6,0,0,0,0,0,0,1,0,0,0,7,0,0,0,0,0,0,0,1,0,0,1
8317,1,1,1,0,1,0,1,16,102,15.244910908319481,0.10957505257474164,0,6,0,0,0,0,0,0,1,0,6,0,0,0,0,0,0,1,0,0,0,7,0,0,0,0,0,0,0,1,0,0,1
8318,1,1,1,0,0,0,0,16,148,102.48260967013195,1.0,1,4,0,0,0,0,1,0,0,0,9,0,0,0,0,0,0,0,0,0,1,7,0,0,0,0,0,0,0,1,0,0,1
8320,0,1,1,0,1,0,1,17,117,16.750468136560063,0.3567422737778373,0,4,0,0,0,0,1,0,0,0,9,0,0,0,0,0,0,0,0,0,1,7,0,0,0,0,0,0,0,1,0,0,1
8321,0,1,1,0,0,0,1,20,176,49.020567523756455,0.9999999999999828,1,1,0,1,0,0,0,0,0,0,6,0,0,0,0,0,0,1,0,0,0,7,0,0,0,0,0,0,0,1,0,0,1
8324,0,0,0,0,0,0,0,4,50,13.253574910571988,0.016521632011103713,0,2,0,0,1,0,0,0,0,0,8,0,0,0,0,0,0,0,0,1,0,7,0,0,0,0,0,0,0,1,0,0,0
8329,1,1,1,0,1,0,1,21,105,16.95246617722073,0.40431112336455305,0,0,1,0,0,0,0,0,0,0,6,0,0,0,0,0,0,1,0,0,0,7,0,0,0,0,0,0,0,1,0,0,1
8330,1,1,1,0,1,0,1,22,128,14.078538442382962,0.03691720941080108,0,4,0,0,0,0,1,0,0,0,2,0,0,1,0,0,0,0,0,0,0,7,0,0,0,0,0,0,0,1,0,0,1
8332,0,1,1,0,0,0,1,20,147,18.41085009040151,0.7447585458984042,1,4,0,0,0,0,1,0,0,0,9,0,0,0,0,0,0,0,0,0,1,0,1,0,0,0,0,0,0,0,0,0,1
8334,1,1,1,0,1,0,1,21,124,23.07693399685341,0.9967857249889964,1,4,0,0,0,0,1,0,0,0,9,0,0,0,0,0,0,0,0,0,1,7,0,0,0,0,0,0,0,1,0,0,1
8335,0,1,1,0,0,0,1,19,112,14.185459920926215,0.040912758689391066,0,4,0,0,0,0,1,0,0,0,9,0,0,0,0,0,0,0,0,0,1,7,0,0,0,0,0,0,0,1,0,0,1
8337,0,1,1,0,0,0,1,16,146,44.423875419275035,0.9999999999982716,1,6,0,0,0,0,0,0,1,0,6,0,0,0,0,0,0,1,0,0,0,7,0,0,0,0,0,0,0,1,0,0,1
8339,0,1,1,0,0,0,0,5,103,2.009363938403866,2.197805515497939e-07,0,4,0,0,0,0,1,0,0,0,9,0,0,0,0,0,0,0,0,0,1,7,0,0,0,0,0,0,0,1,0,0,1
8341,0,1,1,0,1,0,1,29,121,19.87696859771873,0.9266931606701618,1,4,0,0,0,0,1,0,0,0,9,0,0,0,0,0,0,0,0,0,1,7,0,0,0,0,0,0,0,1,0,0,1
8344,0,0,0,1,0,0,0,5,142,85.94829942433016,1.0,1,6,0,0,0,0,0,0,1,0,6,0,0,0,0,0,0,1,0,0,0,0,1,0,0,0,0,0,0,0,0,0,0
8345,0,1,1,0,0,0,0,11,102,18.63943617899329,0.7857400775979777,1,4,0,0,0,0,1,0,0,0,9,0,0,0,0,0,0,0,0,0,1,7,0,0,0,0,0,0,0,1,0,0,0
8346,0,0,0,0,0,0,4,1,28,0.9685819774593616,7.76217550734952e-08,0,6,0,0,0,0,0,0,1,0,6,0,0,0,0,0,0,1,0,0,0,7,0,0,0,0,0,0,0,1,0,0,0
8347,0,0,0,0,1,0,0,2,58,3.0725228546386267,6.363750273560482e-07,0,1,0,1,0,0,0,0,0,0,6,0,0,0,0,0,0,1,0,0,0,7,0,0,0,0,0,0,0,1,0,0,0
8348,0,0,0,0,0,0,0,31,163,240.16844733232782,1.0,1,2,0,0,1,0,0,0,0,0,8,0,0,0,0,0,0,0,0,1,0,7,0,0,0,0,0,0,0,1,0,0,0
8349,0,0,0,0,0,0,4,0,52,7.146321530451879,3.740463708929101e-05,0,4,0,0,0,0,1,0,0,0,9,0,0,0,0,0,0,0,0,0,1,8,0,0,0,0,0,0,0,0,1,0,0
8350,0,1,0,1,1,0,0,10,90,7.034333669538798,3.344193946882865e-05,0,6,0,0,0,0,0,0,1,0,6,0,0,0,0,0,0,1,0,0,0,2,0,0,1,0,0,0,0,0,0,0,0
8351,0,1,0,0,0,0,0,0,87,9.617455167592189,0.0004425365637794998,0,4,0,0,0,0,1,0,0,0,9,0,0,0,0,0,0,0,0,0,1,7,0,0,0,0,0,0,0,1,0,0,0
8352,0,0,0,0,0,0,0,1,31,1.2697695940680656,1.0490291738397293e-07,0,6,0,0,0,0,0,0,1,0,6,0,0,0,0,0,0,1,0,0,0,7,0,0,0,0,0,0,0,1,0,0,0
8355,0,0,0,0,0,0,0,2,123,32.098994920207126,0.9999996107310366,1,6,0,0,0,0,0,0,1,0,6,0,0,0,0,0,0,1,0,0,0,7,0,0,0,0,0,0,0,1,0,0,0
8356,0,0,0,0,0,0,0,1,114,13.334290230334013,0.017885637046713282,0,6,0,0,0,0,0,0,1,0,6,0,0,0,0,0,0,1,0,0,0,7,0,0,0,0,0,0,0,1,0,0,0
8360,0,1,1,0,1,0,3,8,146,11.221801669605034,0.0021975804285611594,0,6,0,0,0,0,0,0,1,0,6,0,0,0,0,0,0,1,0,0,0,7,0,0,0,0,0,0,0,1,0,0,0
8361,0,1,0,1,0,0,0,0,44,1.2701615286705934,1.04944040521151e-07,0,6,0,0,0,0,0,0,1,0,6,0,0,0,0,0,0,1,0,0,0,7,0,0,0,0,0,0,0,1,0,0,0
8362,0,0,0,0,0,1,0,0,113,32.544147466779506,0.9999997505850138,1,2,0,0,1,0,0,0,0,0,8,0,0,0,0,0,0,0,0,1,0,7,0,0,0,0,0,0,0,1,0,0,0
8363,1,1,1,0,0,0,0,19,103,14.557653322881714,0.058285616587949125,0,4,0,0,0,0,1,0,0,0,9,0,0,0,0,0,0,0,0,0,1,7,0,0,0,0,0,0,0,1,0,0,1
8364,0,1,0,0,0,1,0,3,57,6.716895427347739,2.4346342640360502e-05,0,6,0,0,0,0,0,0,1,0,6,0,0,0,0,0,0,1,0,0,0,7,0,0,0,0,0,0,0,1,0,0,0
8365,0,0,0,0,0,0,0,4,77,21.00552299433169,0.9750477633488481,1,7,0,0,0,0,0,0,0,1,6,0,0,0,0,0,0,1,0,0,0,7,0,0,0,0,0,0,0,1,0,0,0
8366,0,0,0,0,0,0,1,6,103,14.81537498455156,0.07414980437366399,0,4,0,0,0,0,1,0,0,0,9,0,0,0,0,0,0,0,0,0,1,7,0,0,0,0,0,0,0,1,0,0,0
8367,0,1,1,0,1,0,0,6,96,8.98248643679759,0.00023457195737369718,0,2,0,0,1,0,0,0,0,0,8,0,0,0,0,0,0,0,0,1,0,7,0,0,0,0,0,0,0,1,0,0,0
8368,0,0,0,0,0,0,0,77,123,602.1469584972648,1.0,1,6,0,0,0,0,0,0,1,0,6,0,0,0,0,0,0,1,0,0,0,7,0,0,0,0,0,0,0,1,0,0,0
8369,0,0,0,0,0,0,2,5,64,9.053602607576133,0.0002518569523333885,0,4,0,0,0,0,1,0,0,0,9,0,0,0,0,0,0,0,0,0,1,7,0,0,0,0,0,0,0,1,0,0,0
8370,0,0,0,0,0,0,2,3,118,16.273417954588332,0.2560536278595237,0,6,0,0,0,0,0,0,1,0,6,0,0,0,0,0,0,1,0,0,0,7,0,0,0,0,0,0,0,1,0,0,0
8371,0,0,0,0,0,0,2,1,107,15.303024858391785,0.11537510124353788,0,6,0,0,0,0,0,0,1,0,6,0,0,0,0,0,0,1,0,0,0,7,0,0,0,0,0,0,0,1,0,0,0
8372,0,0,0,0,0,0,0,3,65,13.209790657629485,0.01582505320853771,0,6,0,0,0,0,0,0,1,0,6,0,0,0,0,0,0,1,0,0,0,7,0,0,0,0,0,0,0,1,0,0,0
8374,0,0,0,0,0,0,0,6,38,3.625453955268591,1.1062361605186177e-06,0,6,0,0,0,0,0,0,1,0,6,0,0,0,0,0,0,1,0,0,0,7,0,0,0,0,0,0,0,1,0,0,0
8375,0,1,0,1,0,0,1,3,133,40.468295729239294,0.9999999999097372,1,4,0,0,0,0,1,0,0,0,2,0,0,1,0,0,0,0,0,0,0,7,0,0,0,0,0,0,0,1,0,0,0
8377,0,0,0,0,0,0,0,1,46,3.6254529894903063,1.1062350921414544e-06,0,6,0,0,0,0,0,0,1,0,6,0,0,0,0,0,0,1,0,0,0,7,0,0,0,0,0,0,0,1,0,0,0
8378,0,1,1,0,0,0,0,9,114,40.63473198630368,0.9999999999235768,1,2,0,0,1,0,0,0,0,0,8,0,0,0,0,0,0,0,0,1,0,7,0,0,0,0,0,0,0,1,0,0,0
8382,0,1,1,1,0,0,0,8,75,4.580575836115452,2.875088679988247e-06,0,4,0,0,0,0,1,0,0,0,9,0,0,0,0,0,0,0,0,0,1,2,0,0,1,0,0,0,0,0,0,0,0
8383,0,1,1,1,0,0,0,27,119,9.191787734674165,0.00028916836098799494,0,7,0,0,0,0,0,0,0,1,6,0,0,0,0,0,0,1,0,0,0,7,0,0,0,0,0,0,0,1,0,0,0
8385,0,0,0,1,0,0,0,7,113,15.967540910310305,0.2022228340256386,0,6,0,0,0,0,0,0,1,0,6,0,0,0,0,0,0,1,0,0,0,7,0,0,0,0,0,0,0,1,0,0,0
8386,0,0,0,1,0,1,0,8,63,9.416760059507999,0.0003620956691140396,0,6,0,0,0,0,0,0,1,0,6,0,0,0,0,0,0,1,0,0,0,7,0,0,0,0,0,0,0,1,0,0,0
8387,0,0,0,1,0,0,0,19,191,56.102922093116476,1.0,1,6,0,0,0,0,0,0,1,0,6,0,0,0,0,0,0,1,0,0,0,7,0,0,0,0,0,0,0,1,0,0,0
8388,0,0,0,0,0,0,2,2,80,7.0366440805695705,3.351929082711957e-05,0,6,0,0,0,0,0,0,1,0,6,0,0,0,0,0,0,1,0,0,0,7,0,0,0,0,0,0,0,1,0,0,0
8389,0,0,0,0,0,0,2,6,127,42.51147925774346,0.9999999999883004,1,6,0,0,0,0,0,0,1,0,6,0,0,0,0,0,0,1,0,0,0,0,1,0,0,0,0,0,0,0,0,0,0
8390,0,0,0,0,0,0,0,6,51,8.117629379277536,9.879442123631184e-05,0,4,0,0,0,0,1,0,0,0,9,0,0,0,0,0,0,0,0,0,1,7,0,0,0,0,0,0,0,1,0,0,0
8391,0,0,0,0,0,0,0,6,65,5.269978681653526,5.7286706807894206e-06,0,6,0,0,0,0,0,0,1,0,6,0,0,0,0,0,0,1,0,0,0,7,0,0,0,0,0,0,0,1,0,0,0
8392,0,1,0,1,0,0,0,11,104,12.898132892214685,0.01163692241364754,0,6,0,0,0,0,0,0,1,0,6,0,0,0,0,0,0,1,0,0,0,7,0,0,0,0,0,0,0,1,0,0,0
8393,1,1,1,0,0,0,0,18,105,87.41406119655541,1.0,1,6,0,0,0,0,0,0,1,0,6,0,0,0,0,0,0,1,0,0,0,7,0,0,0,0,0,0,0,1,0,0,1
8394,1,1,1,0,0,0,0,17,102,74.49268477356487,1.0,1,6,0,0,0,0,0,0,1,0,6,0,0,0,0,0,0,1,0,0,0,7,0,0,0,0,0,0,0,1,0,0,1
8396,0,1,0,1,0,0,0,6,163,67.44164131871325,1.0,1,4,0,0,0,0,1,0,0,0,9,0,0,0,0,0,0,0,0,0,1,7,0,0,0,0,0,0,0,1,0,0,0
8397,1,1,1,0,0,0,0,18,102,74.49268477356487,1.0,1,6,0,0,0,0,0,0,1,0,6,0,0,0,0,0,0,1,0,0,0,7,0,0,0,0,0,0,0,1,0,0,1
8399,0,1,1,1,0,0,0,12,90,15.612293690114177,0.15088120304545055,0,4,0,0,0,0,1,0,0,0,9,0,0,0,0,0,0,0,0,0,1,7,0,0,0,0,0,0,0,1,0,0,0
8400,1,0,1,0,0,0,0,18,105,87.41406119655541,1.0,1,6,0,0,0,0,0,0,1,0,6,0,0,0,0,0,0,1,0,0,0,7,0,0,0,0,0,0,0,1,0,0,1
8401,1,1,1,0,0,0,0,21,111,94.67096386930835,1.0,1,6,0,0,0,0,0,0,1,0,6,0,0,0,0,0,0,1,0,0,0,7,0,0,0,0,0,0,0,1,0,0,1
8402,1,1,1,0,0,0,0,18,104,87.41406119655541,1.0,1,6,0,0,0,0,0,0,1,0,6,0,0,0,0,0,0,1,0,0,0,7,0,0,0,0,0,0,0,1,0,0,1
8404,1,1,1,0,0,0,0,21,105,87.41406119655541,1.0,1,6,0,0,0,0,0,0,1,0,6,0,0,0,0,0,0,1,0,0,0,7,0,0,0,0,0,0,0,1,0,0,1
8405,1,1,1,0,0,0,0,22,105,87.41406119655541,1.0,1,6,0,0,0,0,0,0,1,0,6,0,0,0,0,0,0,1,0,0,0,7,0,0,0,0,0,0,0,1,0,0,1
8406,1,1,1,0,0,0,0,13,149,105.69596687870222,1.0,1,6,0,0,0,0,0,0,1,0,6,0,0,0,0,0,0,1,0,0,0,7,0,0,0,0,0,0,0,1,0,0,1
8408,1,0,0,0,0,5,0,19,52,5.486146441542998,7.111049830725958e-06,0,4,0,0,0,0,1,0,0,0,6,0,0,0,0,0,0,1,0,0,0,7,0,0,0,0,0,0,0,1,0,0,1
8409,1,1,1,0,0,0,0,21,115,89.98979241668208,1.0,1,4,0,0,0,0,1,0,0,0,9,0,0,0,0,0,0,0,0,0,1,7,0,0,0,0,0,0,0,1,0,0,1
8410,1,1,1,0,0,0,0,19,105,87.41406119655541,1.0,1,6,0,0,0,0,0,0,1,0,6,0,0,0,0,0,0,1,0,0,0,7,0,0,0,0,0,0,0,1,0,0,1
8411,1,1,1,0,0,0,0,21,105,87.41406119655541,1.0,1,6,0,0,0,0,0,0,1,0,6,0,0,0,0,0,0,1,0,0,0,7,0,0,0,0,0,0,0,1,0,0,1
8412,1,1,1,0,0,0,0,19,105,87.41406119655541,1.0,1,6,0,0,0,0,0,0,1,0,6,0,0,0,0,0,0,1,0,0,0,7,0,0,0,0,0,0,0,1,0,0,1
8414,0,0,0,0,0,0,0,4,72,10.56262791767769,0.0011379684147513089,0,6,0,0,0,0,0,0,1,0,6,0,0,0,0,0,0,1,0,0,0,7,0,0,0,0,0,0,0,1,0,0,0
8415,1,0,1,0,1,0,0,28,156,59.01983444515223,1.0,1,0,1,0,0,0,0,0,0,0,6,0,0,0,0,0,0,1,0,0,0,7,0,0,0,0,0,0,0,1,0,0,1
8416,1,1,1,0,0,0,0,20,115,89.98979241668208,1.0,1,4,0,0,0,0,1,0,0,0,9,0,0,0,0,0,0,0,0,0,1,7,0,0,0,0,0,0,0,1,0,0,1
8418,1,1,1,0,0,0,0,19,105,87.41406119655541,1.0,1,6,0,0,0,0,0,0,1,0,6,0,0,0,0,0,0,1,0,0,0,7,0,0,0,0,0,0,0,1,0,0,1
8419,1,1,1,0,0,0,0,19,105,87.41406119655541,1.0,1,6,0,0,0,0,0,0,1,0,6,0,0,0,0,0,0,1,0,0,0,7,0,0,0,0,0,0,0,1,0,0,1
8422,1,1,1,0,0,0,0,21,105,87.41406119655541,1.0,1,6,0,0,0,0,0,0,1,0,6,0,0,0,0,0,0,1,0,0,0,7,0,0,0,0,0,0,0,1,0,0,1
8423,1,1,1,0,0,0,0,19,105,87.41406119655541,1.0,1,6,0,0,0,0,0,0,1,0,6,0,0,0,0,0,0,1,0,0,0,7,0,0,0,0,0,0,0,1,0,0,1
8425,0,0,0,1,0,0,0,7,110,16.023176644133805,0.21134728978585648,0,6,0,0,0,0,0,0,1,0,6,0,0,0,0,0,0,1,0,0,0,7,0,0,0,0,0,0,0,1,0,0,0
8428,1,1,1,0,0,0,0,20,105,87.41406119655541,1.0,1,6,0,0,0,0,0,0,1,0,6,0,0,0,0,0,0,1,0,0,0,7,0,0,0,0,0,0,0,1,0,0,1
8429,1,1,1,0,0,0,0,17,102,74.49268477356487,1.0,1,6,0,0,0,0,0,0,1,0,6,0,0,0,0,0,0,1,0,0,0,7,0,0,0,0,0,0,0,1,0,0,1
8430,0,0,1,0,0,4,0,25,76,7.296994357067063,4.3486973223206976e-05,0,4,0,0,0,0,1,0,0,0,9,0,0,0,0,0,0,0,0,0,1,7,0,0,0,0,0,0,0,1,0,0,1
8431,1,1,1,0,0,0,0,20,105,87.41406119655541,1.0,1,6,0,0,0,0,0,0,1,0,6,0,0,0,0,0,0,1,0,0,0,7,0,0,0,0,0,0,0,1,0,0,1
8432,1,1,1,0,0,0,0,23,105,87.41406119655541,1.0,1,6,0,0,0,0,0,0,1,0,6,0,0,0,0,0,0,1,0,0,0,7,0,0,0,0,0,0,0,1,0,0,1
8433,1,0,1,0,0,0,0,21,105,87.41406119655541,1.0,1,6,0,0,0,0,0,0,1,0,6,0,0,0,0,0,0,1,0,0,0,7,0,0,0,0,0,0,0,1,0,0,1
8434,1,1,0,0,0,1,0,14,116,22.257720972005547,0.992737347263604,1,0,1,0,0,0,0,0,0,0,6,0,0,0,0,0,0,1,0,0,0,7,0,0,0,0,0,0,0,1,0,0,1
8435,1,1,1,0,0,0,0,24,105,87.41406119655541,1.0,1,6,0,0,0,0,0,0,1,0,6,0,0,0,0,0,0,1,0,0,0,7,0,0,0,0,0,0,0,1,0,0,1
8436,0,0,0,1,0,0,1,9,82,3.6276513447557934,1.1086696622294705e-06,0,2,0,0,1,0,0,0,0,0,6,0,0,0,0,0,0,1,0,0,0,7,0,0,0,0,0,0,0,1,0,0,0
8437,0,0,0,0,0,0,0,5,100,21.996294210899787,0.9905878226255582,1,2,0,0,1,0,0,0,0,0,8,0,0,0,0,0,0,0,0,1,0,7,0,0,0,0,0,0,0,1,0,0,0
8440,0,0,1,0,0,0,0,12,101,5.167145373243868,5.168852768963075e-06,0,6,0,0,0,0,0,0,1,0,6,0,0,0,0,0,0,1,0,0,0,7,0,0,0,0,0,0,0,1,0,0,0
8441,1,1,1,0,0,0,0,19,105,87.41406119655541,1.0,1,6,0,0,0,0,0,0,1,0,6,0,0,0,0,0,0,1,0,0,0,7,0,0,0,0,0,0,0,1,0,0,1
8443,0,0,0,0,0,0,0,1,69,10.457872317594124,0.0010249072940856966,0,6,0,0,0,0,0,0,1,0,6,0,0,0,0,0,0,1,0,0,0,7,0,0,0,0,0,0,0,1,0,0,0
8444,0,1,0,1,0,0,2,9,109,23.342686895477858,0.9975339952445392,1,6,0,0,0,0,0,0,1,0,6,0,0,0,0,0,0,1,0,0,0,7,0,0,0,0,0,0,0,1,0,0,0
8445,0,0,0,0,0,0,0,5,149,37.56362218459131,0.999999998351866,1,6,0,0,0,0,0,0,1,0,6,0,0,0,0,0,0,1,0,0,0,7,0,0,0,0,0,0,0,1,0,0,0
8446,0,0,0,0,0,0,0,0,75,7.095135656378616,3.553828888600891e-05,0,6,0,0,0,0,0,0,1,0,6,0,0,0,0,0,0,1,0,0,0,7,0,0,0,0,0,0,0,1,0,0,0
8447,0,1,1,0,0,0,2,45,89,36.536936997217154,0.9999999953987462,1,6,0,0,0,0,0,0,1,0,6,0,0,0,0,0,0,1,0,0,0,7,0,0,0,0,0,0,0,1,0,0,0
8448,1,0,0,1,0,0,0,8,149,158.01592320964298,1.0,1,6,0,0,0,0,0,0,1,0,6,0,0,0,0,0,0,1,0,0,0,7,0,0,0,0,0,0,0,1,0,0,0
8450,1,0,1,0,0,0,2,36,162,85.79374927762737,1.0,1,4,0,0,0,0,1,0,0,0,6,0,0,0,0,0,0,1,0,0,0,7,0,0,0,0,0,0,0,1,0,0,0
8451,0,0,0,0,0,0,0,6,138,37.73193559429453,0.9999999986071804,1,6,0,0,0,0,0,0,1,0,6,0,0,0,0,0,0,1,0,0,0,7,0,0,0,0,0,0,0,1,0,0,0
8452,0,0,0,0,0,0,0,1,129,69.32315727602337,1.0,1,6,0,0,0,0,0,0,1,0,6,0,0,0,0,0,0,1,0,0,0,7,0,0,0,0,0,0,0,1,0,0,0
8453,0,0,0,1,0,0,0,1,90,5.7184642226444335,8.970718828797932e-06,0,6,0,0,0,0,0,0,1,0,6,0,0,0,0,0,0,1,0,0,0,7,0,0,0,0,0,0,0,1,0,0,0
8454,0,0,0,0,0,0,0,51,81,173.4462280061253,1.0,1,6,0,0,0,0,0,0,1,0,6,0,0,0,0,0,0,1,0,0,0,7,0,0,0,0,0,0,0,1,0,0,0
8455,0,0,0,0,0,0,0,7,120,29.47779758171021,0.9999946467298191,1,4,0,0,0,0,1,0,0,0,9,0,0,0,0,0,0,0,0,0,1,7,0,0,0,0,0,0,0,1,0,0,0
8457,0,0,0,0,0,0,6,4,140,70.74359272349217,1.0,1,6,0,0,0,0,0,0,1,0,6,0,0,0,0,0,0,1,0,0,0,7,0,0,0,0,0,0,0,1,0,0,0
8458,0,0,0,0,0,0,0,2,97,38.068233161641615,0.9999999990049552,1,6,0,0,0,0,0,0,1,0,6,0,0,0,0,0,0,1,0,0,0,7,0,0,0,0,0,0,0,1,0,0,0
8459,0,0,0,1,0,0,0,5,96,21.29235525319589,0.9811526411176532,1,6,0,0,0,0,0,0,1,0,6,0,0,0,0,0,0,1,0,0,0,7,0,0,0,0,0,0,0,1,0,0,0
8461,0,0,0,0,0,0,0,0,120,32.211954752166285,0.999999652310188,1,6,0,0,0,0,0,0,1,0,6,0,0,0,0,0,0,1,0,0,0,7,0,0,0,0,0,0,0,1,0,0,0
8463,0,1,0,0,0,0,0,0,93,16.265512242802185,0.2545505740694627,0,6,0,0,0,0,0,0,1,0,6,0,0,0,0,0,0,1,0,0,0,7,0,0,0,0,0,0,0,1,0,0,0
8464,0,1,1,0,0,0,0,10,147,28.685702996622076,0.99998817996774,1,4,0,0,0,0,1,0,0,0,9,0,0,0,0,0,0,0,0,0,1,7,0,0,0,0,0,0,0,1,0,0,0
8468,0,1,1,0,1,1,0,14,145,26.09265663311077,0.9998419840627786,1,4,0,0,0,0,1,0,0,0,9,0,0,0,0,0,0,0,0,0,1,7,0,0,0,0,0,0,0,1,0,0,0
8471,0,0,0,0,0,0,2,8,153,115.38534976600396,1.0,1,6,0,0,0,0,0,0,1,0,6,0,0,0,0,0,0,1,0,0,0,7,0,0,0,0,0,0,0,1,0,0,0
8472,1,0,0,0,1,0,0,7,133,47.62957568931201,0.99999999999993,1,4,0,0,0,0,1,0,0,0,9,0,0,0,0,0,0,0,0,0,1,7,0,0,0,0,0,0,0,1,0,0,0
8473,0,0,0,0,0,0,0,2,124,33.91451921940319,0.9999999366454608,1,6,0,0,0,0,0,0,1,0,6,0,0,0,0,0,0,1,0,0,0,7,0,0,0,0,0,0,0,1,0,0,0
8475,0,1,0,0,0,0,0,1,137,56.09335365294609,1.0,1,6,0,0,0,0,0,0,1,0,6,0,0,0,0,0,0,1,0,0,0,7,0,0,0,0,0,0,0,1,0,0,0
8476,0,1,1,0,0,0,0,43,95,117.41264777514314,1.0,1,6,0,0,0,0,0,0,1,0,6,0,0,0,0,0,0,1,0,0,0,7,0,0,0,0,0,0,0,1,0,0,0
8477,0,1,1,0,1,0,0,63,102,36.536936997217154,0.9999999953987462,1,6,0,0,0,0,0,0,1,0,6,0,0,0,0,0,0,1,0,0,0,7,0,0,0,0,0,0,0,1,0,0,0
8478,0,1,1,0,0,0,0,6,74,5.0909962682644485,4.789864085344636e-06,0,6,0,0,0,0,0,0,1,0,6,0,0,0,0,0,0,1,0,0,0,7,0,0,0,0,0,0,0,1,0,0,0
8480,0,1,1,0,0,0,0,24,77,12.945188519148696,0.012190757996146237,0,6,0,0,0,0,0,0,1,0,6,0,0,0,0,0,0,1,0,0,0,7,0,0,0,0,0,0,0,1,0,0,0
8483,0,1,0,1,1,0,0,101,167,922.2330540141136,1.0,1,6,0,0,0,0,0,0,1,0,6,0,0,0,0,0,0,1,0,0,0,7,0,0,0,0,0,0,0,1,0,0,0
8484,0,0,0,1,0,0,0,14,97,1.2185577587784784,9.966589039955252e-08,0,6,0,0,0,0,0,0,1,0,6,0,0,0,0,0,0,1,0,0,0,7,0,0,0,0,0,0,0,1,0,0,0
8486,0,0,0,1,0,0,0,23,109,59.17462953549064,1.0,1,6,0,0,0,0,0,0,1,0,6,0,0,0,0,0,0,1,0,0,0,7,0,0,0,0,0,0,0,1,0,0,0
8487,0,0,0,0,0,0,0,1,73,14.536913067827852,0.057157591675236825,0,6,0,0,0,0,0,0,1,0,6,0,0,0,0,0,0,1,0,0,0,7,0,0,0,0,0,0,0,1,0,0,0
8489,1,1,1,1,0,0,0,16,87,30.445924610832172,0.9999979668548808,1,6,0,0,0,0,0,0,1,0,6,0,0,0,0,0,0,1,0,0,0,7,0,0,0,0,0,0,0,1,0,0,0
8490,0,1,1,0,0,0,0,7,75,0.8159485428853859,6.66339570482134e-08,0,6,0,0,0,0,0,0,1,0,6,0,0,0,0,0,0,1,0,0,0,7,0,0,0,0,0,0,0,1,0,0,0
8491,0,0,0,0,0,0,0,0,144,57.366530047152004,1.0,1,6,0,0,0,0,0,0,1,0,6,0,0,0,0,0,0,1,0,0,0,7,0,0,0,0,0,0,0,1,0,0,0
8494,0,0,0,0,0,0,6,1,58,5.372325961762644,6.346034779418106e-06,0,6,0,0,0,0,0,0,1,0,6,0,0,0,0,0,0,1,0,0,0,7,0,0,0,0,0,0,0,1,0,0,0
8496,0,0,0,0,0,0,0,1,98,19.152788040629915,0.8596984967038538,1,6,0,0,0,0,0,0,1,0,6,0,0,0,0,0,0,1,0,0,0,7,0,0,0,0,0,0,0,1,0,0,0
8497,0,0,1,0,0,0,0,39,83,29.59006967668265,0.9999952152389014,1,2,0,0,1,0,0,0,0,0,6,0,0,0,0,0,0,1,0,0,0,7,0,0,0,0,0,0,0,1,0,0,0
8498,0,0,0,0,0,0,0,2,169,121.90176534387257,1.0,1,6,0,0,0,0,0,0,1,0,6,0,0,0,0,0,0,1,0,0,0,7,0,0,0,0,0,0,0,1,0,0,0
8500,1,1,0,1,0,0,0,1,65,11.068294736812826,0.0018854429747049374,0,6,0,0,0,0,0,0,1,0,6,0,0,0,0,0,0,1,0,0,0,7,0,0,0,0,0,0,0,1,0,0,0
8502,0,0,0,0,0,0,0,27,43,6.512862472457337,1.9852961247941697e-05,0,6,0,0,0,0,0,0,1,0,6,0,0,0,0,0,0,1,0,0,0,7,0,0,0,0,0,0,0,1,0,0,0
8503,0,0,0,1,0,0,0,11,35,0.7418481682811645,6.187485907761193e-08,0,6,0,0,0,0,0,0,1,0,6,0,0,0,0,0,0,1,0,0,0,7,0,0,0,0,0,0,0,1,0,0,0
8504,0,1,0,1,0,0,0,24,57,8.628778042321139,0.0001646997117465264,0,6,0,0,0,0,0,0,1,0,6,0,0,0,0,0,0,1,0,0,0,7,0,0,0,0,0,0,0,1,0,0,0
8505,0,0,1,1,0,0,0,25,134,81.46684937861424,1.0,1,4,0,0,0,0,1,0,0,0,9,0,0,0,0,0,0,0,0,0,1,7,0,0,0,0,0,0,0,1,0,0,0
8506,0,1,1,1,0,0,0,15,93,6.843827017966774,2.7641269683061048e-05,0,7,0,0,0,0,0,0,0,1,6,0,0,0,0,0,0,1,0,0,0,7,0,0,0,0,0,0,0,1,0,0,0
8507,0,0,1,0,0,0,0,8,69,1.9990395541996315,2.1752312650239736e-07,0,6,0,0,0,0,0,0,1,0,6,0,0,0,0,0,0,1,0,0,0,7,0,0,0,0,0,0,0,1,0,0,0
8508,0,0,0,1,0,0,6,4,77,3.962938708370186,1.5502988457156231e-06,0,4,0,0,0,0,1,0,0,0,9,0,0,0,0,0,0,0,0,0,1,7,0,0,0,0,0,0,0,1,0,0,0
8509,0,1,1,0,0,0,0,15,100,14.383880920895916,0.04944810232631492,0,6,0,0,0,0,0,0,1,0,6,0,0,0,0,0,0,1,0,0,0,7,0,0,0,0,0,0,0,1,0,0,0
8510,0,1,1,0,0,0,0,12,145,7.716575673237218,6.615629659924364e-05,0,6,0,0,0,0,0,0,1,0,6,0,0,0,0,0,0,1,0,0,0,7,0,0,0,0,0,0,0,1,0,0,0
8511,0,1,1,0,0,0,0,36,95,42.384458760027286,0.999999999986716,1,0,1,0,0,0,0,0,0,0,6,0,0,0,0,0,0,1,0,0,0,7,0,0,0,0,0,0,0,1,0,0,0
8512,0,0,0,1,0,0,0,11,65,4.3066444340390095,2.186173610429078e-06,0,6,0,0,0,0,0,0,1,0,6,0,0,0,0,0,0,1,0,0,0,7,0,0,0,0,0,0,0,1,0,0,0
8513,0,0,0,1,0,0,0,13,48,2.453561218616239,3.426901591653089e-07,0,4,0,0,0,0,1,0,0,0,9,0,0,0,0,0,0,0,0,0,1,7,0,0,0,0,0,0,0,1,0,0,0
8514,0,0,0,0,0,0,0,53,74,65.16437303890166,1.0,1,6,0,0,0,0,0,0,1,0,6,0,0,0,0,0,0,1,0,0,0,7,0,0,0,0,0,0,0,1,0,0,0
8515,0,0,1,1,0,1,0,30,153,90.80078134756756,1.0,1,2,0,0,1,0,0,0,0,0,8,0,0,0,0,0,0,0,0,1,0,7,0,0,0,0,0,0,0,1,0,0,0
8516,0,1,1,0,1,0,0,11,144,17.107022820897487,0.4420177334985805,0,4,0,0,0,0,1,0,0,0,9,0,0,0,0,0,0,0,0,0,1,7,0,0,0,0,0,0,0,1,0,0,0
8517,0,1,0,0,0,0,1,21,143,57.66965856495543,1.0,1,6,0,0,0,0,0,0,1,0,6,0,0,0,0,0,0,1,0,0,0,7,0,0,0,0,0,0,0,1,0,0,0
8518,0,0,0,1,0,0,0,6,112,20.71662930905088,0.9669661056857688,1,0,1,0,0,0,0,0,0,0,6,0,0,0,0,0,0,1,0,0,0,7,0,0,0,0,0,0,0,1,0,0,0
8520,0,1,0,1,1,0,0,30,97,11.866753292875108,0.0041800356509478975,0,6,0,0,0,0,0,0,1,0,6,0,0,0,0,0,0,1,0,0,0,7,0,0,0,0,0,0,0,1,0,0,0
8522,0,0,0,1,0,5,0,5,83,4.048968932321719,1.6895763224129959e-06,0,6,0,0,0,0,0,0,1,0,6,0,0,0,0,0,0,1,0,0,0,7,0,0,0,0,0,0,0,1,0,0,0
8523,0,0,0,1,0,1,0,25,61,4.4761782420829315,2.590073386770535e-06,0,6,0,0,0,0,0,0,1,0,6,0,0,0,0,0,0,1,0,0,0,7,0,0,0,0,0,0,0,1,0,0,0
8524,0,0,0,1,0,0,6,5,99,6.710912273875652,2.420111315956582e-05,0,6,0,0,0,0,0,0,1,0,6,0,0,0,0,0,0,1,0,0,0,7,0,0,0,0,0,0,0,1,0,0,0
8526,0,0,0,0,0,0,1,6,125,21.036995399486987,0.9758021342984669,1,2,0,0,1,0,0,0,0,0,6,0,0,0,0,0,0,1,0,0,0,7,0,0,0,0,0,0,0,1,0,0,0
8528,1,0,0,0,1,0,0,15,44,0.6565193754897466,5.681413529660047e-08,0,6,0,0,0,0,0,0,1,0,6,0,0,0,0,0,0,1,0,0,0,7,0,0,0,0,0,0,0,1,0,0,0
8530,0,0,0,1,0,0,2,2,149,38.71986072320201,0.9999999994813856,1,6,0,0,0,0,0,0,1,0,6,0,0,0,0,0,0,1,0,0,0,7,0,0,0,0,0,0,0,1,0,0,0
8531,0,0,0,1,0,0,0,11,74,4.460018343415847,2.548554543642778e-06,0,6,0,0,0,0,0,0,1,0,6,0,0,0,0,0,0,1,0,0,0,7,0,0,0,0,0,0,0,1,0,0,0
8533,0,0,0,1,0,0,0,27,68,24.270879287457408,0.9990238125705996,1,6,0,0,0,0,0,0,1,0,6,0,0,0,0,0,0,1,0,0,0,7,0,0,0,0,0,0,0,1,0,0,0
8536,0,0,0,1,0,0,0,13,51,2.2139717765625697,2.696803432766445e-07,0,6,0,0,0,0,0,0,1,0,6,0,0,0,0,0,0,1,0,0,0,7,0,0,0,0,0,0,0,1,0,0,0
8538,0,1,1,0,0,0,0,35,75,6.359880178948298,1.7036765750327565e-05,0,6,0,0,0,0,0,0,1,0,6,0,0,0,0,0,0,1,0,0,0,7,0,0,0,0,0,0,0,1,0,0,0
8539,0,1,1,1,0,0,0,44,101,33.066806736639855,0.9999998521114496,1,6,0,0,0,0,0,0,1,0,6,0,0,0,0,0,0,1,0,0,0,7,0,0,0,0,0,0,0,1,0,0,0
8540,0,1,0,0,0,0,0,0,163,63.845392000696755,1.0,1,6,0,0,0,0,0,0,1,0,6,0,0,0,0,0,0,1,0,0,0,7,0,0,0,0,0,0,0,1,0,0,0
8541,0,0,0,1,0,0,0,19,83,5.00913879638019,4.413398117551861e-06,0,6,0,0,0,0,0,0,1,0,6,0,0,0,0,0,0,1,0,0,0,7,0,0,0,0,0,0,0,1,0,0,0
8542,0,0,0,1,0,0,0,32,79,16.936648271220882,0.4005073180656999,0,6,0,0,0,0,0,0,1,0,6,0,0,0,0,0,0,1,0,0,0,7,0,0,0,0,0,0,0,1,0,0,0
8543,0,1,0,1,0,0,0,3,45,0.2468227424749164,3.771615592210349e-08,0,4,0,0,0,0,1,0,0,0,9,0,0,0,0,0,0,0,0,0,1,7,0,0,0,0,0,0,0,1,0,0,0
8545,1,1,1,0,0,0,0,5,85,14.76709443072345,0.07090265953334836,0,6,0,0,0,0,0,0,1,0,6,0,0,0,0,0,0,1,0,0,0,7,0,0,0,0,0,0,0,1,0,0,0
8546,0,0,0,1,0,0,12,2,128,32.53266671742413,0.999999747705043,1,6,0,0,0,0,0,0,1,0,6,0,0,0,0,0,0,1,0,0,0,7,0,0,0,0,0,0,0,1,0,0,0
8547,0,1,0,0,0,0,0,0,69,15.243296343739976,0.10941762142940116,0,6,0,0,0,0,0,0,1,0,6,0,0,0,0,0,0,1,0,0,0,7,0,0,0,0,0,0,0,1,0,0,0
8550,0,0,0,0,0,0,0,4,46,0.9070240876845064,7.298762101583036e-08,0,4,0,0,0,0,1,0,0,0,9,0,0,0,0,0,0,0,0,0,1,7,0,0,0,0,0,0,0,1,0,0,0
8551,0,1,1,0,0,0,0,4,52,0.2140468227424749,3.650001323491796e-08,0,6,0,0,0,0,0,0,1,0,6,0,0,0,0,0,0,1,0,0,0,7,0,0,0,0,0,0,0,1,0,0,0
8553,0,0,0,1,0,0,0,8,163,85.90232039661802,1.0,1,7,0,0,0,0,0,0,0,1,0,1,0,0,0,0,0,0,0,0,0,7,0,0,0,0,0,0,0,1,0,0,0
8555,0,0,0,0,0,0,15,12,144,41.984132131580466,0.999999999980176,1,6,0,0,0,0,0,0,1,0,6,0,0,0,0,0,0,1,0,0,0,7,0,0,0,0,0,0,0,1,0,0,0
8556,0,0,0,0,0,0,0,4,99,26.11145304237629,0.999844925998881,1,4,0,0,0,0,1,0,0,0,9,0,0,0,0,0,0,0,0,0,1,7,0,0,0,0,0,0,0,1,0,0,0
8557,0,0,0,0,0,0,0,2,87,10.402218055542237,0.0009694788551641863,0,6,0,0,0,0,0,0,1,0,6,0,0,0,0,0,0,1,0,0,0,7,0,0,0,0,0,0,0,1,0,0,0
8558,0,1,0,1,0,0,0,4,93,4.94393824126446,4.134823587796362e-06,0,6,0,0,0,0,0,0,1,0,6,0,0,0,0,0,0,1,0,0,0,7,0,0,0,0,0,0,0,1,0,0,0
8559,0,1,0,0,0,0,0,2,56,6.0071344273022715,1.1972747344981395e-05,0,6,0,0,0,0,0,0,1,0,6,0,0,0,0,0,0,1,0,0,0,7,0,0,0,0,0,0,0,1,0,0,0
8560,0,0,0,0,0,0,0,3,49,1.840289078627817,1.8559274496901227e-07,0,6,0,0,0,0,0,0,1,0,6,0,0,0,0,0,0,1,0,0,0,7,0,0,0,0,0,0,0,1,0,0,0
8561,0,0,0,0,0,0,0,6,46,4.544490215938914,2.7731892195496244e-06,0,6,0,0,0,0,0,0,1,0,6,0,0,0,0,0,0,1,0,0,0,7,0,0,0,0,0,0,0,1,0,0,0
8562,0,0,0,0,0,0,0,6,112,17.378099797508302,0.5095237973472361,1,6,0,0,0,0,0,0,1,0,6,0,0,0,0,0,0,1,0,0,0,7,0,0,0,0,0,0,0,1,0,0,0
8567,0,0,0,1,0,0,0,8,47,0.2789297658862876,3.8946759166453896e-08,0,6,0,0,0,0,0,0,1,0,6,0,0,0,0,0,0,1,0,0,0,7,0,0,0,0,0,0,0,1,0,0,0
8570,0,0,1,0,0,0,0,29,79,94.14010035193222,1.0,1,6,0,0,0,0,0,0,1,0,6,0,0,0,0,0,0,1,0,0,0,7,0,0,0,0,0,0,0,1,0,0,0
8571,0,0,0,1,0,0,0,6,102,8.761135997939752,0.00018800311561514485,0,6,0,0,0,0,0,0,1,0,6,0,0,0,0,0,0,1,0,0,0,7,0,0,0,0,0,0,0,1,0,0,0
8572,0,1,0,1,0,0,0,3,56,3.7118934278289717,1.2061129850299091e-06,0,6,0,0,0,0,0,0,1,0,6,0,0,0,0,0,0,1,0,0,0,7,0,0,0,0,0,0,0,1,0,0,0
8574,0,0,0,0,0,0,0,2,86,19.989566886775435,0.9339842907905292,1,6,0,0,0,0,0,0,1,0,6,0,0,0,0,0,0,1,0,0,0,7,0,0,0,0,0,0,0,1,0,0,0
8575,0,0,0,1,1,2,10,5,106,14.8626823522441,0.07746367409057134,0,6,0,0,0,0,0,0,1,0,6,0,0,0,0,0,0,1,0,0,0,7,0,0,0,0,0,0,0,1,0,0,0
8576,0,1,0,1,0,0,0,3,57,2.3184005061463293,2.993657421394538e-07,0,6,0,0,0,0,0,0,1,0,6,0,0,0,0,0,0,1,0,0,0,7,0,0,0,0,0,0,0,1,0,0,0
8577,1,0,0,1,0,3,0,9,169,115.98711954155935,1.0,1,5,0,0,0,0,0,1,0,0,1,0,1,0,0,0,0,0,0,0,0,7,0,0,0,0,0,0,0,1,0,0,0
8578,1,0,0,0,0,0,0,4,158,132.10389270198286,1.0,1,2,0,0,1,0,0,0,0,0,8,0,0,0,0,0,0,0,0,1,0,7,0,0,0,0,0,0,0,1,0,0,0
8579,0,1,0,0,0,0,0,11,96,10.488571159696075,0.0010568249203761427,0,6,0,0,0,0,0,0,1,0,6,0,0,0,0,0,0,1,0,0,0,7,0,0,0,0,0,0,0,1,0,0,0
8580,0,0,0,0,0,0,0,22,78,10.417621204331807,0.000984512667247949,0,6,0,0,0,0,0,0,1,0,6,0,0,0,0,0,0,1,0,0,0,7,0,0,0,0,0,0,0,1,0,0,0
8581,0,0,0,0,0,0,0,5,144,41.17523676577847,0.9999999999554868,1,4,0,0,0,0,1,0,0,0,2,0,0,1,0,0,0,0,0,0,0,7,0,0,0,0,0,0,0,1,0,0,0
8582,0,0,0,1,0,0,6,2,68,5.784307422672079,9.581253216418969e-06,0,6,0,0,0,0,0,0,1,0,6,0,0,0,0,0,0,1,0,0,0,7,0,0,0,0,0,0,0,1,0,0,0
8584,1,0,0,0,0,0,3,4,132,65.91978241250898,1.0,1,6,0,0,0,0,0,0,1,0,6,0,0,0,0,0,0,1,0,0,0,7,0,0,0,0,0,0,0,1,0,0,0
8585,0,1,1,1,0,0,0,9,86,4.441734707551214,2.5023812114564924e-06,0,4,0,0,0,0,1,0,0,0,9,0,0,0,0,0,0,0,0,0,1,7,0,0,0,0,0,0,0,1,0,0,0
8586,1,0,0,0,0,2,4,8,134,112.98739062562781,1.0,1,4,0,0,0,0,1,0,0,0,9,0,0,0,0,0,0,0,0,0,1,2,0,0,1,0,0,0,0,0,0,0,0
8587,0,0,0,1,0,0,0,4,103,18.979619176072024,0.8374831119831126,1,6,0,0,0,0,0,0,1,0,6,0,0,0,0,0,0,1,0,0,0,7,0,0,0,0,0,0,0,1,0,0,0
8589,0,0,0,0,0,0,4,1,31,0.6167224080267559,5.459750525331006e-08,0,6,0,0,0,0,0,0,1,0,6,0,0,0,0,0,0,1,0,0,0,7,0,0,0,0,0,0,0,1,0,0,0
8591,0,1,1,0,0,0,0,24,61,14.768722094611904,0.07100995757699724,0,4,0,0,0,0,1,0,0,0,9,0,0,0,0,0,0,0,0,0,1,8,0,0,0,0,0,0,0,0,1,0,0
8595,1,1,1,0,0,0,0,6,78,22.277122112667694,0.9928758988232992,1,0,1,0,0,0,0,0,0,0,6,0,0,0,0,0,0,1,0,0,0,7,0,0,0,0,0,0,0,1,0,0,1
8596,0,0,0,0,0,0,0,5,156,45.96094604510149,0.9999999999996284,1,4,0,0,0,0,1,0,0,0,9,0,0,0,0,0,0,0,0,0,1,7,0,0,0,0,0,0,0,1,0,0,0
8598,1,1,1,0,0,0,0,41,101,21.889082000321327,0.9895337906216372,1,6,0,0,0,0,0,0,1,0,6,0,0,0,0,0,0,1,0,0,0,7,0,0,0,0,0,0,0,1,0,0,1
8599,0,0,0,1,0,0,1,3,166,61.73599374583579,1.0,1,6,0,0,0,0,0,0,1,0,6,0,0,0,0,0,0,1,0,0,0,7,0,0,0,0,0,0,0,1,0,0,0
8606,1,1,1,0,1,0,0,9,100,19.710930127705073,0.914583550612746,1,4,0,0,0,0,1,0,0,0,2,0,0,1,0,0,0,0,0,0,0,3,0,0,0,1,0,0,0,0,0,0,1
8607,0,1,1,0,1,0,0,6,132,13.58313828003082,0.022823831506177925,0,6,0,0,0,0,0,0,1,0,6,0,0,0,0,0,0,1,0,0,0,7,0,0,0,0,0,0,0,1,0,0,0
8608,0,0,1,0,1,0,7,12,134,36.32885224000438,0.9999999943343956,1,0,1,0,0,0,0,0,0,0,6,0,0,0,0,0,0,1,0,0,0,7,0,0,0,0,0,0,0,1,0,0,1
8609,1,1,1,0,1,0,0,12,133,10.570550219386512,0.0011470091677039686,0,6,0,0,0,0,0,0,1,0,6,0,0,0,0,0,0,1,0,0,0,7,0,0,0,0,0,0,0,1,0,0,1
8610,0,1,1,0,0,0,0,20,164,17.330113919342434,0.4975284999648295,0,4,0,0,0,0,1,0,0,0,9,0,0,0,0,0,0,0,0,0,1,7,0,0,0,0,0,0,0,1,0,0,0
8612,0,1,0,1,0,0,0,8,110,12.743525491480858,0.00998659778020292,0,6,0,0,0,0,0,0,1,0,6,0,0,0,0,0,0,1,0,0,0,7,0,0,0,0,0,0,0,1,0,0,0
8613,0,1,1,0,0,1,0,35,134,10.067818350868874,0.0006941128497354378,0,6,0,0,0,0,0,0,1,0,6,0,0,0,0,0,0,1,0,0,0,7,0,0,0,0,0,0,0,1,0,0,0
8615,1,1,0,0,1,0,2,21,127,51.65193939496326,0.9999999999999988,1,6,0,0,0,0,0,0,1,0,6,0,0,0,0,0,0,1,0,0,0,7,0,0,0,0,0,0,0,1,0,0,1
8618,0,1,1,0,0,0,0,71,110,88.73397804555051,1.0,1,6,0,0,0,0,0,0,1,0,6,0,0,0,0,0,0,1,0,0,0,7,0,0,0,0,0,0,0,1,0,0,0
8620,1,1,0,0,1,0,6,7,116,46.72655067463634,0.9999999999998272,1,6,0,0,0,0,0,0,1,0,6,0,0,0,0,0,0,1,0,0,0,7,0,0,0,0,0,0,0,1,0,0,1
8621,0,0,1,0,1,1,0,7,97,7.120054601127273,3.6434958913972183e-05,0,6,0,0,0,0,0,0,1,0,6,0,0,0,0,0,0,1,0,0,0,7,0,0,0,0,0,0,0,1,0,0,0
8622,0,1,1,0,1,0,0,7,130,12.685175703518114,0.009425892138848408,0,6,0,0,0,0,0,0,1,0,6,0,0,0,0,0,0,1,0,0,0,7,0,0,0,0,0,0,0,1,0,0,0
8623,1,0,1,0,1,0,7,16,132,59.57601436487497,1.0,1,0,1,0,0,0,0,0,0,0,6,0,0,0,0,0,0,1,0,0,0,7,0,0,0,0,0,0,0,1,0,0,1
8624,0,0,0,1,0,0,2,11,159,20.24826311850557,0.9482534040184806,1,6,0,0,0,0,0,0,1,0,6,0,0,0,0,0,0,1,0,0,0,7,0,0,0,0,0,0,0,1,0,0,0
8625,1,1,0,0,1,0,2,21,127,51.65193939496326,0.9999999999999988,1,6,0,0,0,0,0,0,1,0,6,0,0,0,0,0,0,1,0,0,0,7,0,0,0,0,0,0,0,1,0,0,1
8627,0,1,1,0,0,0,0,9,96,8.439948930976664,0.00013636336390755914,0,4,0,0,0,0,1,0,0,0,9,0,0,0,0,0,0,0,0,0,1,7,0,0,0,0,0,0,0,1,0,0,1
8628,0,1,1,0,0,0,1,19,166,65.23753321782904,1.0,1,4,0,0,0,0,1,0,0,0,9,0,0,0,0,0,0,0,0,0,1,7,0,0,0,0,0,0,0,1,0,0,0
8631,1,1,1,1,1,0,0,18,133,18.89298337187601,0.8253442058245738,1,4,0,0,0,0,1,0,0,0,9,0,0,0,0,0,0,0,0,0,1,7,0,0,0,0,0,0,0,1,0,0,1
8633,1,1,1,0,1,0,0,15,126,15.57954550157508,0.1467334262217647,0,0,1,0,0,0,0,0,0,0,6,0,0,0,0,0,0,1,0,0,0,7,0,0,0,0,0,0,0,1,0,0,1
8635,0,1,1,1,0,0,0,16,125,11.208592320371158,0.0021688052477197017,0,6,0,0,0,0,0,0,1,0,6,0,0,0,0,0,0,1,0,0,0,7,0,0,0,0,0,0,0,1,0,0,0
8636,1,0,1,0,0,0,0,9,94,28.081906072575496,0.9999783807771446,1,0,1,0,0,0,0,0,0,0,6,0,0,0,0,0,0,1,0,0,0,7,0,0,0,0,0,0,0,1,0,0,1
8637,0,1,1,0,0,0,0,27,150,56.49878389856166,1.0,1,6,0,0,0,0,0,0,1,0,6,0,0,0,0,0,0,1,0,0,0,7,0,0,0,0,0,0,0,1,0,0,1
8638,1,0,0,0,0,0,0,10,150,148.36313422113295,1.0,1,6,0,0,0,0,0,0,1,0,6,0,0,0,0,0,0,1,0,0,0,7,0,0,0,0,0,0,0,1,0,0,1
8639,0,1,1,0,0,0,0,12,92,15.247368930611165,0.10981510803356724,0,6,0,0,0,0,0,0,1,0,6,0,0,0,0,0,0,1,0,0,0,7,0,0,0,0,0,0,0,1,0,0,0
8640,1,1,0,0,1,0,2,17,87,17.834890003913568,0.6212577138347926,1,6,0,0,0,0,0,0,1,0,6,0,0,0,0,0,0,1,0,0,0,7,0,0,0,0,0,0,0,1,0,0,1
8642,0,1,1,0,0,1,0,17,154,31.32910785926013,0.9999991593653544,1,6,0,0,0,0,0,0,1,0,6,0,0,0,0,0,0,1,0,0,0,7,0,0,0,0,0,0,0,1,0,0,0
8643,1,0,1,0,1,0,0,10,140,19.539383668170487,0.9001941504243014,1,6,0,0,0,0,0,0,1,0,6,0,0,0,0,0,0,1,0,0,0,7,0,0,0,0,0,0,0,1,0,0,0
8644,0,0,0,0,0,0,0,8,165,71.56713822413795,1.0,1,4,0,0,0,0,1,0,0,0,9,0,0,0,0,0,0,0,0,0,1,7,0,0,0,0,0,0,0,1,0,0,0
8646,0,0,1,0,0,0,0,5,119,22.823279008141032,0.9958615173913072,1,4,0,0,0,0,1,0,0,0,6,0,0,0,0,0,0,1,0,0,0,7,0,0,0,0,0,0,0,1,0,0,0
8647,1,1,1,0,1,0,0,18,155,67.0501861893499,1.0,1,6,0,0,0,0,0,0,1,0,6,0,0,0,0,0,0,1,0,0,0,7,0,0,0,0,0,0,0,1,0,0,1
8648,1,1,1,0,0,0,1,5,92,17.859804685181906,0.6271020940422457,1,4,0,0,0,0,1,0,0,0,6,0,0,0,0,0,0,1,0,0,0,7,0,0,0,0,0,0,0,1,0,0,1
8650,1,1,1,0,0,0,0,13,98,28.56864610067484,0.9999867121355764,1,6,0,0,0,0,0,0,1,0,6,0,0,0,0,0,0,1,0,0,0,7,0,0,0,0,0,0,0,1,0,0,1
8651,1,1,1,0,0,0,0,4,95,18.302115041280846,0.7235450717232668,1,6,0,0,0,0,0,0,1,0,6,0,0,0,0,0,0,1,0,0,0,7,0,0,0,0,0,0,0,1,0,0,1
8653,0,0,0,1,0,0,0,5,131,20.536344019713574,0.9606964641637462,1,4,0,0,0,0,1,0,0,0,2,0,0,1,0,0,0,0,0,0,0,7,0,0,0,0,0,0,0,1,0,0,1
8654,1,1,1,0,0,0,0,9,80,26.544263935072927,0.9998994006276624,1,6,0,0,0,0,0,0,1,0,6,0,0,0,0,0,0,1,0,0,0,5,0,0,0,0,0,1,0,0,0,0,1
8655,1,1,1,1,1,0,0,21,167,41.23490043672942,0.9999999999580652,1,6,0,0,0,0,0,0,1,0,6,0,0,0,0,0,0,1,0,0,0,7,0,0,0,0,0,0,0,1,0,0,1
8656,1,1,0,0,0,0,0,12,97,25.61167936281304,0.9997444097510229,1,5,0,0,0,0,0,1,0,0,1,0,1,0,0,0,0,0,0,0,0,7,0,0,0,0,0,0,0,1,0,0,1
8657,1,1,1,0,1,0,0,14,132,63.1815491336749,1.0,1,6,0,0,0,0,0,0,1,0,6,0,0,0,0,0,0,1,0,0,0,7,0,0,0,0,0,0,0,1,0,0,1
8658,0,0,0,0,1,0,0,8,164,69.46286223717446,1.0,1,4,0,0,0,0,1,0,0,0,9,0,0,0,0,0,0,0,0,0,1,7,0,0,0,0,0,0,0,1,0,0,0
8659,0,1,1,0,0,1,0,14,100,12.550237169494588,0.008245869380896876,0,6,0,0,0,0,0,0,1,0,6,0,0,0,0,0,0,1,0,0,0,7,0,0,0,0,0,0,0,1,0,0,0
8660,0,1,1,1,1,0,0,15,160,14.10761700899194,0.03796511537354892,0,2,0,0,1,0,0,0,0,0,8,0,0,0,0,0,0,0,0,1,0,7,0,0,0,0,0,0,0,1,0,0,0
8661,1,1,1,0,0,0,0,14,91,20.631625862385725,0.9641404086037196,1,6,0,0,0,0,0,0,1,0,6,0,0,0,0,0,0,1,0,0,0,7,0,0,0,0,0,0,0,1,0,0,1
8662,1,1,1,0,1,0,7,23,167,19.636929741666588,0.9086224421091572,1,7,0,0,0,0,0,0,0,1,0,1,0,0,0,0,0,0,0,0,0,7,0,0,0,0,0,0,0,1,0,0,1
8663,1,1,1,0,0,0,0,9,139,22.355498109122628,0.9934093976132496,1,6,0,0,0,0,0,0,1,0,6,0,0,0,0,0,0,1,0,0,0,7,0,0,0,0,0,0,0,1,0,0,1
8664,1,1,1,0,0,0,0,10,92,8.16185634220868,0.00010326139959449561,0,6,0,0,0,0,0,0,1,0,6,0,0,0,0,0,0,1,0,0,0,7,0,0,0,0,0,0,0,1,0,0,1
8665,1,1,1,0,1,1,0,45,167,28.710156806817785,0.9999884655037806,1,6,0,0,0,0,0,0,1,0,6,0,0,0,0,0,0,1,0,0,0,7,0,0,0,0,0,0,0,1,0,0,1
8667,1,1,1,0,0,0,0,16,106,25.84521125263331,0.9997976301598868,1,6,0,0,0,0,0,0,1,0,6,0,0,0,0,0,0,1,0,0,0,7,0,0,0,0,0,0,0,1,0,0,1
8668,1,1,1,0,1,0,0,13,90,15.148310478129494,0.10049925908796913,0,6,0,0,0,0,0,0,1,0,6,0,0,0,0,0,0,1,0,0,0,7,0,0,0,0,0,0,0,1,0,0,1
8669,1,1,1,0,0,0,0,11,105,13.531098403679724,0.02169156334271513,0,6,0,0,0,0,0,0,1,0,6,0,0,0,0,0,0,1,0,0,0,7,0,0,0,0,0,0,0,1,0,0,1
8670,0,0,0,0,0,0,0,0,81,32.34974863788493,0.9999996970654136,1,6,0,0,0,0,0,0,1,0,6,0,0,0,0,0,0,1,0,0,0,7,0,0,0,0,0,0,0,1,0,0,0
8673,1,0,0,0,0,0,4,2,50,7.895028253829253,7.907997867888391e-05,0,4,0,0,0,0,1,0,0,0,9,0,0,0,0,0,0,0,0,0,1,8,0,0,0,0,0,0,0,0,1,0,1
8674,1,1,1,0,1,0,0,11,133,21.027270156179235,0.9755714329498288,1,4,0,0,0,0,1,0,0,0,9,0,0,0,0,0,0,0,0,0,1,0,1,0,0,0,0,0,0,0,0,0,1
8676,1,0,1,0,0,0,0,18,164,113.25508859444905,1.0,1,4,0,0,0,0,1,0,0,0,6,0,0,0,0,0,0,1,0,0,0,7,0,0,0,0,0,0,0,1,0,0,1
8677,0,1,1,1,1,1,0,21,159,23.1997045463983,0.9971560250444196,1,6,0,0,0,0,0,0,1,0,6,0,0,0,0,0,0,1,0,0,0,7,0,0,0,0,0,0,0,1,0,0,0
8680,1,1,1,0,0,0,0,13,162,114.4556077928077,1.0,1,4,0,0,0,0,1,0,0,0,9,0,0,0,0,0,0,0,0,0,1,7,0,0,0,0,0,0,0,1,0,0,1
8681,0,0,0,1,0,0,0,4,108,30.830183903490873,0.9999986155190972,1,4,0,0,0,0,1,0,0,0,9,0,0,0,0,0,0,0,0,0,1,7,0,0,0,0,0,0,0,1,0,0,1
8683,1,1,1,1,0,0,0,9,98,32.338400495456355,0.9999996936080896,1,6,0,0,0,0,0,0,1,0,6,0,0,0,0,0,0,1,0,0,0,7,0,0,0,0,0,0,0,1,0,0,1
8684,1,1,1,0,0,0,0,10,96,24.47730430519763,0.9992057393542948,1,6,0,0,0,0,0,0,1,0,6,0,0,0,0,0,0,1,0,0,0,7,0,0,0,0,0,0,0,1,0,0,1
8685,0,0,1,0,0,0,5,9,163,27.26084845355836,0.9999508629680118,1,6,0,0,0,0,0,0,1,0,6,0,0,0,0,0,0,1,0,0,0,7,0,0,0,0,0,0,0,1,0,0,0
8686,1,1,0,0,0,0,0,5,95,32.136157007795674,0.9999996249315832,1,5,0,0,0,0,0,1,0,0,1,0,1,0,0,0,0,0,0,0,0,7,0,0,0,0,0,0,0,1,0,0,1
8688,0,1,1,0,0,0,2,5,78,11.925667489120405,0.004432573503215965,0,6,0,0,0,0,0,0,1,0,6,0,0,0,0,0,0,1,0,0,0,7,0,0,0,0,0,0,0,1,0,0,1
8689,1,1,0,0,1,0,0,14,160,98.88596744636615,1.0,1,4,0,0,0,0,1,0,0,0,6,0,0,0,0,0,0,1,0,0,0,7,0,0,0,0,0,0,0,1,0,0,1
8690,1,0,0,0,0,1,1,2,43,7.3963812048351425,4.803086047037829e-05,0,6,0,0,0,0,0,0,1,0,6,0,0,0,0,0,0,1,0,0,0,7,0,0,0,0,0,0,0,1,0,0,1
8691,1,1,1,0,1,0,0,12,119,43.813432254318215,0.9999999999968175,1,6,0,0,0,0,0,0,1,0,6,0,0,0,0,0,0,1,0,0,0,7,0,0,0,0,0,0,0,1,0,0,1
8692,0,1,1,0,0,0,1,15,138,15.420750222604926,0.12794524924128514,0,4,0,0,0,0,1,0,0,0,9,0,0,0,0,0,0,0,0,0,1,7,0,0,0,0,0,0,0,1,0,0,0
8693,1,1,1,0,0,0,0,14,100,34.862863584389274,0.9999999754575999,1,7,0,0,0,0,0,0,0,1,6,0,0,0,0,0,0,1,0,0,0,7,0,0,0,0,0,0,0,1,0,0,1
8694,0,1,1,0,0,0,1,10,118,9.962483105437345,0.000624760706891917,0,6,0,0,0,0,0,0,1,0,6,0,0,0,0,0,0,1,0,0,0,7,0,0,0,0,0,0,0,1,0,0,0
8695,0,0,0,0,0,0,0,16,172,52.377118071527526,0.9999999999999992,1,4,0,0,0,0,1,0,0,0,9,0,0,0,0,0,0,0,0,0,1,7,0,0,0,0,0,0,0,1,0,0,0
8696,0,0,0,1,0,0,0,2,138,42.183093324672726,0.9999999999837528,1,6,0,0,0,0,0,0,1,0,6,0,0,0,0,0,0,1,0,0,0,7,0,0,0,0,0,0,0,1,0,0,0
8697,0,0,1,0,1,0,0,15,135,24.163611329966887,0.9989133965232856,1,6,0,0,0,0,0,0,1,0,6,0,0,0,0,0,0,1,0,0,0,7,0,0,0,0,0,0,0,1,0,0,0
8698,1,1,0,0,0,0,0,5,162,133.07583923848247,1.0,1,6,0,0,0,0,0,0,1,0,6,0,0,0,0,0,0,1,0,0,0,7,0,0,0,0,0,0,0,1,0,0,0
8699,0,1,1,0,1,0,0,7,102,10.722187763453977,0.0013345679188717366,0,4,0,0,0,0,1,0,0,0,9,0,0,0,0,0,0,0,0,0,1,7,0,0,0,0,0,0,0,1,0,0,1
8700,0,0,0,1,0,0,0,5,146,19.824204509140344,0.9230270521236692,1,6,0,0,0,0,0,0,1,0,6,0,0,0,0,0,0,1,0,0,0,7,0,0,0,0,0,0,0,1,0,0,0
8702,0,1,0,0,0,0,0,2,138,91.49241615300707,1.0,1,6,0,0,0,0,0,0,1,0,6,0,0,0,0,0,0,1,0,0,0,7,0,0,0,0,0,0,0,1,0,0,0
8704,1,1,0,0,0,0,0,4,105,97.59819688265392,1.0,1,6,0,0,0,0,0,0,1,0,6,0,0,0,0,0,0,1,0,0,0,7,0,0,0,0,0,0,0,1,0,0,0
8705,0,0,0,0,0,0,0,6,100,1.087440013860366,8.741839795166902e-08,0,6,0,0,0,0,0,0,1,0,6,0,0,0,0,0,0,1,0,0,0,7,0,0,0,0,0,0,0,1,0,0,0
8706,0,1,0,0,0,0,1,2,139,84.52817820738393,1.0,1,6,0,0,0,0,0,0,1,0,6,0,0,0,0,0,0,1,0,0,0,7,0,0,0,0,0,0,0,1,0,0,0
8708,0,0,0,0,0,0,0,1,76,12.20148150163349,0.005832160684079284,0,6,0,0,0,0,0,0,1,0,6,0,0,0,0,0,0,1,0,0,0,7,0,0,0,0,0,0,0,1,0,0,0
8709,0,1,1,0,0,2,0,15,128,12.498439331226445,0.007832884924018995,0,4,0,0,0,0,1,0,0,0,9,0,0,0,0,0,0,0,0,0,1,7,0,0,0,0,0,0,0,1,0,0,0
8710,1,0,0,1,0,0,0,5,91,43.33874525687099,0.9999999999948844,1,4,0,0,0,0,1,0,0,0,2,0,0,1,0,0,0,0,0,0,0,7,0,0,0,0,0,0,0,1,0,0,1
8711,0,0,0,0,0,0,0,1,44,7.500301548235165,5.3290539187301035e-05,0,6,0,0,0,0,0,0,1,0,6,0,0,0,0,0,0,1,0,0,0,7,0,0,0,0,0,0,0,1,0,0,0
8712,0,0,0,1,0,0,0,11,113,10.853228841642597,0.0015211426864533894,0,6,0,0,0,0,0,0,1,0,6,0,0,0,0,0,0,1,0,0,0,7,0,0,0,0,0,0,0,1,0,0,0
8714,0,1,0,0,0,0,0,2,138,91.49241615300707,1.0,1,6,0,0,0,0,0,0,1,0,6,0,0,0,0,0,0,1,0,0,0,7,0,0,0,0,0,0,0,1,0,0,0
8715,0,0,0,0,0,0,0,4,107,24.579622819096517,0.9992829321877804,1,6,0,0,0,0,0,0,1,0,6,0,0,0,0,0,0,1,0,0,0,7,0,0,0,0,0,0,0,1,0,0,0
8717,0,0,0,0,0,0,0,7,94,13.52234533192599,0.021506589666343338,0,4,0,0,0,0,1,0,0,0,9,0,0,0,0,0,0,0,0,0,1,7,0,0,0,0,0,0,0,1,0,0,0
8718,0,0,0,0,1,0,0,12,147,42.03842565178953,0.9999999999812236,1,6,0,0,0,0,0,0,1,0,6,0,0,0,0,0,0,1,0,0,0,7,0,0,0,0,0,0,0,1,0,0,0
8720,0,0,0,1,1,0,0,8,118,37.419029116996406,0.9999999980954672,1,7,0,0,0,0,0,0,0,1,6,0,0,0,0,0,0,1,0,0,0,7,0,0,0,0,0,0,0,1,0,0,0
8721,1,1,1,0,0,0,1,13,130,15.908014221854124,0.19278946554925624,0,5,0,0,0,0,0,1,0,0,1,0,1,0,0,0,0,0,0,0,0,7,0,0,0,0,0,0,0,1,0,0,0
8722,0,1,1,0,0,0,0,34,155,13.802785855629557,0.028271721701853818,0,2,0,0,1,0,0,0,0,0,6,0,0,0,0,0,0,1,0,0,0,7,0,0,0,0,0,0,0,1,0,0,0
8723,0,0,0,1,1,0,0,9,87,4.4257324656082435,2.46265629207551e-06,0,6,0,0,0,0,0,0,1,0,6,0,0,0,0,0,0,1,0,0,0,7,0,0,0,0,0,0,0,1,0,0,0
8724,0,1,1,0,0,0,0,8,84,9.636205898585064,0.00045090895517805457,0,6,0,0,0,0,0,0,1,0,6,0,0,0,0,0,0,1,0,0,0,7,0,0,0,0,0,0,0,1,0,0,0
8726,0,0,0,0,0,0,0,12,145,11.946758171409304,0.0045266246417376785,0,6,0,0,0,0,0,0,1,0,6,0,0,0,0,0,0,1,0,0,0,7,0,0,0,0,0,0,0,1,0,0,0
8727,0,1,0,0,0,0,0,3,139,84.59334907115861,1.0,1,6,0,0,0,0,0,0,1,0,6,0,0,0,0,0,0,1,0,0,0,7,0,0,0,0,0,0,0,1,0,0,0
8728,0,0,0,0,0,0,2,10,181,86.00056190485924,1.0,1,7,0,0,0,0,0,0,0,1,0,1,0,0,0,0,0,0,0,0,0,7,0,0,0,0,0,0,0,1,0,0,0
8729,0,0,0,0,0,0,0,3,118,15.419263738534429,0.12777948609741366,0,6,0,0,0,0,0,0,1,0,6,0,0,0,0,0,0,1,0,0,0,7,0,0,0,0,0,0,0,1,0,0,0
8732,0,1,1,0,0,0,6,9,140,29.009828041962013,0.9999914521997584,1,6,0,0,0,0,0,0,1,0,6,0,0,0,0,0,0,1,0,0,0,7,0,0,0,0,0,0,0,1,0,0,0
8733,0,0,0,0,0,0,0,7,146,40.167442936937135,0.9999999998780541,1,4,0,0,0,0,1,0,0,0,2,0,0,1,0,0,0,0,0,0,0,3,0,0,0,1,0,0,0,0,0,0,0
8734,0,1,1,0,0,0,2,17,140,19.1804926649188,0.8630069636172262,1,6,0,0,0,0,0,0,1,0,6,0,0,0,0,0,0,1,0,0,0,7,0,0,0,0,0,0,0,1,0,0,0
8735,1,1,0,0,0,0,0,3,138,91.49241615300707,1.0,1,6,0,0,0,0,0,0,1,0,6,0,0,0,0,0,0,1,0,0,0,7,0,0,0,0,0,0,0,1,0,0,0
8736,0,0,0,0,0,0,0,56,79,292.68873697434987,1.0,1,6,0,0,0,0,0,0,1,0,6,0,0,0,0,0,0,1,0,0,0,7,0,0,0,0,0,0,0,1,0,0,0
8737,0,0,0,1,0,0,2,2,51,2.1660711525961744,2.570669951588305e-07,0,4,0,0,0,0,1,0,0,0,2,0,0,1,0,0,0,0,0,0,0,3,0,0,0,1,0,0,0,0,0,0,0
8738,1,0,0,0,1,0,1,6,127,63.28419932218871,1.0,1,6,0,0,0,0,0,0,1,0,6,0,0,0,0,0,0,1,0,0,0,7,0,0,0,0,0,0,0,1,0,0,0
8739,1,1,0,0,0,0,0,4,140,103.97910532462922,1.0,1,6,0,0,0,0,0,0,1,0,6,0,0,0,0,0,0,1,0,0,0,7,0,0,0,0,0,0,0,1,0,0,0
8740,0,0,0,0,0,0,0,1,61,10.049698157475577,0.0006816571547852673,0,4,0,0,0,0,1,0,0,0,9,0,0,0,0,0,0,0,0,0,1,7,0,0,0,0,0,0,0,1,0,0,0
8741,0,1,1,0,0,0,1,9,126,10.61286910923602,0.0011965317216869732,0,2,0,0,1,0,0,0,0,0,8,0,0,0,0,0,0,0,0,1,0,7,0,0,0,0,0,0,0,1,0,0,0
8742,0,0,0,0,0,0,6,2,89,27.091591232811613,0.9999418014101612,1,6,0,0,0,0,0,0,1,0,6,0,0,0,0,0,0,1,0,0,0,7,0,0,0,0,0,0,0,1,0,0,0
8743,0,1,1,0,1,1,0,15,110,2.3734755372037792,3.1631579246968035e-07,0,6,0,0,0,0,0,0,1,0,6,0,0,0,0,0,0,1,0,0,0,7,0,0,0,0,0,0,0,1,0,0,0
8744,0,1,0,1,0,0,0,8,152,26.71474533626776,0.9999151673590619,1,0,1,0,0,0,0,0,0,0,6,0,0,0,0,0,0,1,0,0,0,7,0,0,0,0,0,0,0,1,0,0,0
8745,0,0,0,1,0,1,0,1,42,1.3568639132019096,1.1444903739951329e-07,0,6,0,0,0,0,0,0,1,0,6,0,0,0,0,0,0,1,0,0,0,7,0,0,0,0,0,0,0,1,0,0,0
8746,0,1,1,1,0,0,0,11,60,1.4211414387537369,1.220471143832683e-07,0,4,0,0,0,0,1,0,0,0,2,0,0,1,0,0,0,0,0,0,0,3,0,0,0,1,0,0,0,0,0,0,0
8747,1,1,1,0,1,0,0,14,117,34.23231289695927,0.999999953893548,1,2,0,0,1,0,0,0,0,0,3,0,0,0,1,0,0,0,0,0,0,7,0,0,0,0,0,0,0,1,0,0,0
8750,0,1,0,1,0,0,0,16,107,8.759745430338112,0.00018774191530556108,0,6,0,0,0,0,0,0,1,0,6,0,0,0,0,0,0,1,0,0,0,7,0,0,0,0,0,0,0,1,0,0,0
8751,0,1,1,0,0,0,0,6,47,0.1917487783385404,3.569514123237945e-08,0,6,0,0,0,0,0,0,1,0,6,0,0,0,0,0,0,1,0,0,0,7,0,0,0,0,0,0,0,1,0,0,0
8752,0,0,1,0,0,0,0,8,170,40.158906592521575,0.9999999998770086,1,1,0,1,0,0,0,0,0,0,6,0,0,0,0,0,0,1,0,0,0,7,0,0,0,0,0,0,0,1,0,0,0
8753,0,1,1,0,0,0,2,12,144,37.69125084264926,0.9999999985493452,1,4,0,0,0,0,1,0,0,0,9,0,0,0,0,0,0,0,0,0,1,7,0,0,0,0,0,0,0,1,0,0,0
8754,0,1,1,0,0,0,0,63,144,53.5918954783504,0.9999999999999998,1,4,0,0,0,0,1,0,0,0,9,0,0,0,0,0,0,0,0,0,1,5,0,0,0,0,0,1,0,0,0,0,0
8755,0,1,1,1,1,3,0,9,100,11.799850163595885,0.003910585826087457,0,6,0,0,0,0,0,0,1,0,6,0,0,0,0,0,0,1,0,0,0,7,0,0,0,0,0,0,0,1,0,0,0
8757,0,1,1,0,1,0,1,34,92,22.353538870271713,0.9933965577422952,1,6,0,0,0,0,0,0,1,0,6,0,0,0,0,0,0,1,0,0,0,7,0,0,0,0,0,0,0,1,0,0,0
8758,0,0,0,1,0,0,12,9,142,15.844372298701606,0.18307854234091256,0,6,0,0,0,0,0,0,1,0,6,0,0,0,0,0,0,1,0,0,0,7,0,0,0,0,0,0,0,1,0,0,0
8759,0,1,1,0,0,0,0,7,73,1.9789049644777168,2.131871862006076e-07,0,6,0,0,0,0,0,0,1,0,6,0,0,0,0,0,0,1,0,0,0,7,0,0,0,0,0,0,0,1,0,0,0
8760,0,1,0,0,0,0,0,8,162,50.539870480127966,0.9999999999999962,1,6,0,0,0,0,0,0,1,0,6,0,0,0,0,0,0,1,0,0,0,7,0,0,0,0,0,0,0,1,0,0,0
8761,1,0,0,0,0,0,0,4,124,84.76430117344744,1.0,1,6,0,0,0,0,0,0,1,0,6,0,0,0,0,0,0,1,0,0,0,7,0,0,0,0,0,0,0,1,0,0,0
8762,1,1,0,1,0,1,0,4,161,184.03645714479825,1.0,1,6,0,0,0,0,0,0,1,0,6,0,0,0,0,0,0,1,0,0,0,7,0,0,0,0,0,0,0,1,0,0,1
8763,0,1,1,0,0,0,0,8,94,9.9298554671425,0.0006047173294886577,0,6,0,0,0,0,0,0,1,0,6,0,0,0,0,0,0,1,0,0,0,7,0,0,0,0,0,0,0,1,0,0,0
8766,0,0,0,0,0,0,7,5,72,5.274877614424254,5.7568037464928905e-06,0,6,0,0,0,0,0,0,1,0,6,0,0,0,0,0,0,1,0,0,0,7,0,0,0,0,0,0,0,1,0,0,0
8767,0,0,0,1,0,0,3,14,79,5.232547305208182,5.51820344776809e-06,0,6,0,0,0,0,0,0,1,0,6,0,0,0,0,0,0,1,0,0,0,7,0,0,0,0,0,0,0,1,0,0,0
8768,0,1,1,1,0,0,0,6,104,12.477097070813114,0.0076687531524377095,0,6,0,0,0,0,0,0,1,0,6,0,0,0,0,0,0,1,0,0,0,7,0,0,0,0,0,0,0,1,0,0,0
8770,0,1,0,1,1,0,0,2,144,56.268592898573246,1.0,1,6,0,0,0,0,0,0,1,0,6,0,0,0,0,0,0,1,0,0,0,7,0,0,0,0,0,0,0,1,0,0,0
8774,0,0,0,1,0,0,12,10,155,18.32622465966583,0.7283415773284277,1,6,0,0,0,0,0,0,1,0,6,0,0,0,0,0,0,1,0,0,0,7,0,0,0,0,0,0,0,1,0,0,0
8775,0,0,0,1,0,0,0,10,161,31.020217338509088,0.9999988551288768,1,4,0,0,0,0,1,0,0,0,9,0,0,0,0,0,0,0,0,0,1,7,0,0,0,0,0,0,0,1,0,0,0
8776,0,0,0,0,0,0,0,1,79,5.382203398827295,6.409027528133171e-06,0,6,0,0,0,0,0,0,1,0,6,0,0,0,0,0,0,1,0,0,0,7,0,0,0,0,0,0,0,1,0,0,0
8777,0,1,0,1,0,0,0,12,160,69.92011601443632,1.0,1,6,0,0,0,0,0,0,1,0,6,0,0,0,0,0,0,1,0,0,0,7,0,0,0,0,0,0,0,1,0,0,0
8778,0,0,0,0,0,0,2,2,57,3.652919351666295,1.1370404299613802e-06,0,6,0,0,0,0,0,0,1,0,6,0,0,0,0,0,0,1,0,0,0,7,0,0,0,0,0,0,0,1,0,0,0
8780,1,0,0,0,0,0,1,2,76,19.375595568804254,0.884484019738645,1,6,0,0,0,0,0,0,1,0,6,0,0,0,0,0,0,1,0,0,0,7,0,0,0,0,0,0,0,1,0,0,1
8781,0,0,0,0,0,0,1,7,82,6.813700616871418,2.682097829461864e-05,0,4,0,0,0,0,1,0,0,0,9,0,0,0,0,0,0,0,0,0,1,0,1,0,0,0,0,0,0,0,0,0,0
8782,0,0,1,0,0,0,0,3,52,4.850867618136455,3.767359690421904e-06,0,6,0,0,0,0,0,0,1,0,6,0,0,0,0,0,0,1,0,0,0,7,0,0,0,0,0,0,0,1,0,0,0
8783,0,1,1,0,0,0,0,9,71,1.3514946635984977,1.1383617878855793e-07,0,4,0,0,0,0,1,0,0,0,9,0,0,0,0,0,0,0,0,0,1,7,0,0,0,0,0,0,0,1,0,0,0
8784,0,0,0,1,0,0,0,7,62,4.167223766523474,1.9016699530728991e-06,0,6,0,0,0,0,0,0,1,0,6,0,0,0,0,0,0,1,0,0,0,7,0,0,0,0,0,0,0,1,0,0,0
8785,0,1,1,0,0,0,0,10,133,53.52327087014032,0.9999999999999998,1,6,0,0,0,0,0,0,1,0,6,0,0,0,0,0,0,1,0,0,0,7,0,0,0,0,0,0,0,1,0,0,0
8786,1,0,0,1,0,0,0,6,104,72.38125543773722,1.0,1,6,0,0,0,0,0,0,1,0,6,0,0,0,0,0,0,1,0,0,0,7,0,0,0,0,0,0,0,1,0,0,0
8787,0,0,0,0,0,0,0,5,135,62.76667048088457,1.0,1,6,0,0,0,0,0,0,1,0,6,0,0,0,0,0,0,1,0,0,0,7,0,0,0,0,0,0,0,1,0,0,0
8788,0,0,0,1,0,0,1,6,51,2.409664436548229,3.279725597291077e-07,0,6,0,0,0,0,0,0,1,0,6,0,0,0,0,0,0,1,0,0,0,7,0,0,0,0,0,0,0,1,0,0,0
8789,0,0,0,1,0,0,0,9,115,12.020492093619325,0.004871316128974614,0,6,0,0,0,0,0,0,1,0,6,0,0,0,0,0,0,1,0,0,0,7,0,0,0,0,0,0,0,1,0,0,0
8790,0,0,0,0,0,0,0,4,126,48.51300995692503,0.9999999999999712,1,4,0,0,0,0,1,0,0,0,9,0,0,0,0,0,0,0,0,0,1,7,0,0,0,0,0,0,0,1,0,0,0
8791,0,0,0,0,0,0,0,0,82,27.32233082868464,0.9999537928974506,1,6,0,0,0,0,0,0,1,0,6,0,0,0,0,0,0,1,0,0,0,7,0,0,0,0,0,0,0,1,0,0,0
8793,1,0,0,0,0,0,0,3,142,211.49999730801872,1.0,1,6,0,0,0,0,0,0,1,0,6,0,0,0,0,0,0,1,0,0,0,7,0,0,0,0,0,0,0,1,0,0,0
8795,1,1,0,0,1,0,0,8,97,3.60327140073033,1.081967211896127e-06,0,6,0,0,0,0,0,0,1,0,6,0,0,0,0,0,0,1,0,0,0,7,0,0,0,0,0,0,0,1,0,0,1
8797,0,0,0,1,0,1,0,17,160,51.90965273402579,0.9999999999999992,1,4,0,0,0,0,1,0,0,0,2,0,0,1,0,0,0,0,0,0,0,7,0,0,0,0,0,0,0,1,0,0,0
8799,0,0,1,0,0,0,0,12,116,14.59477894182807,0.06035711495068019,0,4,0,0,0,0,1,0,0,0,9,0,0,0,0,0,0,0,0,0,1,7,0,0,0,0,0,0,0,1,0,0,0
8800,0,1,1,1,0,0,12,14,114,14.768995876180327,0.07102802039587948,0,6,0,0,0,0,0,0,1,0,6,0,0,0,0,0,0,1,0,0,0,7,0,0,0,0,0,0,0,1,0,0,0
8801,0,0,0,0,0,0,0,8,44,2.7131940700258292,4.4428198522129393e-07,0,6,0,0,0,0,0,0,1,0,6,0,0,0,0,0,0,1,0,0,0,7,0,0,0,0,0,0,0,1,0,0,0
8802,1,1,1,0,0,0,0,2,107,30.810435014003247,0.999998587905403,1,6,0,0,0,0,0,0,1,0,6,0,0,0,0,0,0,1,0,0,0,7,0,0,0,0,0,0,0,1,0,0,0
8804,0,0,0,0,0,0,4,5,104,14.429266692835878,0.05162552070101197,0,4,0,0,0,0,1,0,0,0,9,0,0,0,0,0,0,0,0,0,1,4,0,0,0,0,1,0,0,0,0,0,0
8805,0,0,0,0,0,0,0,1,22,2.570459950434332,3.851856408864505e-07,0,6,0,0,0,0,0,0,1,0,6,0,0,0,0,0,0,1,0,0,0,7,0,0,0,0,0,0,0,1,0,0,0
8806,0,0,0,0,0,0,0,2,59,5.91121927452738,1.0877744953994633e-05,0,7,0,0,0,0,0,0,0,1,0,1,0,0,0,0,0,0,0,0,0,7,0,0,0,0,0,0,0,1,0,0,0
8808,0,1,1,0,1,0,1,11,145,19.003943873997684,0.8407667110782203,1,4,0,0,0,0,1,0,0,0,9,0,0,0,0,0,0,0,0,0,1,7,0,0,0,0,0,0,0,1,0,0,0
8810,1,1,0,1,0,0,2,12,135,62.87190868889157,1.0,1,0,1,0,0,0,0,0,0,0,6,0,0,0,0,0,0,1,0,0,0,7,0,0,0,0,0,0,0,1,0,0,1
8812,0,0,0,0,0,0,0,2,61,7.733509409947708,6.728603286105897e-05,0,6,0,0,0,0,0,0,1,0,6,0,0,0,0,0,0,1,0,0,0,7,0,0,0,0,0,0,0,1,0,0,0
8815,0,1,1,0,0,0,0,20,132,21.227836652402907,0.979921771062124,1,5,0,0,0,0,0,1,0,0,1,0,1,0,0,0,0,0,0,0,0,7,0,0,0,0,0,0,0,1,0,0,0
8816,1,0,0,1,0,1,1,5,128,106.34373406662752,1.0,1,4,0,0,0,0,1,0,0,0,9,0,0,0,0,0,0,0,0,0,1,7,0,0,0,0,0,0,0,1,0,0,0
8817,0,1,1,0,0,0,0,6,60,3.0620841836559247,6.297666732315445e-07,0,4,0,0,0,0,1,0,0,0,9,0,0,0,0,0,0,0,0,0,1,7,0,0,0,0,0,0,0,1,0,0,0
8823,0,0,1,1,1,0,0,21,147,18.74353361213367,0.8027440207454497,1,2,0,0,1,0,0,0,0,0,6,0,0,0,0,0,0,1,0,0,0,7,0,0,0,0,0,0,0,1,0,0,0
8825,1,1,1,0,0,0,1,8,157,26.697394183455092,0.9999136826989656,1,4,0,0,0,0,1,0,0,0,2,0,0,1,0,0,0,0,0,0,0,7,0,0,0,0,0,0,0,1,0,0,1
8829,0,1,0,1,0,0,0,5,37,1.782364528005019,1.7514780015785967e-07,0,6,0,0,0,0,0,0,1,0,6,0,0,0,0,0,0,1,0,0,0,7,0,0,0,0,0,0,0,1,0,0,0
8830,0,0,0,0,0,0,4,4,81,11.331399928817714,0.0024515015060420572,0,4,0,0,0,0,1,0,0,0,9,0,0,0,0,0,0,0,0,0,1,7,0,0,0,0,0,0,0,1,0,0,0
8831,0,1,0,1,1,0,1,11,112,10.397455684366607,0.0009648772578191516,0,6,0,0,0,0,0,0,1,0,6,0,0,0,0,0,0,1,0,0,0,0,1,0,0,0,0,0,0,0,0,0,1
8832,1,0,0,0,0,0,0,28,121,95.67162386896759,1.0,1,6,0,0,0,0,0,0,1,0,6,0,0,0,0,0,0,1,0,0,0,7,0,0,0,0,0,0,0,1,0,0,0
8835,0,1,1,1,0,0,0,15,148,17.750279992003676,0.6011550137777993,1,7,0,0,0,0,0,0,0,1,6,0,0,0,0,0,0,1,0,0,0,7,0,0,0,0,0,0,0,1,0,0,0
8836,0,0,0,0,0,0,14,14,98,21.725795932457476,0.987700196648666,1,1,0,1,0,0,0,0,0,0,6,0,0,0,0,0,0,1,0,0,0,7,0,0,0,0,0,0,0,1,0,0,0
8837,0,1,1,0,1,0,0,15,106,5.80742067091296,9.80528399512148e-06,0,5,0,0,0,0,0,1,0,0,1,0,1,0,0,0,0,0,0,0,0,7,0,0,0,0,0,0,0,1,0,0,0
8838,0,1,1,1,0,0,0,10,89,14.000071553674385,0.034226522825139744,0,6,0,0,0,0,0,0,1,0,6,0,0,0,0,0,0,1,0,0,0,7,0,0,0,0,0,0,0,1,0,0,0
8839,0,0,0,0,0,0,0,0,43,4.6154368041855465,2.977084259305228e-06,0,6,0,0,0,0,0,0,1,0,6,0,0,0,0,0,0,1,0,0,0,7,0,0,0,0,0,0,0,1,0,0,0
8840,0,0,0,0,0,0,0,6,94,25.92237830168709,0.9998126563005144,1,4,0,0,0,0,1,0,0,0,9,0,0,0,0,0,0,0,0,0,1,7,0,0,0,0,0,0,0,1,0,0,0
8841,0,1,1,1,0,0,0,18,128,8.149568723437557,0.00010200045517193442,0,6,0,0,0,0,0,0,1,0,6,0,0,0,0,0,0,1,0,0,0,7,0,0,0,0,0,0,0,1,0,0,0
8842,0,0,0,0,0,0,4,1,68,7.011499806513576,3.268700757014693e-05,0,6,0,0,0,0,0,0,1,0,6,0,0,0,0,0,0,1,0,0,0,7,0,0,0,0,0,0,0,1,0,0,0
8843,0,0,0,1,0,1,0,6,56,5.430108165739743,6.723521164794148e-06,0,6,0,0,0,0,0,0,1,0,6,0,0,0,0,0,0,1,0,0,0,7,0,0,0,0,0,0,0,1,0,0,0
8844,0,0,0,0,0,0,0,4,67,12.234962372786436,0.0060295348344930645,0,4,0,0,0,0,1,0,0,0,9,0,0,0,0,0,0,0,0,0,1,7,0,0,0,0,0,0,0,1,0,0,0
8846,0,0,0,0,0,0,0,2,43,4.701198684029429,3.2436719251241963e-06,0,7,0,0,0,0,0,0,0,1,6,0,0,0,0,0,0,1,0,0,0,7,0,0,0,0,0,0,0,1,0,0,0
8848,0,0,0,0,0,0,0,10,71,5.2200014572320095,5.449405748597944e-06,0,6,0,0,0,0,0,0,1,0,6,0,0,0,0,0,0,1,0,0,0,7,0,0,0,0,0,0,0,1,0,0,0
8850,0,0,0,0,0,0,3,18,141,89.42029315767626,1.0,1,6,0,0,0,0,0,0,1,0,6,0,0,0,0,0,0,1,0,0,0,7,0,0,0,0,0,0,0,1,0,0,0
8851,0,0,0,0,0,0,0,2,99,42.68154503328182,0.9999999999901305,1,6,0,0,0,0,0,0,1,0,6,0,0,0,0,0,0,1,0,0,0,7,0,0,0,0,0,0,0,1,0,0,0
8852,0,0,0,0,0,0,0,34,102,147.5570403183455,1.0,1,6,0,0,0,0,0,0,1,0,6,0,0,0,0,0,0,1,0,0,0,7,0,0,0,0,0,0,0,1,0,0,0
8853,0,0,0,0,0,0,0,46,86,175.79891436682644,1.0,1,4,0,0,0,0,1,0,0,0,9,0,0,0,0,0,0,0,0,0,1,2,0,0,1,0,0,0,0,0,0,0,0
8854,0,0,0,1,0,0,1,2,107,28.277536403605808,0.9999822220953168,1,6,0,0,0,0,0,0,1,0,6,0,0,0,0,0,0,1,0,0,0,7,0,0,0,0,0,0,0,1,0,0,0
8855,0,0,0,0,0,0,2,1,25,2.7180774731056063,4.4645689843430996e-07,0,6,0,0,0,0,0,0,1,0,6,0,0,0,0,0,0,1,0,0,0,7,0,0,0,0,0,0,0,1,0,0,0
8856,0,1,0,0,0,0,0,5,85,14.792533123149955,0.07259684725539822,0,6,0,0,0,0,0,0,1,0,6,0,0,0,0,0,0,1,0,0,0,7,0,0,0,0,0,0,0,1,0,0,0
8857,0,0,0,0,0,0,0,3,51,6.36093634494037,1.7054768601376395e-05,0,4,0,0,0,0,1,0,0,0,9,0,0,0,0,0,0,0,0,0,1,7,0,0,0,0,0,0,0,1,0,0,0
8858,0,0,0,0,0,0,2,0,115,24.20577911312093,0.9989582168214748,1,6,0,0,0,0,0,0,1,0,6,0,0,0,0,0,0,1,0,0,0,7,0,0,0,0,0,0,0,1,0,0,0
8859,0,0,0,0,0,0,0,18,99,38.11011984544432,0.9999999990457732,1,6,0,0,0,0,0,0,1,0,6,0,0,0,0,0,0,1,0,0,0,7,0,0,0,0,0,0,0,1,0,0,0
8860,0,0,0,0,0,0,0,1,45,8.004576109185441,8.823453403462953e-05,0,6,0,0,0,0,0,0,1,0,6,0,0,0,0,0,0,1,0,0,0,7,0,0,0,0,0,0,0,1,0,0,0
8862,0,0,0,0,0,0,0,1,41,3.187034048751117,7.135832954247814e-07,0,6,0,0,0,0,0,0,1,0,6,0,0,0,0,0,0,1,0,0,0,7,0,0,0,0,0,0,0,1,0,0,0
8863,1,0,0,1,0,0,0,6,160,158.4080740105029,1.0,1,6,0,0,0,0,0,0,1,0,6,0,0,0,0,0,0,1,0,0,0,7,0,0,0,0,0,0,0,1,0,0,0
8864,0,1,1,0,0,0,0,65,130,16.927851094534972,0.3983969660374789,0,6,0,0,0,0,0,0,1,0,6,0,0,0,0,0,0,1,0,0,0,7,0,0,0,0,0,0,0,1,0,0,0
8865,0,0,0,1,0,0,0,1,79,7.767867513542787,6.96378632212391e-05,0,6,0,0,0,0,0,0,1,0,6,0,0,0,0,0,0,1,0,0,0,7,0,0,0,0,0,0,0,1,0,0,0
8866,0,0,0,0,0,0,0,10,110,33.1895876436744,0.999999869198872,1,6,0,0,0,0,0,0,1,0,6,0,0,0,0,0,0,1,0,0,0,7,0,0,0,0,0,0,0,1,0,0,0
8869,0,0,0,1,0,0,0,6,55,5.56097594694617,7.663576963746676e-06,0,4,0,0,0,0,1,0,0,0,9,0,0,0,0,0,0,0,0,0,1,7,0,0,0,0,0,0,0,1,0,0,0
8871,0,0,0,0,0,0,0,4,42,10.959219968743641,0.0016909371119486426,0,6,0,0,0,0,0,0,1,0,6,0,0,0,0,0,0,1,0,0,0,7,0,0,0,0,0,0,0,1,0,0,0
8872,1,0,0,1,0,1,0,7,117,36.259725956377885,0.9999999939288996,1,6,0,0,0,0,0,0,1,0,6,0,0,0,0,0,0,1,0,0,0,7,0,0,0,0,0,0,0,1,0,0,1
8875,0,1,1,0,0,0,1,11,126,23.268014574531282,0.9973433113456002,1,6,0,0,0,0,0,0,1,0,6,0,0,0,0,0,0,1,0,0,0,7,0,0,0,0,0,0,0,1,0,0,0
8878,0,1,1,0,0,0,0,4,61,1.6788507462294016,1.5792439806474087e-07,0,6,0,0,0,0,0,0,1,0,6,0,0,0,0,0,0,1,0,0,0,7,0,0,0,0,0,0,0,1,0,0,0
8880,1,0,0,0,0,0,0,2,41,22.218097471607322,0.99244601569015,1,6,0,0,0,0,0,0,1,0,6,0,0,0,0,0,0,1,0,0,0,7,0,0,0,0,0,0,0,1,0,0,0
8881,0,0,0,0,0,0,0,1,131,47.660230954450036,0.999999999999932,1,6,0,0,0,0,0,0,1,0,6,0,0,0,0,0,0,1,0,0,0,7,0,0,0,0,0,0,0,1,0,0,0
8883,0,0,0,1,0,0,0,5,87,20.520537792184204,0.9600952752219176,1,6,0,0,0,0,0,0,1,0,6,0,0,0,0,0,0,1,0,0,0,7,0,0,0,0,0,0,0,1,0,0,0
8885,0,0,0,0,0,0,0,3,38,2.232820986975674,2.7481181356573216e-07,0,4,0,0,0,0,1,0,0,0,9,0,0,0,0,0,0,0,0,0,1,7,0,0,0,0,0,0,0,1,0,0,0
8886,0,0,0,0,0,0,2,3,69,20.748217144366066,0.9679603567288364,1,6,0,0,0,0,0,0,1,0,6,0,0,0,0,0,0,1,0,0,0,7,0,0,0,0,0,0,0,1,0,0,0
8887,0,0,1,0,0,0,0,8,163,36.100895687922225,0.9999999928838266,1,4,0,0,0,0,1,0,0,0,2,0,0,1,0,0,0,0,0,0,0,7,0,0,0,0,0,0,0,1,0,0,0
8888,0,0,0,1,0,0,1,4,109,14.793195299951934,0.07264144195107375,0,1,0,1,0,0,0,0,0,0,6,0,0,0,0,0,0,1,0,0,0,7,0,0,0,0,0,0,0,1,0,0,0
8890,0,0,0,0,0,0,0,4,64,14.871191912476672,0.07807398399333831,0,6,0,0,0,0,0,0,1,0,6,0,0,0,0,0,0,1,0,0,0,5,0,0,0,0,0,1,0,0,0,0,0
8892,0,1,1,0,1,0,0,10,99,4.978736217555686,4.281239173773735e-06,0,4,0,0,0,0,1,0,0,0,9,0,0,0,0,0,0,0,0,0,1,7,0,0,0,0,0,0,0,1,0,0,0
8893,1,0,0,0,0,0,0,5,93,50.04950933369454,0.9999999999999938,1,2,0,0,1,0,0,0,0,0,8,0,0,0,0,0,0,0,0,1,0,7,0,0,0,0,0,0,0,1,0,0,1
8896,0,0,0,0,0,0,0,3,150,75.4614970861669,1.0,1,6,0,0,0,0,0,0,1,0,6,0,0,0,0,0,0,1,0,0,0,7,0,0,0,0,0,0,0,1,0,0,0
8899,0,1,0,0,0,0,0,3,161,70.98130200969888,1.0,1,4,0,0,0,0,1,0,0,0,9,0,0,0,0,0,0,0,0,0,1,7,0,0,0,0,0,0,0,1,0,0,0
8900,0,0,0,1,0,0,0,18,165,24.787393799798974,0.9994173807013158,1,4,0,0,0,0,1,0,0,0,9,0,0,0,0,0,0,0,0,0,1,7,0,0,0,0,0,0,0,1,0,0,1
8902,1,1,1,0,1,0,0,13,137,39.706422541943006,0.9999999998066312,1,6,0,0,0,0,0,0,1,0,6,0,0,0,0,0,0,1,0,0,0,7,0,0,0,0,0,0,0,1,0,0,1
8903,0,0,0,1,0,0,0,4,71,8.574390869522546,0.00015598275130347932,0,2,0,0,1,0,0,0,0,0,8,0,0,0,0,0,0,0,0,1,0,7,0,0,0,0,0,0,0,1,0,0,0
8905,1,1,1,0,1,0,0,14,157,22.51876051100736,0.9943965885569104,1,6,0,0,0,0,0,0,1,0,6,0,0,0,0,0,0,1,0,0,0,7,0,0,0,0,0,0,0,1,0,0,0
8906,0,0,0,0,0,0,0,5,105,27.0591763081647,0.999939884114038,1,4,0,0,0,0,1,0,0,0,9,0,0,0,0,0,0,0,0,0,1,7,0,0,0,0,0,0,0,1,0,0,0
8907,0,1,1,0,0,0,0,20,158,11.894296877656615,0.004296267547780238,0,4,0,0,0,0,1,0,0,0,9,0,0,0,0,0,0,0,0,0,1,5,0,0,0,0,0,1,0,0,0,0,0
8908,1,0,0,1,0,0,0,7,117,34.618442146166146,0.9999999686622432,1,5,0,0,0,0,0,1,0,0,1,0,1,0,0,0,0,0,0,0,0,7,0,0,0,0,0,0,0,1,0,0,0
8912,0,1,1,0,1,0,0,16,137,39.706422541943006,0.9999999998066312,1,6,0,0,0,0,0,0,1,0,6,0,0,0,0,0,0,1,0,0,0,7,0,0,0,0,0,0,0,1,0,0,1
8913,1,0,1,1,0,1,0,1,74,4.76807050447055,3.4679983891564293e-06,0,6,0,0,0,0,0,0,1,0,6,0,0,0,0,0,0,1,0,0,0,7,0,0,0,0,0,0,0,1,0,0,1
8914,0,1,1,0,1,0,1,12,128,15.723924529172635,0.16574682210762645,0,4,0,0,0,0,1,0,0,0,2,0,0,1,0,0,0,0,0,0,0,3,0,0,0,1,0,0,0,0,0,0,1
8916,1,0,0,1,1,1,1,15,148,17.354886651787346,0.5037215942178036,1,6,0,0,0,0,0,0,1,0,6,0,0,0,0,0,0,1,0,0,0,7,0,0,0,0,0,0,0,1,0,0,1
8920,0,0,0,1,0,0,0,7,124,33.33500622205688,0.9999998869014568,1,6,0,0,0,0,0,0,1,0,6,0,0,0,0,0,0,1,0,0,0,7,0,0,0,0,0,0,0,1,0,0,1
8921,0,0,0,0,0,0,0,6,87,14.50044109151415,0.05522354673597188,0,4,0,0,0,0,1,0,0,0,9,0,0,0,0,0,0,0,0,0,1,7,0,0,0,0,0,0,0,1,0,0,0
8923,1,1,0,0,1,1,0,14,156,181.37354339882145,1.0,1,4,0,0,0,0,1,0,0,0,9,0,0,0,0,0,0,0,0,0,1,7,0,0,0,0,0,0,0,1,0,0,1
8924,1,1,1,0,1,0,0,17,137,39.706422541943006,0.9999999998066312,1,6,0,0,0,0,0,0,1,0,6,0,0,0,0,0,0,1,0,0,0,7,0,0,0,0,0,0,0,1,0,0,1
8926,1,0,0,1,0,0,0,4,66,20.819480144588198,0.9700982441019448,1,6,0,0,0,0,0,0,1,0,6,0,0,0,0,0,0,1,0,0,0,7,0,0,0,0,0,0,0,1,0,0,1
8927,0,0,0,0,0,0,0,1,155,73.70029186890476,1.0,1,6,0,0,0,0,0,0,1,0,6,0,0,0,0,0,0,1,0,0,0,7,0,0,0,0,0,0,0,1,0,0,0
8931,0,1,1,0,1,0,1,14,163,20.46457111659607,0.9578949776742972,1,2,0,0,1,0,0,0,0,0,8,0,0,0,0,0,0,0,0,1,0,7,0,0,0,0,0,0,0,1,0,0,0
8933,0,1,1,0,1,0,0,14,155,13.610235255869313,0.02343605132475425,0,6,0,0,0,0,0,0,1,0,6,0,0,0,0,0,0,1,0,0,0,7,0,0,0,0,0,0,0,1,0,0,0
8934,1,1,1,1,0,0,0,13,141,94.34302091301808,1.0,1,2,0,0,1,0,0,0,0,0,8,0,0,0,0,0,0,0,0,1,0,7,0,0,0,0,0,0,0,1,0,0,1
8935,1,0,1,0,0,0,1,9,162,27.653319761356364,0.9999668130207052,1,6,0,0,0,0,0,0,1,0,6,0,0,0,0,0,0,1,0,0,0,7,0,0,0,0,0,0,0,1,0,0,1
8936,1,1,1,0,1,0,0,54,153,240.28404565882173,1.0,1,4,0,0,0,0,1,0,0,0,9,0,0,0,0,0,0,0,0,0,1,5,0,0,0,0,0,1,0,0,0,0,0
8938,0,0,0,0,0,0,0,10,167,102.54279987655292,1.0,1,6,0,0,0,0,0,0,1,0,6,0,0,0,0,0,0,1,0,0,0,7,0,0,0,0,0,0,0,1,0,0,0
8939,1,0,1,1,0,0,0,12,158,87.44594729072827,1.0,1,4,0,0,0,0,1,0,0,0,9,0,0,0,0,0,0,0,0,0,1,7,0,0,0,0,0,0,0,1,0,0,1
8941,0,1,0,0,1,0,0,8,153,58.98006769576386,1.0,1,2,0,0,1,0,0,0,0,0,6,0,0,0,0,0,0,1,0,0,0,7,0,0,0,0,0,0,0,1,0,0,1
8942,0,0,0,0,0,0,0,7,22,4.473766977226076,2.5838355735055774e-06,0,6,0,0,0,0,0,0,1,0,6,0,0,0,0,0,0,1,0,0,0,7,0,0,0,0,0,0,0,1,0,0,1
8944,0,1,1,0,1,0,0,13,143,15.448712473199263,0.13109773614510845,0,6,0,0,0,0,0,0,1,0,6,0,0,0,0,0,0,1,0,0,0,7,0,0,0,0,0,0,0,1,0,0,0
8945,1,1,1,0,0,1,0,15,152,41.83966461650114,0.999999999977095,1,4,0,0,0,0,1,0,0,0,9,0,0,0,0,0,0,0,0,0,1,7,0,0,0,0,0,0,0,1,0,0,1
8946,1,0,0,0,0,0,0,1,65,15.159258652180133,0.10149330262612542,0,6,0,0,0,0,0,0,1,0,6,0,0,0,0,0,0,1,0,0,0,7,0,0,0,0,0,0,0,1,0,0,1
8947,0,0,0,0,0,0,1,5,64,7.734965027978946,6.738404033738266e-05,0,6,0,0,0,0,0,0,1,0,6,0,0,0,0,0,0,1,0,0,0,7,0,0,0,0,0,0,0,1,0,0,0
8948,0,1,1,0,0,1,0,27,131,21.943860257688,0.990086160478192,1,6,0,0,0,0,0,0,1,0,6,0,0,0,0,0,0,1,0,0,0,7,0,0,0,0,0,0,0,1,0,0,0
8949,1,1,1,0,1,0,0,12,108,8.477965435734019,0.00014164647450490566,0,4,0,0,0,0,1,0,0,0,9,0,0,0,0,0,0,0,0,0,1,1,0,1,0,0,0,0,0,0,0,0,1
8952,1,0,0,0,0,1,0,0,145,239.51162564118422,1.0,1,6,0,0,0,0,0,0,1,0,6,0,0,0,0,0,0,1,0,0,0,7,0,0,0,0,0,0,0,1,0,0,1
8953,1,0,0,1,0,1,0,1,82,12.951747287509455,0.012269992847524565,0,6,0,0,0,0,0,0,1,0,6,0,0,0,0,0,0,1,0,0,0,7,0,0,0,0,0,0,0,1,0,0,1
8955,0,0,0,1,0,0,0,4,129,45.85700117331411,0.9999999999995876,1,6,0,0,0,0,0,0,1,0,6,0,0,0,0,0,0,1,0,0,0,7,0,0,0,0,0,0,0,1,0,0,0
8956,0,1,1,0,0,0,0,16,96,16.655736042476303,0.3353102968645025,0,6,0,0,0,0,0,0,1,0,6,0,0,0,0,0,0,1,0,0,0,7,0,0,0,0,0,0,0,1,0,0,0
8957,1,0,0,0,0,0,4,2,86,38.07094997820894,0.9999999990076548,1,6,0,0,0,0,0,0,1,0,6,0,0,0,0,0,0,1,0,0,0,7,0,0,0,0,0,0,0,1,0,0,1
8959,1,0,1,0,1,0,0,13,168,42.92163819459029,0.9999999999922368,1,4,0,0,0,0,1,0,0,0,9,0,0,0,0,0,0,0,0,0,1,2,0,0,1,0,0,0,0,0,0,0,1
8961,1,1,1,0,0,0,0,11,97,49.16574109298242,0.9999999999999848,1,4,0,0,0,0,1,0,0,0,9,0,0,0,0,0,0,0,0,0,1,7,0,0,0,0,0,0,0,1,0,0,1
8962,0,0,0,0,0,0,0,3,90,24.45165351061282,0.9991851192085656,1,6,0,0,0,0,0,0,1,0,6,0,0,0,0,0,0,1,0,0,0,7,0,0,0,0,0,0,0,1,0,0,0
8963,0,1,1,0,1,0,0,16,113,6.664586454516049,2.3105574450968493e-05,0,6,0,0,0,0,0,0,1,0,6,0,0,0,0,0,0,1,0,0,0,7,0,0,0,0,0,0,0,1,0,0,0
8965,0,1,0,0,0,0,0,6,92,40.08385201931164,0.9999999998674224,1,2,0,0,1,0,0,0,0,0,8,0,0,0,0,0,0,0,0,1,0,7,0,0,0,0,0,0,0,1,0,0,0
8966,1,1,1,0,1,0,1,10,108,6.949235073368407,3.071388759525549e-05,0,6,0,0,0,0,0,0,1,0,6,0,0,0,0,0,0,1,0,0,0,7,0,0,0,0,0,0,0,1,0,0,1
8967,0,1,1,0,0,0,0,32,162,48.61182208487187,0.9999999999999738,1,4,0,0,0,0,1,0,0,0,9,0,0,0,0,0,0,0,0,0,1,7,0,0,0,0,0,0,0,1,0,0,0
8968,0,0,0,0,0,0,4,4,36,3.1643286718449843,6.975636829355375e-07,0,4,0,0,0,0,1,0,0,0,9,0,0,0,0,0,0,0,0,0,1,7,0,0,0,0,0,0,0,1,0,0,1
8969,0,0,0,1,0,0,0,6,62,8.924125353916997,0.0002212768451526165,0,1,0,1,0,0,0,0,0,0,4,0,0,0,0,1,0,0,0,0,0,7,0,0,0,0,0,0,0,1,0,0,0
8970,0,1,1,0,0,0,0,18,142,17.582084735223205,0.5602273353577427,1,6,0,0,0,0,0,0,1,0,6,0,0,0,0,0,0,1,0,0,0,7,0,0,0,0,0,0,0,1,0,0,0
8971,1,1,1,0,1,0,0,21,150,97.18814752267971,1.0,1,4,0,0,0,0,1,0,0,0,9,0,0,0,0,0,0,0,0,0,1,7,0,0,0,0,0,0,0,1,0,0,1
8972,1,1,1,0,1,0,0,5,116,44.54749343120788,0.9999999999984726,1,6,0,0,0,0,0,0,1,0,6,0,0,0,0,0,0,1,0,0,0,7,0,0,0,0,0,0,0,1,0,0,1
8973,0,0,0,0,0,1,6,4,82,6.7109177469389865,2.42012456109478e-05,0,6,0,0,0,0,0,0,1,0,6,0,0,0,0,0,0,1,0,0,0,7,0,0,0,0,0,0,0,1,0,0,0
8974,1,0,0,0,0,0,0,1,36,14.544949255599654,0.05759221103620981,0,6,0,0,0,0,0,0,1,0,6,0,0,0,0,0,0,1,0,0,0,7,0,0,0,0,0,0,0,1,0,0,1
8976,1,1,1,0,0,0,0,15,154,36.590093201346185,0.9999999956369444,1,4,0,0,0,0,1,0,0,0,9,0,0,0,0,0,0,0,0,0,1,7,0,0,0,0,0,0,0,1,0,0,1
8978,0,0,0,0,0,0,0,4,62,31.630795813789288,0.9999993782927012,1,6,0,0,0,0,0,0,1,0,6,0,0,0,0,0,0,1,0,0,0,7,0,0,0,0,0,0,0,1,0,0,0
8979,1,1,1,0,0,0,1,41,172,64.07878481199069,1.0,1,2,0,0,1,0,0,0,0,0,6,0,0,0,0,0,0,1,0,0,0,7,0,0,0,0,0,0,0,1,0,0,1
8980,0,0,0,0,0,0,0,3,87,34.711896441331284,0.9999999714582092,1,6,0,0,0,0,0,0,1,0,6,0,0,0,0,0,0,1,0,0,0,7,0,0,0,0,0,0,0,1,0,0,1
8983,0,0,0,1,0,2,8,8,125,24.968316002223066,0.9995137571479672,1,6,0,0,0,0,0,0,1,0,6,0,0,0,0,0,0,1,0,0,0,7,0,0,0,0,0,0,0,1,0,0,0
8985,1,1,1,0,1,0,0,15,129,35.66166929696814,0.9999999889592108,1,4,0,0,0,0,1,0,0,0,9,0,0,0,0,0,0,0,0,0,1,7,0,0,0,0,0,0,0,1,0,0,1
8986,1,1,0,0,0,0,0,5,147,121.63398375730006,1.0,1,4,0,0,0,0,1,0,0,0,9,0,0,0,0,0,0,0,0,0,1,7,0,0,0,0,0,0,0,1,0,0,1
8987,1,1,1,0,0,0,0,14,103,42.09293729767157,0.9999999999822198,1,7,0,0,0,0,0,0,0,1,6,0,0,0,0,0,0,1,0,0,0,7,0,0,0,0,0,0,0,1,0,0,1
8989,1,0,0,0,0,0,0,4,138,182.18449421031482,1.0,1,6,0,0,0,0,0,0,1,0,6,0,0,0,0,0,0,1,0,0,0,7,0,0,0,0,0,0,0,1,0,0,1
8992,0,0,0,0,0,0,0,7,125,21.27211587821189,0.9807747043100924,1,7,0,0,0,0,0,0,0,1,6,0,0,0,0,0,0,1,0,0,0,7,0,0,0,0,0,0,0,1,0,0,0
8993,0,1,0,1,0,0,0,7,104,5.571162305232473,7.742039244081288e-06,0,6,0,0,0,0,0,0,1,0,6,0,0,0,0,0,0,1,0,0,0,7,0,0,0,0,0,0,0,1,0,0,0
8994,0,1,1,0,0,2,2,18,137,6.449156288144955,1.862767202236593e-05,0,6,0,0,0,0,0,0,1,0,6,0,0,0,0,0,0,1,0,0,0,7,0,0,0,0,0,0,0,1,0,0,0
8996,0,0,0,1,0,0,0,7,87,11.85014707835369,0.004111477301474052,0,4,0,0,0,0,1,0,0,0,9,0,0,0,0,0,0,0,0,0,1,7,0,0,0,0,0,0,0,1,0,0,0
8998,0,0,0,1,0,0,0,15,162,71.71284131654583,1.0,1,4,0,0,0,0,1,0,0,0,9,0,0,0,0,0,0,0,0,0,1,7,0,0,0,0,0,0,0,1,0,0,0
8999,0,1,1,0,0,0,0,16,158,39.538359134031204,0.9999999997712424,1,6,0,0,0,0,0,0,1,0,6,0,0,0,0,0,0,1,0,0,0,7,0,0,0,0,0,0,0,1,0,0,0
9000,0,0,0,0,1,0,0,10,131,11.097923801835996,0.0019420326067487567,0,4,0,0,0,0,1,0,0,0,9,0,0,0,0,0,0,0,0,0,1,7,0,0,0,0,0,0,0,1,0,0,0
9001,0,1,1,0,0,0,0,8,118,10.418311389205147,0.000985191727876632,0,4,0,0,0,0,1,0,0,0,9,0,0,0,0,0,0,0,0,0,1,2,0,0,1,0,0,0,0,0,0,0,0
9002,0,0,0,1,0,1,2,5,77,4.994094178477223,4.347497485790436e-06,0,4,0,0,0,0,1,0,0,0,9,0,0,0,0,0,0,0,0,0,1,7,0,0,0,0,0,0,0,1,0,0,0
9005,0,1,1,0,0,0,0,10,162,12.002315692998607,0.0047839927410995966,0,4,0,0,0,0,1,0,0,0,2,0,0,1,0,0,0,0,0,0,0,7,0,0,0,0,0,0,0,1,0,0,0
9006,0,0,0,1,0,4,1,11,84,12.942828989851792,0.012162376885790577,0,6,0,0,0,0,0,0,1,0,6,0,0,0,0,0,0,1,0,0,0,7,0,0,0,0,0,0,0,1,0,0,0
9007,0,1,1,0,0,1,0,17,124,3.860515876787371,1.3993740582289543e-06,0,6,0,0,0,0,0,0,1,0,6,0,0,0,0,0,0,1,0,0,0,7,0,0,0,0,0,0,0,1,0,0,0
9008,0,0,0,1,0,0,0,5,73,7.441153733989048,5.023008051118407e-05,0,6,0,0,0,0,0,0,1,0,6,0,0,0,0,0,0,1,0,0,0,7,0,0,0,0,0,0,0,1,0,0,0
9009,0,1,1,0,0,0,0,8,66,1.8641676832817216,1.9007777493199275e-07,0,6,0,0,0,0,0,0,1,0,6,0,0,0,0,0,0,1,0,0,0,7,0,0,0,0,0,0,0,1,0,0,0
9012,0,1,1,0,0,0,2,13,123,3.7653176226661933,1.272300791577401e-06,0,4,0,0,0,0,1,0,0,0,9,0,0,0,0,0,0,0,0,0,1,2,0,0,1,0,0,0,0,0,0,0,0
9016,0,1,0,0,0,0,0,2,73,7.081515653946142,3.505755550033349e-05,0,6,0,0,0,0,0,0,1,0,6,0,0,0,0,0,0,1,0,0,0,7,0,0,0,0,0,0,0,1,0,0,0
9018,0,1,1,0,0,0,0,8,74,0.26145220839600714,3.8271978902270096e-08,0,6,0,0,0,0,0,0,1,0,6,0,0,0,0,0,0,1,0,0,0,7,0,0,0,0,0,0,0,1,0,0,0
9020,0,1,1,0,0,0,0,12,90,2.0443461565665118,2.27605021743436e-07,0,6,0,0,0,0,0,0,1,0,6,0,0,0,0,0,0,1,0,0,0,7,0,0,0,0,0,0,0,1,0,0,0
9022,0,0,0,1,0,0,0,6,74,7.554153153436746,5.623883154096892e-05,0,6,0,0,0,0,0,0,1,0,6,0,0,0,0,0,0,1,0,0,0,7,0,0,0,0,0,0,0,1,0,0,0
9023,0,1,0,0,0,1,0,6,135,29.33501393576448,0.9999938251138364,1,4,0,0,0,0,1,0,0,0,9,0,0,0,0,0,0,0,0,0,1,7,0,0,0,0,0,0,0,1,0,0,0
9025,0,0,0,1,0,0,0,7,80,4.705372855161137,3.2572398203910492e-06,0,4,0,0,0,0,1,0,0,0,9,0,0,0,0,0,0,0,0,0,1,7,0,0,0,0,0,0,0,1,0,0,0
9026,0,0,0,0,0,0,2,4,70,10.372387566864976,0.0009410127313287881,0,6,0,0,0,0,0,0,1,0,6,0,0,0,0,0,0,1,0,0,0,7,0,0,0,0,0,0,0,1,0,0,0
9027,0,0,0,0,0,1,0,2,88,21.095987318750666,0.977156658668091,1,6,0,0,0,0,0,0,1,0,6,0,0,0,0,0,0,1,0,0,0,7,0,0,0,0,0,0,0,1,0,0,0
9028,0,0,0,0,1,0,0,14,127,27.07302839065526,0.9999407110542328,1,0,1,0,0,0,0,0,0,0,6,0,0,0,0,0,0,1,0,0,0,7,0,0,0,0,0,0,0,1,0,0,0
9029,1,1,1,0,1,0,2,15,178,98.16606080526053,1.0,1,6,0,0,0,0,0,0,1,0,6,0,0,0,0,0,0,1,0,0,0,7,0,0,0,0,0,0,0,1,0,0,0
9030,0,1,1,0,0,0,2,7,70,2.0274321729727203,2.2378768915736517e-07,0,6,0,0,0,0,0,0,1,0,6,0,0,0,0,0,0,1,0,0,0,7,0,0,0,0,0,0,0,1,0,0,0
9031,0,0,0,0,0,0,0,2,88,20.553660987539864,0.9613451402715923,1,6,0,0,0,0,0,0,1,0,6,0,0,0,0,0,0,1,0,0,0,7,0,0,0,0,0,0,0,1,0,0,0
9033,0,1,1,0,0,0,0,4,149,33.98406359920763,0.9999999409016987,1,6,0,0,0,0,0,0,1,0,6,0,0,0,0,0,0,1,0,0,0,7,0,0,0,0,0,0,0,1,0,0,1
9034,1,0,0,0,0,0,0,17,165,78.40918525444054,1.0,1,6,0,0,0,0,0,0,1,0,6,0,0,0,0,0,0,1,0,0,0,7,0,0,0,0,0,0,0,1,0,0,1
9038,0,1,1,0,0,0,0,12,118,10.418311389205147,0.000985191727876632,0,4,0,0,0,0,1,0,0,0,9,0,0,0,0,0,0,0,0,0,1,2,0,0,1,0,0,0,0,0,0,0,0
9039,0,0,0,1,0,0,1,3,91,11.510464315180087,0.002930826497713201,0,6,0,0,0,0,0,0,1,0,6,0,0,0,0,0,0,1,0,0,0,7,0,0,0,0,0,0,0,1,0,0,0
9040,1,0,0,1,0,0,0,3,67,12.386888642163825,0.007011890367476489,0,6,0,0,0,0,0,0,1,0,6,0,0,0,0,0,0,1,0,0,0,7,0,0,0,0,0,0,0,1,0,0,0
9041,0,1,1,0,0,0,10,9,86,1.7187814147065263,1.6435801836939703e-07,0,6,0,0,0,0,0,0,1,0,6,0,0,0,0,0,0,1,0,0,0,7,0,0,0,0,0,0,0,1,0,0,0
9042,1,1,0,0,0,0,0,5,177,156.30717849780555,1.0,1,2,0,0,1,0,0,0,0,0,6,0,0,0,0,0,0,1,0,0,0,7,0,0,0,0,0,0,0,1,0,0,1
9044,1,1,1,0,0,0,0,17,109,13.013807298164027,0.013045345375174402,0,4,0,0,0,0,1,0,0,0,2,0,0,1,0,0,0,0,0,0,0,7,0,0,0,0,0,0,0,1,0,0,1
9045,0,0,0,1,0,0,0,10,141,29.19323630718704,0.9999928845595409,1,7,0,0,0,0,0,0,0,1,0,1,0,0,0,0,0,0,0,0,0,7,0,0,0,0,0,0,0,1,0,0,0
9047,1,1,1,0,0,0,0,5,122,29.079064146639247,0.9999920239888126,1,6,0,0,0,0,0,0,1,0,6,0,0,0,0,0,0,1,0,0,0,7,0,0,0,0,0,0,0,1,0,0,1
9051,1,0,0,0,0,0,0,12,160,84.2379581102183,1.0,1,6,0,0,0,0,0,0,1,0,6,0,0,0,0,0,0,1,0,0,0,7,0,0,0,0,0,0,0,1,0,0,1
9052,1,1,1,0,0,0,0,12,184,64.31592312466637,1.0,1,1,0,1,0,0,0,0,0,0,6,0,0,0,0,0,0,1,0,0,0,7,0,0,0,0,0,0,0,1,0,0,1
9053,1,1,1,0,0,0,2,10,188,125.25605249407393,1.0,1,1,0,1,0,0,0,0,0,0,6,0,0,0,0,0,0,1,0,0,0,7,0,0,0,0,0,0,0,1,0,0,1
9054,0,1,1,1,0,0,0,5,151,14.720069140331136,0.06786666731778437,0,1,0,1,0,0,0,0,0,0,6,0,0,0,0,0,0,1,0,0,0,7,0,0,0,0,0,0,0,1,0,0,1
9055,0,1,0,1,0,0,1,4,113,13.549270075823015,0.02208055539789984,0,6,0,0,0,0,0,0,1,0,6,0,0,0,0,0,0,1,0,0,0,7,0,0,0,0,0,0,0,1,0,0,0
9057,1,0,1,0,0,0,0,10,164,76.59241754059015,1.0,1,6,0,0,0,0,0,0,1,0,6,0,0,0,0,0,0,1,0,0,0,7,0,0,0,0,0,0,0,1,0,0,1
9058,0,1,0,0,0,0,0,2,148,21.309912084095657,0.9814745765969852,1,1,0,1,0,0,0,0,0,0,4,0,0,0,0,1,0,0,0,0,0,7,0,0,0,0,0,0,0,1,0,0,0
9059,1,0,1,0,0,0,0,10,142,48.34630252170804,0.9999999999999658,1,6,0,0,0,0,0,0,1,0,6,0,0,0,0,0,0,1,0,0,0,7,0,0,0,0,0,0,0,1,0,0,1
9060,0,0,1,0,0,0,0,14,136,11.219325065518957,0.0021921565419668354,0,7,0,0,0,0,0,0,0,1,0,1,0,0,0,0,0,0,0,0,0,7,0,0,0,0,0,0,0,1,0,0,0
9061,1,0,0,0,0,0,0,4,138,79.15329917642842,1.0,1,6,0,0,0,0,0,0,1,0,6,0,0,0,0,0,0,1,0,0,0,7,0,0,0,0,0,0,0,1,0,0,1
9062,0,1,0,0,1,0,0,7,174,35.959119872074275,0.9999999917999032,1,6,0,0,0,0,0,0,1,0,6,0,0,0,0,0,0,1,0,0,0,7,0,0,0,0,0,0,0,1,0,0,1
9064,1,1,1,1,0,0,0,5,166,23.70821322844423,0.998287715748568,1,1,0,1,0,0,0,0,0,0,6,0,0,0,0,0,0,1,0,0,0,7,0,0,0,0,0,0,0,1,0,0,1
9067,1,1,1,1,0,0,0,24,181,90.02164394736806,1.0,1,4,0,0,0,0,1,0,0,0,9,0,0,0,0,0,0,0,0,0,1,4,0,0,0,0,1,0,0,0,0,0,1
9071,1,1,1,0,0,0,0,10,167,70.8591781339476,1.0,1,1,0,1,0,0,0,0,0,0,6,0,0,0,0,0,0,1,0,0,0,7,0,0,0,0,0,0,0,1,0,0,1
9072,1,1,1,0,0,0,0,4,116,13.009349585346508,0.012988075999768624,0,6,0,0,0,0,0,0,1,0,6,0,0,0,0,0,0,1,0,0,0,7,0,0,0,0,0,0,0,1,0,0,1
9074,1,1,1,0,0,0,2,12,188,118.14778982174565,1.0,1,1,0,1,0,0,0,0,0,0,6,0,0,0,0,0,0,1,0,0,0,7,0,0,0,0,0,0,0,1,0,0,1
9075,1,0,0,0,0,0,0,3,157,119.05389206809298,1.0,1,6,0,0,0,0,0,0,1,0,6,0,0,0,0,0,0,1,0,0,0,7,0,0,0,0,0,0,0,1,0,0,1
9077,0,1,0,1,0,0,0,4,154,32.796364679633314,0.999999806185607,1,6,0,0,0,0,0,0,1,0,6,0,0,0,0,0,0,1,0,0,0,7,0,0,0,0,0,0,0,1,0,0,0
9078,0,0,0,0,0,0,0,17,172,48.64963736692447,0.9999999999999748,1,4,0,0,0,0,1,0,0,0,9,0,0,0,0,0,0,0,0,0,1,9,0,0,0,0,0,0,0,0,0,1,0
9079,0,1,1,0,0,0,0,8,153,30.96738929166101,0.9999987930215845,1,6,0,0,0,0,0,0,1,0,6,0,0,0,0,0,0,1,0,0,0,7,0,0,0,0,0,0,0,1,0,0,0
9080,0,0,0,1,0,1,0,5,94,8.442668713249327,0.0001367346965985074,0,1,0,1,0,0,0,0,0,0,7,0,0,0,0,0,0,0,1,0,0,6,0,0,0,0,0,0,1,0,0,0,1
9081,0,1,1,1,0,0,0,10,177,19.831818189612786,0.9235662505045702,1,6,0,0,0,0,0,0,1,0,6,0,0,0,0,0,0,1,0,0,0,7,0,0,0,0,0,0,0,1,0,0,1
9082,1,0,0,0,1,0,0,2,160,95.81334794889428,1.0,1,6,0,0,0,0,0,0,1,0,6,0,0,0,0,0,0,1,0,0,0,7,0,0,0,0,0,0,0,1,0,0,1
9083,1,1,1,0,0,0,0,8,159,69.11051613594357,1.0,1,6,0,0,0,0,0,0,1,0,6,0,0,0,0,0,0,1,0,0,0,7,0,0,0,0,0,0,0,1,0,0,1
9084,0,0,0,1,0,0,0,5,173,39.529571489809214,0.9999999997692236,1,2,0,0,1,0,0,0,0,0,6,0,0,0,0,0,0,1,0,0,0,7,0,0,0,0,0,0,0,1,0,0,0
9085,1,0,0,0,0,0,0,5,163,79.4148084368169,1.0,1,6,0,0,0,0,0,0,1,0,6,0,0,0,0,0,0,1,0,0,0,7,0,0,0,0,0,0,0,1,0,0,1
9086,1,1,1,0,0,0,0,6,116,13.009349585346508,0.012988075999768624,0,6,0,0,0,0,0,0,1,0,6,0,0,0,0,0,0,1,0,0,0,7,0,0,0,0,0,0,0,1,0,0,1
9087,1,1,1,0,0,0,0,7,158,75.68348438531405,1.0,1,6,0,0,0,0,0,0,1,0,6,0,0,0,0,0,0,1,0,0,0,7,0,0,0,0,0,0,0,1,0,0,1
9088,1,1,1,0,0,0,0,9,137,16.12548249650598,0.22890270695691114,0,6,0,0,0,0,0,0,1,0,6,0,0,0,0,0,0,1,0,0,0,7,0,0,0,0,0,0,0,1,0,0,1
9089,1,1,1,0,0,0,0,17,172,53.36759011754889,0.9999999999999998,1,4,0,0,0,0,1,0,0,0,9,0,0,0,0,0,0,0,0,0,1,1,0,1,0,0,0,0,0,0,0,0,1
9090,1,0,0,0,0,0,0,3,160,128.3358076528277,1.0,1,6,0,0,0,0,0,0,1,0,6,0,0,0,0,0,0,1,0,0,0,7,0,0,0,0,0,0,0,1,0,0,1
9093,0,0,0,1,0,0,0,10,148,60.878550832555845,1.0,1,6,0,0,0,0,0,0,1,0,6,0,0,0,0,0,0,1,0,0,0,7,0,0,0,0,0,0,0,1,0,0,1
9094,0,0,0,0,0,0,0,2,147,53.495607489759635,0.9999999999999998,1,6,0,0,0,0,0,0,1,0,6,0,0,0,0,0,0,1,0,0,0,7,0,0,0,0,0,0,0,1,0,0,0
9095,1,1,1,0,1,0,0,11,163,78.35847883657034,1.0,1,0,1,0,0,0,0,0,0,0,5,0,0,0,0,0,1,0,0,0,0,7,0,0,0,0,0,0,0,1,0,0,1
9096,1,1,1,0,0,0,0,21,177,68.51569619146927,1.0,1,0,1,0,0,0,0,0,0,0,5,0,0,0,0,0,1,0,0,0,0,7,0,0,0,0,0,0,0,1,0,0,1
9097,1,1,1,0,0,0,0,13,146,68.51569619146927,1.0,1,6,0,0,0,0,0,0,1,0,6,0,0,0,0,0,0,1,0,0,0,7,0,0,0,0,0,0,0,1,0,0,1
9098,1,1,1,0,1,0,0,11,163,78.35847883657034,1.0,1,0,1,0,0,0,0,0,0,0,5,0,0,0,0,0,1,0,0,0,0,7,0,0,0,0,0,0,0,1,0,0,1
9099,1,0,0,1,0,0,0,8,100,47.588969552059574,0.999999999999927,1,6,0,0,0,0,0,0,1,0,6,0,0,0,0,0,0,1,0,0,0,7,0,0,0,0,0,0,0,1,0,0,1
9100,1,1,1,0,0,0,0,19,151,76.5151203799403,1.0,1,0,1,0,0,0,0,0,0,0,5,0,0,0,0,0,1,0,0,0,0,7,0,0,0,0,0,0,0,1,0,0,1
9101,1,1,1,0,0,0,0,11,130,76.93325179131303,1.0,1,0,1,0,0,0,0,0,0,0,5,0,0,0,0,0,1,0,0,0,0,7,0,0,0,0,0,0,0,1,0,0,1
9102,1,1,1,0,0,0,0,10,140,68.51569619146927,1.0,1,6,0,0,0,0,0,0,1,0,6,0,0,0,0,0,0,1,0,0,0,7,0,0,0,0,0,0,0,1,0,0,1
9103,1,0,0,1,0,0,0,13,177,202.11895479349187,1.0,1,1,0,1,0,0,0,0,0,0,7,0,0,0,0,0,0,0,1,0,0,6,0,0,0,0,0,0,1,0,0,0,1
9106,0,0,0,0,0,0,0,0,47,5.207397426666826,5.381152677045741e-06,0,6,0,0,0,0,0,0,1,0,6,0,0,0,0,0,0,1,0,0,0,7,0,0,0,0,0,0,0,1,0,0,0
9107,1,1,1,0,1,0,0,11,163,78.35847883657034,1.0,1,0,1,0,0,0,0,0,0,0,5,0,0,0,0,0,1,0,0,0,0,7,0,0,0,0,0,0,0,1,0,0,1
9109,1,1,1,0,0,0,0,15,150,74.93272601176706,1.0,1,6,0,0,0,0,0,0,1,0,6,0,0,0,0,0,0,1,0,0,0,7,0,0,0,0,0,0,0,1,0,0,1
9110,1,1,1,1,0,0,0,19,182,43.77063336692432,0.9999999999966788,1,6,0,0,0,0,0,0,1,0,6,0,0,0,0,0,0,1,0,0,0,7,0,0,0,0,0,0,0,1,0,0,1
9112,1,1,1,0,0,0,0,10,136,68.51569619146927,1.0,1,6,0,0,0,0,0,0,1,0,6,0,0,0,0,0,0,1,0,0,0,7,0,0,0,0,0,0,0,1,0,0,1
9113,1,1,1,0,1,0,0,11,163,78.35847883657034,1.0,1,0,1,0,0,0,0,0,0,0,5,0,0,0,0,0,1,0,0,0,0,7,0,0,0,0,0,0,0,1,0,0,1
9114,1,1,1,0,1,0,0,11,163,78.35847883657034,1.0,1,0,1,0,0,0,0,0,0,0,5,0,0,0,0,0,1,0,0,0,0,7,0,0,0,0,0,0,0,1,0,0,1
9116,1,1,1,0,0,0,0,10,136,68.51569619146927,1.0,1,6,0,0,0,0,0,0,1,0,6,0,0,0,0,0,0,1,0,0,0,7,0,0,0,0,0,0,0,1,0,0,1
9118,1,1,1,0,0,0,0,11,130,68.51569619146927,1.0,1,6,0,0,0,0,0,0,1,0,6,0,0,0,0,0,0,1,0,0,0,7,0,0,0,0,0,0,0,1,0,0,1
9119,1,1,1,0,1,0,0,35,152,142.5019694194751,1.0,1,1,0,1,0,0,0,0,0,0,6,0,0,0,0,0,0,1,0,0,0,7,0,0,0,0,0,0,0,1,0,0,1
9120,1,1,1,0,0,0,0,10,129,63.970133632624645,1.0,1,6,0,0,0,0,0,0,1,0,6,0,0,0,0,0,0,1,0,0,0,7,0,0,0,0,0,0,0,1,0,0,1
9121,1,1,1,0,0,0,0,7,116,50.39224212173154,0.9999999999999956,1,6,0,0,0,0,0,0,1,0,6,0,0,0,0,0,0,1,0,0,0,7,0,0,0,0,0,0,0,1,0,0,1
9123,1,1,1,0,0,0,2,7,142,74.56998648044812,1.0,1,6,0,0,0,0,0,0,1,0,6,0,0,0,0,0,0,1,0,0,0,7,0,0,0,0,0,0,0,1,0,0,1
9124,1,1,1,0,0,0,0,14,155,75.13513325414009,1.0,1,6,0,0,0,0,0,0,1,0,6,0,0,0,0,0,0,1,0,0,0,7,0,0,0,0,0,0,0,1,0,0,1
9126,1,1,1,0,0,0,0,8,133,77.01755054206575,1.0,1,6,0,0,0,0,0,0,1,0,6,0,0,0,0,0,0,1,0,0,0,7,0,0,0,0,0,0,0,1,0,0,1
9128,1,1,1,0,0,0,0,13,131,94.15840931756827,1.0,1,6,0,0,0,0,0,0,1,0,6,0,0,0,0,0,0,1,0,0,0,7,0,0,0,0,0,0,0,1,0,0,1
9130,1,1,1,0,1,0,0,23,115,26.126710436527265,0.999847273707186,1,6,0,0,0,0,0,0,1,0,6,0,0,0,0,0,0,1,0,0,0,7,0,0,0,0,0,0,0,1,0,0,1
9131,1,1,1,0,0,0,0,11,133,68.51569619146927,1.0,1,6,0,0,0,0,0,0,1,0,6,0,0,0,0,0,0,1,0,0,0,7,0,0,0,0,0,0,0,1,0,0,1
9132,1,1,1,0,0,0,0,14,122,58.33912479279363,1.0,1,6,0,0,0,0,0,0,1,0,6,0,0,0,0,0,0,1,0,0,0,7,0,0,0,0,0,0,0,1,0,0,1
9134,1,1,1,0,1,0,0,11,148,76.93325179131303,1.0,1,0,1,0,0,0,0,0,0,0,5,0,0,0,0,0,1,0,0,0,0,7,0,0,0,0,0,0,0,1,0,0,1
9135,1,1,1,0,1,0,0,11,163,78.35847883657034,1.0,1,0,1,0,0,0,0,0,0,0,5,0,0,0,0,0,1,0,0,0,0,7,0,0,0,0,0,0,0,1,0,0,1
9137,1,1,1,0,0,0,1,22,164,26.448585394452078,0.9998893010385042,1,6,0,0,0,0,0,0,1,0,6,0,0,0,0,0,0,1,0,0,0,7,0,0,0,0,0,0,0,1,0,0,1
9139,1,1,1,0,0,0,0,17,145,64.72104867836886,1.0,1,0,1,0,0,0,0,0,0,0,5,0,0,0,0,0,1,0,0,0,0,7,0,0,0,0,0,0,0,1,0,0,1
9141,1,1,1,0,0,0,0,16,142,80.81415984949804,1.0,1,6,0,0,0,0,0,0,1,0,6,0,0,0,0,0,0,1,0,0,0,7,0,0,0,0,0,0,0,1,0,0,1
9142,1,1,1,0,1,0,0,9,104,24.19502052187011,0.998946960059812,1,6,0,0,0,0,0,0,1,0,6,0,0,0,0,0,0,1,0,0,0,7,0,0,0,0,0,0,0,1,0,0,1
9143,1,1,1,0,1,0,0,14,103,14.158028503363635,0.039849832427551,0,6,0,0,0,0,0,0,1,0,6,0,0,0,0,0,0,1,0,0,0,7,0,0,0,0,0,0,0,1,0,0,1
9144,1,0,0,0,0,0,0,3,153,90.54049640239874,1.0,1,6,0,0,0,0,0,0,1,0,6,0,0,0,0,0,0,1,0,0,0,7,0,0,0,0,0,0,0,1,0,0,1
9145,1,1,1,0,0,0,0,11,123,20.045722119052673,0.9373634499229292,1,6,0,0,0,0,0,0,1,0,6,0,0,0,0,0,0,1,0,0,0,7,0,0,0,0,0,0,0,1,0,0,1
9146,1,1,1,0,0,0,0,7,94,24.19502052187011,0.998946960059812,1,6,0,0,0,0,0,0,1,0,6,0,0,0,0,0,0,1,0,0,0,7,0,0,0,0,0,0,0,1,0,0,1
9148,1,1,1,0,1,0,0,10,95,11.227267800382151,0.0022095989658186587,0,6,0,0,0,0,0,0,1,0,6,0,0,0,0,0,0,1,0,0,0,7,0,0,0,0,0,0,0,1,0,0,1
9149,1,1,1,1,0,0,0,10,162,54.76146739865362,1.0,1,2,0,0,1,0,0,0,0,0,6,0,0,0,0,0,0,1,0,0,0,7,0,0,0,0,0,0,0,1,0,0,1
9151,1,1,1,0,1,0,0,14,166,42.672797515057866,0.9999999999900436,1,1,0,1,0,0,0,0,0,0,6,0,0,0,0,0,0,1,0,0,0,7,0,0,0,0,0,0,0,1,0,0,1
9154,1,1,1,0,0,0,0,11,154,88.30920988146211,1.0,1,6,0,0,0,0,0,0,1,0,6,0,0,0,0,0,0,1,0,0,0,7,0,0,0,0,0,0,0,1,0,0,1
9156,1,1,1,1,0,0,0,13,122,42.99552492791288,0.9999999999927898,1,4,0,0,0,0,1,0,0,0,9,0,0,0,0,0,0,0,0,0,1,7,0,0,0,0,0,0,0,1,0,0,1
9157,1,1,1,0,0,0,0,9,109,28.75757267126959,0.9999889996522462,1,6,0,0,0,0,0,0,1,0,6,0,0,0,0,0,0,1,0,0,0,7,0,0,0,0,0,0,0,1,0,0,1
9159,1,1,1,0,0,0,0,13,164,74.12154792775344,1.0,1,6,0,0,0,0,0,0,1,0,6,0,0,0,0,0,0,1,0,0,0,7,0,0,0,0,0,0,0,1,0,0,1
9161,1,1,1,0,1,0,0,7,175,70.68718363533726,1.0,1,6,0,0,0,0,0,0,1,0,6,0,0,0,0,0,0,1,0,0,0,7,0,0,0,0,0,0,0,1,0,0,1
9162,1,1,1,0,0,0,0,7,88,19.515941432415254,0.8980681434868251,1,4,0,0,0,0,1,0,0,0,9,0,0,0,0,0,0,0,0,0,1,7,0,0,0,0,0,0,0,1,0,0,1
9164,1,1,1,0,0,0,0,5,110,30.37853288029429,0.9999978251156236,1,6,0,0,0,0,0,0,1,0,6,0,0,0,0,0,0,1,0,0,0,7,0,0,0,0,0,0,0,1,0,0,1
9166,1,1,1,0,0,0,0,6,158,121.3596298613652,1.0,1,6,0,0,0,0,0,0,1,0,6,0,0,0,0,0,0,1,0,0,0,7,0,0,0,0,0,0,0,1,0,0,1
9169,1,1,1,0,0,0,0,9,113,34.79646560314062,0.999999973772717,1,1,0,1,0,0,0,0,0,0,6,0,0,0,0,0,0,1,0,0,0,7,0,0,0,0,0,0,0,1,0,0,1
9171,1,1,1,0,1,0,10,7,123,30.821571287466806,0.9999986035436154,1,6,0,0,0,0,0,0,1,0,6,0,0,0,0,0,0,1,0,0,0,7,0,0,0,0,0,0,0,1,0,0,1
9172,1,1,0,1,0,0,0,7,156,141.18650703667743,1.0,1,6,0,0,0,0,0,0,1,0,6,0,0,0,0,0,0,1,0,0,0,7,0,0,0,0,0,0,0,1,0,0,1
9173,1,1,1,0,0,0,0,7,127,30.821571287466806,0.9999986035436154,1,6,0,0,0,0,0,0,1,0,6,0,0,0,0,0,0,1,0,0,0,7,0,0,0,0,0,0,0,1,0,0,1
9174,1,1,1,0,1,0,9,5,126,30.821571287466806,0.9999986035436154,1,6,0,0,0,0,0,0,1,0,6,0,0,0,0,0,0,1,0,0,0,7,0,0,0,0,0,0,0,1,0,0,1
9175,1,1,1,0,0,0,0,14,160,80.86637934168769,1.0,1,0,1,0,0,0,0,0,0,0,6,0,0,0,0,0,0,1,0,0,0,7,0,0,0,0,0,0,0,1,0,0,1
9177,1,1,1,0,0,0,0,10,87,13.302344487341445,0.017333044152494915,0,2,0,0,1,0,0,0,0,0,6,0,0,0,0,0,0,1,0,0,0,7,0,0,0,0,0,0,0,1,0,0,1
9179,1,1,1,0,1,0,0,6,104,24.19502052187011,0.998946960059812,1,6,0,0,0,0,0,0,1,0,6,0,0,0,0,0,0,1,0,0,0,7,0,0,0,0,0,0,0,1,0,0,1
9180,1,1,1,0,0,0,0,12,154,63.03367361941386,1.0,1,6,0,0,0,0,0,0,1,0,6,0,0,0,0,0,0,1,0,0,0,7,0,0,0,0,0,0,0,1,0,0,1
9181,1,0,0,1,0,0,1,2,152,165.63638120963003,1.0,1,6,0,0,0,0,0,0,1,0,6,0,0,0,0,0,0,1,0,0,0,7,0,0,0,0,0,0,0,1,0,0,1
9182,0,1,1,1,0,0,0,36,139,32.00239127000013,0.99999957124994,1,6,0,0,0,0,0,0,1,0,6,0,0,0,0,0,0,1,0,0,0,7,0,0,0,0,0,0,0,1,0,0,0
9183,1,1,1,0,0,0,0,22,180,65.42842863497759,1.0,1,2,0,0,1,0,0,0,0,0,8,0,0,0,0,0,0,0,0,1,0,7,0,0,0,0,0,0,0,1,0,0,1
9185,1,1,1,0,0,0,0,13,161,82.11754665562988,1.0,1,0,1,0,0,0,0,0,0,0,5,0,0,0,0,0,1,0,0,0,0,7,0,0,0,0,0,0,0,1,0,0,1
9187,1,1,0,0,1,0,0,2,85,24.19502052187011,0.998946960059812,1,6,0,0,0,0,0,0,1,0,6,0,0,0,0,0,0,1,0,0,0,7,0,0,0,0,0,0,0,1,0,0,1
9191,1,1,1,0,1,0,10,6,123,30.821571287466806,0.9999986035436154,1,6,0,0,0,0,0,0,1,0,6,0,0,0,0,0,0,1,0,0,0,7,0,0,0,0,0,0,0,1,0,0,1
9192,1,1,0,0,0,0,0,2,156,82.93431450519171,1.0,1,6,0,0,0,0,0,0,1,0,6,0,0,0,0,0,0,1,0,0,0,7,0,0,0,0,0,0,0,1,0,0,1
9193,1,1,0,0,0,0,0,12,158,160.7276402192627,1.0,1,6,0,0,0,0,0,0,1,0,6,0,0,0,0,0,0,1,0,0,0,7,0,0,0,0,0,0,0,1,0,0,1
9194,1,0,0,1,0,1,0,9,124,39.56206487842148,0.9999999997766018,1,5,0,0,0,0,0,1,0,0,1,0,1,0,0,0,0,0,0,0,0,7,0,0,0,0,0,0,0,1,0,0,1
9195,1,0,0,1,0,0,0,11,183,144.04135722508218,1.0,1,6,0,0,0,0,0,0,1,0,6,0,0,0,0,0,0,1,0,0,0,7,0,0,0,0,0,0,0,1,0,0,1
9197,1,1,1,0,0,0,1,8,166,41.895557484840964,0.99999999997834,1,2,0,0,1,0,0,0,0,0,3,0,0,0,1,0,0,0,0,0,0,7,0,0,0,0,0,0,0,1,0,0,1
9203,1,1,1,0,0,0,0,20,115,36.34814416049952,0.9999999944426484,1,6,0,0,0,0,0,0,1,0,6,0,0,0,0,0,0,1,0,0,0,7,0,0,0,0,0,0,0,1,0,0,1
9206,1,0,0,0,0,0,0,1,66,11.260099827192128,0.0022831802452873986,0,6,0,0,0,0,0,0,1,0,6,0,0,0,0,0,0,1,0,0,0,7,0,0,0,0,0,0,0,1,0,0,1
9207,1,0,1,0,1,0,0,7,96,6.9728726713267815,3.144851550491917e-05,0,6,0,0,0,0,0,0,1,0,6,0,0,0,0,0,0,1,0,0,0,7,0,0,0,0,0,0,0,1,0,0,1
9208,1,0,0,1,0,0,0,4,122,38.49250704379847,0.9999999993489972,1,6,0,0,0,0,0,0,1,0,6,0,0,0,0,0,0,1,0,0,0,7,0,0,0,0,0,0,0,1,0,0,1
9209,1,1,1,0,0,0,0,14,124,19.14604391069571,0.8588830650140851,1,2,0,0,1,0,0,0,0,0,6,0,0,0,0,0,0,1,0,0,0,7,0,0,0,0,0,0,0,1,0,0,1
9210,1,1,1,0,0,0,0,7,103,33.19411258704832,0.9999998697894028,1,6,0,0,0,0,0,0,1,0,6,0,0,0,0,0,0,1,0,0,0,7,0,0,0,0,0,0,0,1,0,0,1
9211,1,1,0,0,0,0,0,7,139,122.18371908161785,1.0,1,6,0,0,0,0,0,0,1,0,6,0,0,0,0,0,0,1,0,0,0,7,0,0,0,0,0,0,0,1,0,0,1
9212,1,1,1,0,0,0,0,28,167,79.39012853440337,1.0,1,1,0,1,0,0,0,0,0,0,7,0,0,0,0,0,0,0,1,0,0,7,0,0,0,0,0,0,0,1,0,0,1
9215,1,1,0,0,1,0,0,8,151,115.17565029294886,1.0,1,6,0,0,0,0,0,0,1,0,6,0,0,0,0,0,0,1,0,0,0,7,0,0,0,0,0,0,0,1,0,0,1
9216,1,1,1,0,0,0,0,9,78,9.023485322812887,0.00024438661628833067,0,4,0,0,0,0,1,0,0,0,9,0,0,0,0,0,0,0,0,0,1,1,0,1,0,0,0,0,0,0,0,0,1
9217,1,1,1,0,0,0,0,15,117,31.72770562520373,0.9999994357148848,1,6,0,0,0,0,0,0,1,0,6,0,0,0,0,0,0,1,0,0,0,7,0,0,0,0,0,0,0,1,0,0,1
9218,1,0,0,1,0,0,0,8,168,174.45897736000333,1.0,1,1,0,1,0,0,0,0,0,0,7,0,0,0,0,0,0,0,1,0,0,6,0,0,0,0,0,0,1,0,0,0,1
9219,1,1,1,0,0,0,0,7,100,27.164976754251608,0.9999459191731274,1,6,0,0,0,0,0,0,1,0,6,0,0,0,0,0,0,1,0,0,0,7,0,0,0,0,0,0,0,1,0,0,1
9220,1,1,1,0,0,0,0,6,103,33.19411258704832,0.9999998697894028,1,6,0,0,0,0,0,0,1,0,6,0,0,0,0,0,0,1,0,0,0,7,0,0,0,0,0,0,0,1,0,0,1
9221,1,1,1,0,1,0,0,11,160,104.16806417512606,1.0,1,6,0,0,0,0,0,0,1,0,6,0,0,0,0,0,0,1,0,0,0,7,0,0,0,0,0,0,0,1,0,0,1
9222,1,1,0,1,0,1,8,8,164,79.18079819836072,1.0,1,6,0,0,0,0,0,0,1,0,6,0,0,0,0,0,0,1,0,0,0,7,0,0,0,0,0,0,0,1,0,0,1
9223,1,1,1,0,0,0,0,11,161,105.3695568838817,1.0,1,2,0,0,1,0,0,0,0,0,6,0,0,0,0,0,0,1,0,0,0,7,0,0,0,0,0,0,0,1,0,0,1
9225,1,0,1,0,1,0,0,7,96,6.9728726713267815,3.144851550491917e-05,0,6,0,0,0,0,0,0,1,0,6,0,0,0,0,0,0,1,0,0,0,7,0,0,0,0,0,0,0,1,0,0,1
9226,1,1,1,1,0,0,0,15,169,106.91981827953764,1.0,1,5,0,0,0,0,0,1,0,0,1,0,1,0,0,0,0,0,0,0,0,7,0,0,0,0,0,0,0,1,0,0,1
9230,1,1,1,0,0,0,0,12,93,11.973286390263484,0.00464774932154791,0,4,0,0,0,0,1,0,0,0,9,0,0,0,0,0,0,0,0,0,1,7,0,0,0,0,0,0,0,1,0,0,1
9231,1,1,0,1,0,0,0,34,161,287.0603744613872,1.0,1,6,0,0,0,0,0,0,1,0,6,0,0,0,0,0,0,1,0,0,0,7,0,0,0,0,0,0,0,1,0,0,1
9232,0,0,0,0,0,0,0,0,106,11.500018562197518,0.00290045948403315,0,6,0,0,0,0,0,0,1,0,6,0,0,0,0,0,0,1,0,0,0,7,0,0,0,0,0,0,0,1,0,0,0
9233,1,0,1,0,0,0,0,10,159,38.217205638335756,0.9999999991426765,1,0,1,0,0,0,0,0,0,0,5,0,0,0,0,0,1,0,0,0,0,7,0,0,0,0,0,0,0,1,0,0,1
9235,1,1,1,0,0,0,0,8,103,33.19411258704832,0.9999998697894028,1,6,0,0,0,0,0,0,1,0,6,0,0,0,0,0,0,1,0,0,0,7,0,0,0,0,0,0,0,1,0,0,1
9237,1,1,1,0,0,0,0,9,159,38.68146923596933,0.9999999994610882,1,1,0,1,0,0,0,0,0,0,6,0,0,0,0,0,0,1,0,0,0,7,0,0,0,0,0,0,0,1,0,0,1
9238,1,1,0,0,0,0,0,10,155,210.60050239923336,1.0,1,6,0,0,0,0,0,0,1,0,6,0,0,0,0,0,0,1,0,0,0,7,0,0,0,0,0,0,0,1,0,0,1
9239,1,1,0,0,0,0,0,8,142,157.89781916125574,1.0,1,6,0,0,0,0,0,0,1,0,6,0,0,0,0,0,0,1,0,0,0,7,0,0,0,0,0,0,0,1,0,0,1
9240,1,1,0,0,0,0,0,0,98,46.798937371069954,0.9999999999998392,1,6,0,0,0,0,0,0,1,0,6,0,0,0,0,0,0,1,0,0,0,7,0,0,0,0,0,0,0,1,0,0,1
9242,1,1,1,0,0,0,1,15,162,56.95196438799107,1.0,1,4,0,0,0,0,1,0,0,0,9,0,0,0,0,0,0,0,0,0,1,0,1,0,0,0,0,0,0,0,0,0,1
9244,0,0,0,0,0,0,0,2,76,14.58345579414065,0.05971812027278864,0,6,0,0,0,0,0,0,1,0,6,0,0,0,0,0,0,1,0,0,0,7,0,0,0,0,0,0,0,1,0,0,0
9246,0,0,0,0,0,0,0,3,104,40.57837353709279,0.9999999999191458,1,6,0,0,0,0,0,0,1,0,6,0,0,0,0,0,0,1,0,0,0,7,0,0,0,0,0,0,0,1,0,0,0
9247,1,1,1,0,0,0,0,11,113,65.49195530813654,1.0,1,6,0,0,0,0,0,0,1,0,6,0,0,0,0,0,0,1,0,0,0,7,0,0,0,0,0,0,0,1,0,0,1
9248,1,1,1,0,0,0,0,6,94,31.892100726460146,0.9999995212566588,1,2,0,0,1,0,0,0,0,0,8,0,0,0,0,0,0,0,0,1,0,7,0,0,0,0,0,0,0,1,0,0,0
9249,1,1,1,0,0,0,0,24,153,89.06146826354677,1.0,1,4,0,0,0,0,1,0,0,0,9,0,0,0,0,0,0,0,0,0,1,5,0,0,0,0,0,1,0,0,0,0,0
9250,0,0,0,1,0,0,0,5,84,8.226963016349876,0.00011020732459796963,0,6,0,0,0,0,0,0,1,0,6,0,0,0,0,0,0,1,0,0,0,7,0,0,0,0,0,0,0,1,0,0,0
9251,0,0,0,0,0,0,0,0,140,61.1588112299207,1.0,1,6,0,0,0,0,0,0,1,0,6,0,0,0,0,0,0,1,0,0,0,7,0,0,0,0,0,0,0,1,0,0,0
9252,0,1,0,0,0,0,0,6,97,24.337290143714146,0.9990864788980748,1,4,0,0,0,0,1,0,0,0,9,0,0,0,0,0,0,0,0,0,1,7,0,0,0,0,0,0,0,1,0,0,0
9253,0,0,0,0,0,0,0,3,56,21.23895482956252,0.9801393589800328,1,6,0,0,0,0,0,0,1,0,6,0,0,0,0,0,0,1,0,0,0,7,0,0,0,0,0,0,0,1,0,0,0
9254,0,1,0,0,0,0,2,1,108,35.24996767489865,0.9999999833352096,1,6,0,0,0,0,0,0,1,0,6,0,0,0,0,0,0,1,0,0,0,7,0,0,0,0,0,0,0,1,0,0,0
9255,1,1,1,0,0,0,0,39,129,54.72726498099089,1.0,1,6,0,0,0,0,0,0,1,0,6,0,0,0,0,0,0,1,0,0,0,7,0,0,0,0,0,0,0,1,0,0,1
9257,0,0,0,1,0,0,0,5,109,21.88440443762129,0.9894852355644004,1,6,0,0,0,0,0,0,1,0,6,0,0,0,0,0,0,1,0,0,0,7,0,0,0,0,0,0,0,1,0,0,0
9259,0,0,0,0,0,0,0,8,114,55.63540431493162,1.0,1,2,0,0,1,0,0,0,0,0,8,0,0,0,0,0,0,0,0,1,0,7,0,0,0,0,0,0,0,1,0,0,0
9260,0,1,0,1,0,0,2,16,168,18.22338302667333,0.7075227765010764,1,6,0,0,0,0,0,0,1,0,6,0,0,0,0,0,0,1,0,0,0,7,0,0,0,0,0,0,0,1,0,0,0
9262,0,1,1,0,0,0,2,8,77,2.056325036052989,2.303478695647993e-07,0,0,1,0,0,0,0,0,0,0,6,0,0,0,0,0,0,1,0,0,0,7,0,0,0,0,0,0,0,1,0,0,0
9263,1,1,0,1,0,1,0,5,149,97.21793515034386,1.0,1,2,0,0,1,0,0,0,0,0,8,0,0,0,0,0,0,0,0,1,0,7,0,0,0,0,0,0,0,1,0,0,0
9264,0,0,0,0,0,0,4,5,80,10.476866658322331,0.0010445402653238816,0,2,0,0,1,0,0,0,0,0,3,0,0,0,1,0,0,0,0,0,0,3,0,0,0,1,0,0,0,0,0,0,0
9265,0,0,0,1,0,0,0,13,168,68.4116242423935,1.0,1,6,0,0,0,0,0,0,1,0,6,0,0,0,0,0,0,1,0,0,0,7,0,0,0,0,0,0,0,1,0,0,0
9266,0,0,0,1,0,1,0,6,146,39.7965864319863,0.9999999998233032,1,2,0,0,1,0,0,0,0,0,8,0,0,0,0,0,0,0,0,1,0,7,0,0,0,0,0,0,0,1,0,0,0
9267,0,1,0,0,0,0,0,2,96,35.135509656808736,0.9999999813143442,1,6,0,0,0,0,0,0,1,0,6,0,0,0,0,0,0,1,0,0,0,7,0,0,0,0,0,0,0,1,0,0,0
9268,0,1,0,0,1,0,0,15,160,67.29715807688537,1.0,1,0,1,0,0,0,0,0,0,0,6,0,0,0,0,0,0,1,0,0,0,7,0,0,0,0,0,0,0,1,0,0,0
9269,0,1,0,1,0,1,0,3,60,6.956993191067236,3.095308885063163e-05,0,6,0,0,0,0,0,0,1,0,6,0,0,0,0,0,0,1,0,0,0,7,0,0,0,0,0,0,0,1,0,0,0
9270,0,0,0,0,0,0,0,2,88,18.061565836156827,0.6729517316269104,1,6,0,0,0,0,0,0,1,0,6,0,0,0,0,0,0,1,0,0,0,7,0,0,0,0,0,0,0,1,0,0,0
9271,0,0,0,0,0,0,0,2,115,73.27520686724131,1.0,1,6,0,0,0,0,0,0,1,0,6,0,0,0,0,0,0,1,0,0,0,7,0,0,0,0,0,0,0,1,0,0,0
9272,0,0,0,0,0,0,0,1,52,11.761606198657455,0.0037644055820391436,0,4,0,0,0,0,1,0,0,0,9,0,0,0,0,0,0,0,0,0,1,7,0,0,0,0,0,0,0,1,0,0,0
9273,0,0,0,0,0,0,6,39,64,68.46176026936611,1.0,1,4,0,0,0,0,1,0,0,0,9,0,0,0,0,0,0,0,0,0,1,7,0,0,0,0,0,0,0,1,0,0,0
9275,0,0,0,0,0,0,0,6,150,54.82642251030836,1.0,1,2,0,0,1,0,0,0,0,0,8,0,0,0,0,0,0,0,0,1,0,7,0,0,0,0,0,0,0,1,0,0,0
9276,1,1,1,0,0,0,0,25,153,89.06146826354677,1.0,1,4,0,0,0,0,1,0,0,0,9,0,0,0,0,0,0,0,0,0,1,5,0,0,0,0,0,1,0,0,0,0,0
9277,0,1,1,0,0,0,0,7,153,43.449528037110824,0.9999999999954209,1,4,0,0,0,0,1,0,0,0,9,0,0,0,0,0,0,0,0,0,1,7,0,0,0,0,0,0,0,1,0,0,0
9278,0,0,0,1,0,0,0,6,149,73.59821728075188,1.0,1,6,0,0,0,0,0,0,1,0,6,0,0,0,0,0,0,1,0,0,0,7,0,0,0,0,0,0,0,1,0,0,0
9280,0,0,0,1,0,0,0,7,131,36.451808072532785,0.9999999949898906,1,6,0,0,0,0,0,0,1,0,6,0,0,0,0,0,0,1,0,0,0,7,0,0,0,0,0,0,0,1,0,0,0
9281,0,1,0,1,0,0,1,1,60,6.5275096172100255,2.0145884595304905e-05,0,2,0,0,1,0,0,0,0,0,8,0,0,0,0,0,0,0,0,1,0,7,0,0,0,0,0,0,0,1,0,0,0
9283,0,0,0,0,0,0,0,7,70,22.944829049046742,0.9963334435112632,1,1,0,1,0,0,0,0,0,0,6,0,0,0,0,0,0,1,0,0,0,7,0,0,0,0,0,0,0,1,0,0,0
9286,1,0,0,1,0,0,0,3,77,40.07923662535133,0.9999999998668091,1,6,0,0,0,0,0,0,1,0,6,0,0,0,0,0,0,1,0,0,0,7,0,0,0,0,0,0,0,1,0,0,0
9287,0,1,0,1,1,0,0,7,139,32.09673779669263,0.9999996098514164,1,6,0,0,0,0,0,0,1,0,6,0,0,0,0,0,0,1,0,0,0,7,0,0,0,0,0,0,0,1,0,0,0
9288,0,0,0,0,0,0,2,5,146,109.2778920365876,1.0,1,6,0,0,0,0,0,0,1,0,6,0,0,0,0,0,0,1,0,0,0,7,0,0,0,0,0,0,0,1,0,0,0
9289,0,0,0,0,0,0,0,7,74,20.732614330592405,0.9674729158745666,1,4,0,0,0,0,1,0,0,0,9,0,0,0,0,0,0,0,0,0,1,7,0,0,0,0,0,0,0,1,0,0,0
9290,1,1,1,0,0,0,0,19,138,66.1361285097975,1.0,1,6,0,0,0,0,0,0,1,0,6,0,0,0,0,0,0,1,0,0,0,7,0,0,0,0,0,0,0,1,0,0,1
9292,0,1,1,1,0,0,0,15,121,3.990617237723562,1.593808128236449e-06,0,7,0,0,0,0,0,0,0,1,6,0,0,0,0,0,0,1,0,0,0,7,0,0,0,0,0,0,0,1,0,0,0
9293,0,1,1,0,0,0,0,6,164,12.556270236713331,0.00829535370990046,0,1,0,1,0,0,0,0,0,0,6,0,0,0,0,0,0,1,0,0,0,7,0,0,0,0,0,0,0,1,0,0,0
9294,0,0,0,1,0,0,0,3,105,26.07325535748653,0.9998388889181568,1,6,0,0,0,0,0,0,1,0,6,0,0,0,0,0,0,1,0,0,0,7,0,0,0,0,0,0,0,1,0,0,0
9296,0,0,0,0,0,0,6,3,77,12.226432267102645,0.005978627193747508,0,6,0,0,0,0,0,0,1,0,6,0,0,0,0,0,0,1,0,0,0,7,0,0,0,0,0,0,0,1,0,0,0
9297,0,0,0,0,0,0,0,28,118,38.092119782548366,0.9999999990284416,1,4,0,0,0,0,1,0,0,0,9,0,0,0,0,0,0,0,0,0,1,7,0,0,0,0,0,0,0,1,0,0,0
9298,0,1,1,0,0,0,0,19,123,19.354326147319668,0.8822930449333792,1,4,0,0,0,0,1,0,0,0,9,0,0,0,0,0,0,0,0,0,1,7,0,0,0,0,0,0,0,1,0,0,0
9300,0,1,1,0,1,0,0,12,147,5.739327736130838,9.159843873923508e-06,0,6,0,0,0,0,0,0,1,0,6,0,0,0,0,0,0,1,0,0,0,7,0,0,0,0,0,0,0,1,0,0,0
9301,1,0,0,0,0,0,0,2,76,34.526099110092595,0.999999965630598,1,6,0,0,0,0,0,0,1,0,6,0,0,0,0,0,0,1,0,0,0,7,0,0,0,0,0,0,0,1,0,0,0
9303,0,1,1,0,1,0,0,14,131,19.10469103135788,0.8537962058051269,1,4,0,0,0,0,1,0,0,0,9,0,0,0,0,0,0,0,0,0,1,7,0,0,0,0,0,0,0,1,0,0,0
9307,0,0,0,0,0,0,0,1,55,5.421230430435202,6.664096091685262e-06,0,6,0,0,0,0,0,0,1,0,6,0,0,0,0,0,0,1,0,0,0,7,0,0,0,0,0,0,0,1,0,0,0
9308,0,0,0,0,0,0,2,3,62,6.921156624581276,2.9863509546892292e-05,0,6,0,0,0,0,0,0,1,0,6,0,0,0,0,0,0,1,0,0,0,7,0,0,0,0,0,0,0,1,0,0,0
9309,0,1,1,0,0,0,0,17,127,7.217744033149593,4.017377487837616e-05,0,6,0,0,0,0,0,0,1,0,6,0,0,0,0,0,0,1,0,0,0,7,0,0,0,0,0,0,0,1,0,0,0
9311,0,0,0,0,0,0,7,63,100,158.37740640925531,1.0,1,4,0,0,0,0,1,0,0,0,9,0,0,0,0,0,0,0,0,0,1,8,0,0,0,0,0,0,0,0,1,0,0
9313,0,0,0,0,1,0,0,10,149,52.04266587188094,0.9999999999999992,1,4,0,0,0,0,1,0,0,0,9,0,0,0,0,0,0,0,0,0,1,7,0,0,0,0,0,0,0,1,0,0,0
9314,1,0,0,0,0,1,0,2,36,8.304200930413536,0.00011905581603709223,0,6,0,0,0,0,0,0,1,0,6,0,0,0,0,0,0,1,0,0,0,7,0,0,0,0,0,0,0,1,0,0,0
9315,1,1,1,0,0,0,0,16,111,39.24546101829957,0.999999999693395,1,5,0,0,0,0,0,1,0,0,1,0,1,0,0,0,0,0,0,0,0,7,0,0,0,0,0,0,0,1,0,0,0
9317,1,1,1,0,1,0,0,16,158,37.38988789051271,0.9999999980391504,1,4,0,0,0,0,1,0,0,0,9,0,0,0,0,0,0,0,0,0,1,7,0,0,0,0,0,0,0,1,0,0,1
9319,0,0,0,0,0,0,0,1,73,23.569204694688,0.9980328584378608,1,6,0,0,0,0,0,0,1,0,6,0,0,0,0,0,0,1,0,0,0,7,0,0,0,0,0,0,0,1,0,0,0
9320,0,1,1,0,0,0,0,22,133,13.1336408049734,0.014681753826556232,0,6,0,0,0,0,0,0,1,0,6,0,0,0,0,0,0,1,0,0,0,7,0,0,0,0,0,0,0,1,0,0,0
9321,0,0,0,0,0,0,0,2,158,59.26683778043176,1.0,1,6,0,0,0,0,0,0,1,0,6,0,0,0,0,0,0,1,0,0,0,7,0,0,0,0,0,0,0,1,0,0,0
9322,0,0,0,0,0,0,0,3,84,17.8764736891197,0.6309917273359573,1,4,0,0,0,0,1,0,0,0,6,0,0,0,0,0,0,1,0,0,0,7,0,0,0,0,0,0,0,1,0,0,0
9324,0,1,1,0,1,0,0,12,158,38.655039921110934,0.9999999994466552,1,6,0,0,0,0,0,0,1,0,6,0,0,0,0,0,0,1,0,0,0,7,0,0,0,0,0,0,0,1,0,0,0
9325,0,0,0,1,0,0,2,24,131,71.56237668156672,1.0,1,6,0,0,0,0,0,0,1,0,6,0,0,0,0,0,0,1,0,0,0,7,0,0,0,0,0,0,0,1,0,0,0
9329,0,0,1,0,0,0,2,3,31,0.6688854767149137,5.752106658757242e-08,0,6,0,0,0,0,0,0,1,0,6,0,0,0,0,0,0,1,0,0,0,7,0,0,0,0,0,0,0,1,0,0,0
9330,0,0,0,0,0,0,0,5,146,74.30385485666109,1.0,1,6,0,0,0,0,0,0,1,0,6,0,0,0,0,0,0,1,0,0,0,7,0,0,0,0,0,0,0,1,0,0,0
9332,0,0,0,1,0,0,0,19,138,29.584253570687636,0.9999951873292736,1,6,0,0,0,0,0,0,1,0,6,0,0,0,0,0,0,1,0,0,0,7,0,0,0,0,0,0,0,1,0,0,0
9333,0,0,0,1,0,1,1,0,58,3.6788213850195537,1.1668767979136322e-06,0,6,0,0,0,0,0,0,1,0,6,0,0,0,0,0,0,1,0,0,0,7,0,0,0,0,0,0,0,1,0,0,0
9334,0,0,0,0,0,0,0,3,154,41.78667468532814,0.9999999999758484,1,6,0,0,0,0,0,0,1,0,6,0,0,0,0,0,0,1,0,0,0,7,0,0,0,0,0,0,0,1,0,0,0
9337,1,0,1,0,1,0,0,5,102,9.491070463850765,0.0003900172342392181,0,6,0,0,0,0,0,0,1,0,6,0,0,0,0,0,0,1,0,0,0,7,0,0,0,0,0,0,0,1,0,0,0
9338,0,0,0,0,0,0,0,3,53,7.3205427408477375,4.4523127563540914e-05,0,6,0,0,0,0,0,0,1,0,6,0,0,0,0,0,0,1,0,0,0,7,0,0,0,0,0,0,0,1,0,0,0
9339,0,0,1,0,1,0,0,8,109,4.431425843043701,2.476717077813436e-06,0,6,0,0,0,0,0,0,1,0,6,0,0,0,0,0,0,1,0,0,0,7,0,0,0,0,0,0,0,1,0,0,0
9341,0,1,1,0,0,0,1,15,135,10.981386861938573,0.0017287729370937216,0,6,0,0,0,0,0,0,1,0,6,0,0,0,0,0,0,1,0,0,0,7,0,0,0,0,0,0,0,1,0,0,1
9342,0,0,0,0,0,1,0,3,135,34.010064424317214,0.9999999424184988,1,4,0,0,0,0,1,0,0,0,2,0,0,1,0,0,0,0,0,0,0,3,0,0,0,1,0,0,0,0,0,0,1
9343,1,0,0,0,0,0,0,4,95,21.492666483940123,0.984520931758662,1,6,0,0,0,0,0,0,1,0,6,0,0,0,0,0,0,1,0,0,0,7,0,0,0,0,0,0,0,1,0,0,1
9344,0,1,0,1,1,0,0,9,148,22.4075938399084,0.9937418561537458,1,6,0,0,0,0,0,0,1,0,6,0,0,0,0,0,0,1,0,0,0,7,0,0,0,0,0,0,0,1,0,0,0
9345,0,0,0,1,0,3,0,7,143,40.099282661112596,0.9999999998694524,1,4,0,0,0,0,1,0,0,0,9,0,0,0,0,0,0,0,0,0,1,8,0,0,0,0,0,0,0,0,1,0,0
9346,0,0,0,0,0,0,0,6,152,81.33276956698931,1.0,1,2,0,0,1,0,0,0,0,0,8,0,0,0,0,0,0,0,0,1,0,7,0,0,0,0,0,0,0,1,0,0,0
9347,0,0,0,1,0,3,4,10,58,6.1952817474789645,1.445120575215638e-05,0,5,0,0,0,0,0,1,0,0,1,0,1,0,0,0,0,0,0,0,0,7,0,0,0,0,0,0,0,1,0,0,0
9348,1,1,1,0,0,0,0,16,112,18.478525147501095,0.7574087514108385,1,6,0,0,0,0,0,0,1,0,6,0,0,0,0,0,0,1,0,0,0,7,0,0,0,0,0,0,0,1,0,0,1
9350,0,0,0,0,0,0,0,11,101,24.470555003667165,0.9992003648195356,1,4,0,0,0,0,1,0,0,0,9,0,0,0,0,0,0,0,0,0,1,7,0,0,0,0,0,0,0,1,0,0,0
9351,1,1,0,0,0,0,0,4,167,145.15124031587638,1.0,1,1,0,1,0,0,0,0,0,0,4,0,0,0,0,1,0,0,0,0,0,7,0,0,0,0,0,0,0,1,0,0,1
9355,1,0,0,1,0,0,1,6,143,149.24172043795406,1.0,1,6,0,0,0,0,0,0,1,0,6,0,0,0,0,0,0,1,0,0,0,7,0,0,0,0,0,0,0,1,0,0,0
9360,0,1,1,1,0,0,0,9,142,36.23326761800751,0.9999999937661244,1,6,0,0,0,0,0,0,1,0,6,0,0,0,0,0,0,1,0,0,0,7,0,0,0,0,0,0,0,1,0,0,0
9361,1,0,0,1,0,0,0,9,134,127.13739513365448,1.0,1,4,0,0,0,0,1,0,0,0,9,0,0,0,0,0,0,0,0,0,1,9,0,0,0,0,0,0,0,0,0,1,0
9362,0,0,0,0,0,0,2,1,80,14.067114893989684,0.03651319446448848,0,6,0,0,0,0,0,0,1,0,6,0,0,0,0,0,0,1,0,0,0,7,0,0,0,0,0,0,0,1,0,0,0
9363,0,1,0,1,0,0,0,49,76,57.20476069639921,1.0,1,6,0,0,0,0,0,0,1,0,6,0,0,0,0,0,0,1,0,0,0,7,0,0,0,0,0,0,0,1,0,0,0
9365,0,0,0,1,1,0,0,5,97,17.389786341769486,0.5124440151544412,1,6,0,0,0,0,0,0,1,0,6,0,0,0,0,0,0,1,0,0,0,7,0,0,0,0,0,0,0,1,0,0,0
9367,0,1,1,0,0,0,1,15,133,16.659417015798823,0.3361311989852549,0,0,1,0,0,0,0,0,0,0,5,0,0,0,0,0,1,0,0,0,0,7,0,0,0,0,0,0,0,1,0,0,0
9368,0,0,0,0,0,0,2,7,110,11.698328755808475,0.0035343993673205274,0,6,0,0,0,0,0,0,1,0,6,0,0,0,0,0,0,1,0,0,0,7,0,0,0,0,0,0,0,1,0,0,0
9371,0,0,0,0,0,1,0,3,80,14.5637689708411,0.058622202935819476,0,1,0,1,0,0,0,0,0,0,6,0,0,0,0,0,0,1,0,0,0,7,0,0,0,0,0,0,0,1,0,0,0
9372,0,1,1,0,1,4,0,6,142,18.61324383887681,0.7812975339139506,1,6,0,0,0,0,0,0,1,0,6,0,0,0,0,0,0,1,0,0,0,7,0,0,0,0,0,0,0,1,0,0,0
9373,0,0,0,0,0,0,8,1,54,5.683811771319363,8.665188386860901e-06,0,6,0,0,0,0,0,0,1,0,6,0,0,0,0,0,0,1,0,0,0,7,0,0,0,0,0,0,0,1,0,0,0
9374,0,1,0,0,0,0,0,5,77,28.743062967871147,0.9999888388786768,1,6,0,0,0,0,0,0,1,0,6,0,0,0,0,0,0,1,0,0,0,7,0,0,0,0,0,0,0,1,0,0,0
9375,1,1,1,1,0,0,0,21,160,122.79520284769815,1.0,1,1,0,1,0,0,0,0,0,0,6,0,0,0,0,0,0,1,0,0,0,7,0,0,0,0,0,0,0,1,0,0,1
9376,1,1,1,0,1,0,0,12,146,58.87566807594028,1.0,1,6,0,0,0,0,0,0,1,0,6,0,0,0,0,0,0,1,0,0,0,7,0,0,0,0,0,0,0,1,0,0,1
9377,0,1,1,0,0,0,0,9,104,17.370341967722794,0.5075849100284868,1,2,0,0,1,0,0,0,0,0,8,0,0,0,0,0,0,0,0,1,0,7,0,0,0,0,0,0,0,1,0,0,0
9378,0,1,1,0,1,0,0,15,164,14.427588241985035,0.05154340501710369,0,2,0,0,1,0,0,0,0,0,8,0,0,0,0,0,0,0,0,1,0,7,0,0,0,0,0,0,0,1,0,0,0
9380,0,0,0,0,0,0,0,5,149,63.47357470521429,1.0,1,2,0,0,1,0,0,0,0,0,6,0,0,0,0,0,0,1,0,0,0,7,0,0,0,0,0,0,0,1,0,0,0
9382,1,1,1,0,0,0,0,17,153,58.394476531272325,1.0,1,6,0,0,0,0,0,0,1,0,6,0,0,0,0,0,0,1,0,0,0,7,0,0,0,0,0,0,0,1,0,0,1
9384,0,0,0,1,0,0,0,8,145,27.35064401921225,0.9999550827629156,1,2,0,0,1,0,0,0,0,0,6,0,0,0,0,0,0,1,0,0,0,7,0,0,0,0,0,0,0,1,0,0,0
9385,1,1,1,0,1,0,0,32,136,39.6161633695344,0.9999999997883662,1,6,0,0,0,0,0,0,1,0,6,0,0,0,0,0,0,1,0,0,0,7,0,0,0,0,0,0,0,1,0,0,1
9386,0,1,0,1,0,0,6,10,160,28.76994081241294,0.999989134866722,1,7,0,0,0,0,0,0,0,1,0,1,0,0,0,0,0,0,0,0,0,7,0,0,0,0,0,0,0,1,0,0,0
9387,0,0,0,0,0,0,0,2,89,21.621764687771968,0.9863700859851936,1,6,0,0,0,0,0,0,1,0,6,0,0,0,0,0,0,1,0,0,0,7,0,0,0,0,0,0,0,1,0,0,0
9388,0,0,1,1,0,2,0,8,77,4.160989517972844,1.889851370597863e-06,0,4,0,0,0,0,1,0,0,0,9,0,0,0,0,0,0,0,0,0,1,7,0,0,0,0,0,0,0,1,0,0,0
9391,1,1,1,1,1,0,0,21,142,14.495872983183048,0.0549856943574597,0,6,0,0,0,0,0,0,1,0,6,0,0,0,0,0,0,1,0,0,0,7,0,0,0,0,0,0,0,1,0,0,1
9393,1,1,1,0,1,0,0,42,134,17.786261001767173,0.609749886749311,1,1,0,1,0,0,0,0,0,0,6,0,0,0,0,0,0,1,0,0,0,7,0,0,0,0,0,0,0,1,0,0,1
9395,0,0,0,0,0,0,0,1,54,12.947397694010949,0.012217389885849887,0,6,0,0,0,0,0,0,1,0,6,0,0,0,0,0,0,1,0,0,0,7,0,0,0,0,0,0,0,1,0,0,0
9396,1,1,1,0,0,0,2,9,97,15.894660417238118,0.1907198451668559,0,6,0,0,0,0,0,0,1,0,6,0,0,0,0,0,0,1,0,0,0,7,0,0,0,0,0,0,0,1,0,0,1
9397,1,0,1,0,0,0,0,7,136,59.26343200253535,1.0,1,6,0,0,0,0,0,0,1,0,6,0,0,0,0,0,0,1,0,0,0,7,0,0,0,0,0,0,0,1,0,0,1
9401,1,1,1,0,0,0,0,12,159,86.10403283561982,1.0,1,6,0,0,0,0,0,0,1,0,6,0,0,0,0,0,0,1,0,0,0,7,0,0,0,0,0,0,0,1,0,0,0
9402,1,1,1,1,1,0,1,16,147,44.17057913191547,0.9999999999977736,1,6,0,0,0,0,0,0,1,0,6,0,0,0,0,0,0,1,0,0,0,7,0,0,0,0,0,0,0,1,0,0,1
9403,1,1,1,0,1,0,0,4,82,14.671498826689438,0.06485781509503988,0,6,0,0,0,0,0,0,1,0,6,0,0,0,0,0,0,1,0,0,0,7,0,0,0,0,0,0,0,1,0,0,1
9404,1,1,1,1,0,0,0,16,164,75.59381949087489,1.0,1,4,0,0,0,0,1,0,0,0,9,0,0,0,0,0,0,0,0,0,1,1,0,1,0,0,0,0,0,0,0,0,1
9405,1,1,1,0,0,0,0,8,81,18.54643401529361,0.7696673810518606,1,4,0,0,0,0,1,0,0,0,9,0,0,0,0,0,0,0,0,0,1,7,0,0,0,0,0,0,0,1,0,0,1
9406,1,1,1,0,0,0,0,14,114,26.557504340804037,0.9999007236936408,1,7,0,0,0,0,0,0,0,1,6,0,0,0,0,0,0,1,0,0,0,7,0,0,0,0,0,0,0,1,0,0,1
9408,0,0,0,0,0,0,0,1,36,4.612185927558225,2.967421868517888e-06,0,6,0,0,0,0,0,0,1,0,6,0,0,0,0,0,0,1,0,0,0,7,0,0,0,0,0,0,0,1,0,0,0
9410,1,1,1,0,1,0,0,15,149,55.785659391345504,1.0,1,6,0,0,0,0,0,0,1,0,6,0,0,0,0,0,0,1,0,0,0,7,0,0,0,0,0,0,0,1,0,0,1
9411,0,0,0,1,0,0,0,7,146,51.29925539768765,0.9999999999999982,1,6,0,0,0,0,0,0,1,0,6,0,0,0,0,0,0,1,0,0,0,7,0,0,0,0,0,0,0,1,0,0,0
9414,0,1,1,0,0,0,0,54,134,74.33236823955905,1.0,1,6,0,0,0,0,0,0,1,0,6,0,0,0,0,0,0,1,0,0,0,7,0,0,0,0,0,0,0,1,0,0,0
9416,1,1,1,0,0,0,0,6,95,26.26974699328622,0.9998676260089581,1,2,0,0,1,0,0,0,0,0,8,0,0,0,0,0,0,0,0,1,0,7,0,0,0,0,0,0,0,1,0,0,1
9417,0,1,1,0,1,0,0,15,164,12.09931433620592,0.005268717472471611,0,4,0,0,0,0,1,0,0,0,9,0,0,0,0,0,0,0,0,0,1,7,0,0,0,0,0,0,0,1,0,0,0
9418,0,0,0,0,0,0,0,4,138,59.01497689483647,1.0,1,4,0,0,0,0,1,0,0,0,9,0,0,0,0,0,0,0,0,0,1,8,0,0,0,0,0,0,0,0,1,0,0
9420,1,1,1,0,0,0,0,21,129,44.04108083287653,0.9999999999974656,1,6,0,0,0,0,0,0,1,0,6,0,0,0,0,0,0,1,0,0,0,7,0,0,0,0,0,0,0,1,0,0,1
9421,1,1,1,0,0,0,0,7,105,29.173836249940802,0.9999927451729076,1,6,0,0,0,0,0,0,1,0,6,0,0,0,0,0,0,1,0,0,0,7,0,0,0,0,0,0,0,1,0,0,1
9422,1,0,0,0,0,0,0,2,136,106.13001309234323,1.0,1,6,0,0,0,0,0,0,1,0,6,0,0,0,0,0,0,1,0,0,0,7,0,0,0,0,0,0,0,1,0,0,0
9425,1,1,0,1,0,0,0,4,137,56.91568680636826,1.0,1,6,0,0,0,0,0,0,1,0,6,0,0,0,0,0,0,1,0,0,0,7,0,0,0,0,0,0,0,1,0,0,0
9430,1,0,0,1,0,0,0,11,171,127.63886815195423,1.0,1,2,0,0,1,0,0,0,0,0,6,0,0,0,0,0,0,1,0,0,0,7,0,0,0,0,0,0,0,1,0,0,1
9431,1,1,1,0,1,0,0,14,152,46.71694137090639,0.9999999999998256,1,6,0,0,0,0,0,0,1,0,6,0,0,0,0,0,0,1,0,0,0,7,0,0,0,0,0,0,0,1,0,0,1
9432,0,1,1,0,1,0,2,10,116,10.921088464515453,0.001627775959785775,0,1,0,1,0,0,0,0,0,0,6,0,0,0,0,0,0,1,0,0,0,7,0,0,0,0,0,0,0,1,0,0,1
9434,0,1,0,0,0,0,0,8,157,31.751905408301464,0.9999994492065484,1,6,0,0,0,0,0,0,1,0,6,0,0,0,0,0,0,1,0,0,0,7,0,0,0,0,0,0,0,1,0,0,1
9435,1,0,0,1,0,0,0,11,155,149.8504816717957,1.0,1,6,0,0,0,0,0,0,1,0,6,0,0,0,0,0,0,1,0,0,0,7,0,0,0,0,0,0,0,1,0,0,1
9436,1,1,1,1,1,0,0,15,167,39.43940764123132,0.9999999997474488,1,4,0,0,0,0,1,0,0,0,9,0,0,0,0,0,0,0,0,0,1,7,0,0,0,0,0,0,0,1,0,0,0
9438,1,1,1,0,0,0,0,6,70,14.671498826689438,0.06485781509503988,0,6,0,0,0,0,0,0,1,0,6,0,0,0,0,0,0,1,0,0,0,7,0,0,0,0,0,0,0,1,0,0,1
9439,0,0,1,0,0,0,0,17,108,15.393105609495695,0.12489238831865775,0,6,0,0,0,0,0,0,1,0,6,0,0,0,0,0,0,1,0,0,0,7,0,0,0,0,0,0,0,1,0,0,0
9441,1,1,1,0,1,0,0,9,80,2.3882137173989264,3.2101223360828595e-07,0,6,0,0,0,0,0,0,1,0,6,0,0,0,0,0,0,1,0,0,0,7,0,0,0,0,0,0,0,1,0,0,1
9445,0,1,1,0,1,0,0,23,131,0.8289652627694903,6.750698217839644e-08,0,6,0,0,0,0,0,0,1,0,6,0,0,0,0,0,0,1,0,0,0,7,0,0,0,0,0,0,0,1,0,0,1
9446,1,1,1,0,0,0,0,17,114,33.73861804166811,0.9999999244611028,1,6,0,0,0,0,0,0,1,0,6,0,0,0,0,0,0,1,0,0,0,7,0,0,0,0,0,0,0,1,0,0,1
9448,1,1,1,1,0,0,0,14,148,27.74362890262811,0.9999696786727804,1,6,0,0,0,0,0,0,1,0,6,0,0,0,0,0,0,1,0,0,0,7,0,0,0,0,0,0,0,1,0,0,1
9449,1,1,1,0,1,0,0,27,131,0.8289652627694903,6.750698217839644e-08,0,6,0,0,0,0,0,0,1,0,6,0,0,0,0,0,0,1,0,0,0,7,0,0,0,0,0,0,0,1,0,0,1
9450,1,0,1,0,0,0,0,9,72,27.78428721991609,0.9999708867259136,1,6,0,0,0,0,0,0,1,0,6,0,0,0,0,0,0,1,0,0,0,7,0,0,0,0,0,0,0,1,0,0,1
9451,1,1,1,0,0,0,0,10,134,34.59688702994016,0.9999999679794216,1,4,0,0,0,0,1,0,0,0,9,0,0,0,0,0,0,0,0,0,1,7,0,0,0,0,0,0,0,1,0,0,1
9452,1,1,1,0,0,0,0,12,121,37.730751817825606,0.9999999986055306,1,1,0,1,0,0,0,0,0,0,4,0,0,0,0,1,0,0,0,0,0,7,0,0,0,0,0,0,0,1,0,0,1
9453,1,1,1,0,1,0,0,11,151,48.02233673987739,0.9999999999999528,1,6,0,0,0,0,0,0,1,0,6,0,0,0,0,0,0,1,0,0,0,7,0,0,0,0,0,0,0,1,0,0,1
9454,0,1,1,0,1,0,0,27,131,0.8289652627694903,6.750698217839644e-08,0,6,0,0,0,0,0,0,1,0,6,0,0,0,0,0,0,1,0,0,0,7,0,0,0,0,0,0,0,1,0,0,1
9455,0,1,1,1,0,0,0,28,132,44.07761517710588,0.9999999999975566,1,6,0,0,0,0,0,0,1,0,6,0,0,0,0,0,0,1,0,0,0,7,0,0,0,0,0,0,0,1,0,0,1
9456,1,1,1,0,0,0,0,11,105,6.74002796743057,2.491608575122219e-05,0,4,0,0,0,0,1,0,0,0,9,0,0,0,0,0,0,0,0,0,1,7,0,0,0,0,0,0,0,1,0,0,1
9457,1,1,1,0,0,0,0,20,147,35.64590425878625,0.9999999887837728,1,6,0,0,0,0,0,0,1,0,6,0,0,0,0,0,0,1,0,0,0,7,0,0,0,0,0,0,0,1,0,0,1
9458,1,0,1,0,0,0,0,10,73,6.735216152241355,2.4796485103111565e-05,0,2,0,0,1,0,0,0,0,0,8,0,0,0,0,0,0,0,0,1,0,7,0,0,0,0,0,0,0,1,0,0,1
9460,1,1,1,0,0,0,0,24,132,34.86292648631903,0.999999975459144,1,6,0,0,0,0,0,0,1,0,6,0,0,0,0,0,0,1,0,0,0,7,0,0,0,0,0,0,0,1,0,0,1
9463,0,0,1,0,0,0,2,4,75,3.3114120425692612,8.080929357685658e-07,0,6,0,0,0,0,0,0,1,0,6,0,0,0,0,0,0,1,0,0,0,7,0,0,0,0,0,0,0,1,0,0,0
9465,1,1,1,0,0,0,0,7,105,15.690135021225355,0.16112719891582108,0,5,0,0,0,0,0,1,0,0,1,0,1,0,0,0,0,0,0,0,0,7,0,0,0,0,0,0,0,1,0,0,1
9466,1,1,1,1,0,0,0,24,154,53.65875538443868,0.9999999999999998,1,6,0,0,0,0,0,0,1,0,6,0,0,0,0,0,0,1,0,0,0,7,0,0,0,0,0,0,0,1,0,0,1
9467,1,0,1,0,0,0,0,4,121,55.87431640296876,1.0,1,6,0,0,0,0,0,0,1,0,6,0,0,0,0,0,0,1,0,0,0,7,0,0,0,0,0,0,0,1,0,0,1
9468,0,0,1,1,0,0,0,25,117,30.96112148087481,0.9999987854327232,1,6,0,0,0,0,0,0,1,0,6,0,0,0,0,0,0,1,0,0,0,7,0,0,0,0,0,0,0,1,0,0,0
9469,1,1,1,0,0,0,0,16,116,36.625256180648854,0.9999999957876964,1,4,0,0,0,0,1,0,0,0,9,0,0,0,0,0,0,0,0,0,1,7,0,0,0,0,0,0,0,1,0,0,1
9470,0,0,0,0,1,2,0,5,133,55.56416891794794,1.0,1,1,0,1,0,0,0,0,0,0,6,0,0,0,0,0,0,1,0,0,0,7,0,0,0,0,0,0,0,1,0,0,1
9471,0,1,1,0,1,0,0,34,129,47.21813343562896,0.9999999999998944,1,4,0,0,0,0,1,0,0,0,9,0,0,0,0,0,0,0,0,0,1,7,0,0,0,0,0,0,0,1,0,0,1
9472,1,0,0,0,1,2,0,3,119,65.02544198068172,1.0,1,1,0,1,0,0,0,0,0,0,6,0,0,0,0,0,0,1,0,0,0,7,0,0,0,0,0,0,0,1,0,0,1
9474,1,0,0,1,0,0,0,5,80,20.905688700977517,0.9725001238275024,1,4,0,0,0,0,1,0,0,0,9,0,0,0,0,0,0,0,0,0,1,7,0,0,0,0,0,0,0,1,0,0,1
9480,1,1,1,0,1,0,0,23,131,0.8289652627694903,6.750698217839644e-08,0,6,0,0,0,0,0,0,1,0,6,0,0,0,0,0,0,1,0,0,0,7,0,0,0,0,0,0,0,1,0,0,1
9481,1,1,1,0,0,0,0,8,145,45.79692389852593,0.999999999999562,1,6,0,0,0,0,0,0,1,0,6,0,0,0,0,0,0,1,0,0,0,7,0,0,0,0,0,0,0,1,0,0,1
9482,1,1,1,0,1,0,0,26,131,0.8289652627694903,6.750698217839644e-08,0,6,0,0,0,0,0,0,1,0,6,0,0,0,0,0,0,1,0,0,0,7,0,0,0,0,0,0,0,1,0,0,1
9484,1,1,0,1,1,0,0,5,151,122.8855140167932,1.0,1,6,0,0,0,0,0,0,1,0,6,0,0,0,0,0,0,1,0,0,0,7,0,0,0,0,0,0,0,1,0,0,1
9485,0,0,1,0,0,0,0,23,143,25.424740862600913,0.9996918885597744,1,6,0,0,0,0,0,0,1,0,6,0,0,0,0,0,0,1,0,0,0,7,0,0,0,0,0,0,0,1,0,0,1
9486,0,1,1,0,1,0,0,22,131,0.8289652627694903,6.750698217839644e-08,0,6,0,0,0,0,0,0,1,0,6,0,0,0,0,0,0,1,0,0,0,7,0,0,0,0,0,0,0,1,0,0,1
9488,1,0,1,0,0,0,0,5,101,22.483999715428162,0.9941995342862576,1,6,0,0,0,0,0,0,1,0,6,0,0,0,0,0,0,1,0,0,0,7,0,0,0,0,0,0,0,1,0,0,1
9489,0,1,1,0,1,0,0,12,111,4.772072344535821,3.4819045222349603e-06,0,6,0,0,0,0,0,0,1,0,6,0,0,0,0,0,0,1,0,0,0,7,0,0,0,0,0,0,0,1,0,0,1
9490,1,1,1,0,1,0,0,24,131,0.8289652627694903,6.750698217839644e-08,0,6,0,0,0,0,0,0,1,0,6,0,0,0,0,0,0,1,0,0,0,7,0,0,0,0,0,0,0,1,0,0,1
9491,1,0,1,0,0,0,0,10,132,17.83385808469142,0.6210148764203194,1,1,0,1,0,0,0,0,0,0,4,0,0,0,0,1,0,0,0,0,0,7,0,0,0,0,0,0,0,1,0,0,1
9492,1,1,1,0,0,0,0,8,98,19.071397906247547,0.8495911404608307,1,6,0,0,0,0,0,0,1,0,6,0,0,0,0,0,0,1,0,0,0,7,0,0,0,0,0,0,0,1,0,0,1
9493,0,0,0,0,1,11,0,10,84,3.7838371817100898,1.2960827466177395e-06,0,6,0,0,0,0,0,0,1,0,6,0,0,0,0,0,0,1,0,0,0,7,0,0,0,0,0,0,0,1,0,0,1
9495,0,0,0,1,0,0,0,2,59,7.746155523824148,6.814228442834353e-05,0,1,0,1,0,0,0,0,0,0,6,0,0,0,0,0,0,1,0,0,0,7,0,0,0,0,0,0,0,1,0,0,1
9496,1,1,1,0,0,0,0,3,150,206.8021561463584,1.0,1,6,0,0,0,0,0,0,1,0,6,0,0,0,0,0,0,1,0,0,0,7,0,0,0,0,0,0,0,1,0,0,1
9499,1,1,1,0,0,0,0,8,112,41.236135070040866,0.9999999999581168,1,6,0,0,0,0,0,0,1,0,6,0,0,0,0,0,0,1,0,0,0,7,0,0,0,0,0,0,0,1,0,0,1
9500,1,1,1,0,0,0,0,7,153,44.118551663696,0.9999999999976544,1,6,0,0,0,0,0,0,1,0,6,0,0,0,0,0,0,1,0,0,0,7,0,0,0,0,0,0,0,1,0,0,1
9501,0,1,1,0,0,0,0,8,112,41.236135070040866,0.9999999999581168,1,6,0,0,0,0,0,0,1,0,6,0,0,0,0,0,0,1,0,0,0,7,0,0,0,0,0,0,0,1,0,0,1
9502,1,1,1,0,0,0,0,6,127,51.19521293778105,0.9999999999999979,1,6,0,0,0,0,0,0,1,0,6,0,0,0,0,0,0,1,0,0,0,7,0,0,0,0,0,0,0,1,0,0,1
9503,1,1,1,0,0,0,0,16,105,60.495572163296565,1.0,1,1,0,1,0,0,0,0,0,0,6,0,0,0,0,0,0,1,0,0,0,7,0,0,0,0,0,0,0,1,0,0,1
9504,1,1,1,0,0,0,0,6,101,27.68191041342496,0.9999677483923242,1,6,0,0,0,0,0,0,1,0,6,0,0,0,0,0,0,1,0,0,0,7,0,0,0,0,0,0,0,1,0,0,1
9505,1,1,1,0,1,0,0,17,166,62.80461903918636,1.0,1,1,0,1,0,0,0,0,0,0,4,0,0,0,0,1,0,0,0,0,0,7,0,0,0,0,0,0,0,1,0,0,1
9507,1,0,0,1,0,0,0,3,121,77.99697686884795,1.0,1,6,0,0,0,0,0,0,1,0,6,0,0,0,0,0,0,1,0,0,0,7,0,0,0,0,0,0,0,1,0,0,1
9508,0,0,0,0,1,0,0,10,69,4.2611952488999645,2.089038093783601e-06,0,6,0,0,0,0,0,0,1,0,6,0,0,0,0,0,0,1,0,0,0,7,0,0,0,0,0,0,0,1,0,0,1
9509,1,0,0,1,0,0,0,3,82,32.78240324703922,0.9999998034607036,1,6,0,0,0,0,0,0,1,0,6,0,0,0,0,0,0,1,0,0,0,7,0,0,0,0,0,0,0,1,0,0,1
9510,1,1,1,0,0,0,1,8,123,29.57018060090205,0.9999951191222222,1,6,0,0,0,0,0,0,1,0,6,0,0,0,0,0,0,1,0,0,0,7,0,0,0,0,0,0,0,1,0,0,1
9511,1,1,1,0,0,0,1,16,148,89.62980746360924,1.0,1,1,0,1,0,0,0,0,0,0,4,0,0,0,0,1,0,0,0,0,0,7,0,0,0,0,0,0,0,1,0,0,1
9513,1,0,0,0,0,0,0,26,178,190.00405281476228,1.0,1,6,0,0,0,0,0,0,1,0,6,0,0,0,0,0,0,1,0,0,0,7,0,0,0,0,0,0,0,1,0,0,1
9519,0,0,0,1,0,0,0,53,99,119.65395885728095,1.0,1,6,0,0,0,0,0,0,1,0,6,0,0,0,0,0,0,1,0,0,0,7,0,0,0,0,0,0,0,1,0,0,1
9520,0,1,1,0,1,0,0,13,87,13.54872282393729,0.022068741675567598,0,4,0,0,0,0,1,0,0,0,2,0,0,1,0,0,0,0,0,0,0,7,0,0,0,0,0,0,0,1,0,0,0
9522,1,0,0,1,0,0,0,10,172,252.234350152977,1.0,1,6,0,0,0,0,0,0,1,0,6,0,0,0,0,0,0,1,0,0,0,7,0,0,0,0,0,0,0,1,0,0,1
9524,0,1,1,1,0,0,0,27,153,7.905909986523719,7.994513574025662e-05,0,6,0,0,0,0,0,0,1,0,6,0,0,0,0,0,0,1,0,0,0,7,0,0,0,0,0,0,0,1,0,0,1
9525,1,1,1,0,1,0,0,21,153,26.45942251631894,0.9998904940889776,1,6,0,0,0,0,0,0,1,0,6,0,0,0,0,0,0,1,0,0,0,7,0,0,0,0,0,0,0,1,0,0,1
9526,1,1,1,0,0,0,0,9,104,35.54354086338179,0.9999999875748212,1,6,0,0,0,0,0,0,1,0,6,0,0,0,0,0,0,1,0,0,0,7,0,0,0,0,0,0,0,1,0,0,1
9529,1,1,1,0,0,0,0,9,111,27.657812984672503,0.9999669617977932,1,6,0,0,0,0,0,0,1,0,6,0,0,0,0,0,0,1,0,0,0,7,0,0,0,0,0,0,0,1,0,0,1
9531,1,1,1,0,1,0,0,17,155,41.17264223263136,0.9999999999553713,1,6,0,0,0,0,0,0,1,0,6,0,0,0,0,0,0,1,0,0,0,7,0,0,0,0,0,0,0,1,0,0,1
9533,1,1,0,0,1,0,13,3,74,3.9895947120366753,1.5921792540049434e-06,0,6,0,0,0,0,0,0,1,0,6,0,0,0,0,0,0,1,0,0,0,7,0,0,0,0,0,0,0,1,0,0,1
9537,1,1,1,1,0,0,0,5,158,171.36793587262596,1.0,1,4,0,0,0,0,1,0,0,0,9,0,0,0,0,0,0,0,0,0,1,2,0,0,1,0,0,0,0,0,0,0,1
9538,1,0,0,0,1,0,0,13,164,86.45950787309341,1.0,1,4,0,0,0,0,1,0,0,0,9,0,0,0,0,0,0,0,0,0,1,7,0,0,0,0,0,0,0,1,0,0,1
9539,1,1,1,0,1,0,0,17,155,41.17264223263136,0.9999999999553713,1,6,0,0,0,0,0,0,1,0,6,0,0,0,0,0,0,1,0,0,0,7,0,0,0,0,0,0,0,1,0,0,1
9540,1,1,1,0,0,0,0,6,111,27.657812984672503,0.9999669617977932,1,6,0,0,0,0,0,0,1,0,6,0,0,0,0,0,0,1,0,0,0,7,0,0,0,0,0,0,0,1,0,0,1
9541,0,0,0,1,1,0,0,15,165,25.182958799906487,0.9996076480262704,1,6,0,0,0,0,0,0,1,0,6,0,0,0,0,0,0,1,0,0,0,7,0,0,0,0,0,0,0,1,0,0,0
9542,0,1,1,1,1,0,0,19,155,14.062093533533995,0.036336953640219126,0,6,0,0,0,0,0,0,1,0,6,0,0,0,0,0,0,1,0,0,0,7,0,0,0,0,0,0,0,1,0,0,0
9547,0,1,1,1,0,0,1,10,93,8.912475417594521,0.00021871450235801484,0,6,0,0,0,0,0,0,1,0,6,0,0,0,0,0,0,1,0,0,0,7,0,0,0,0,0,0,0,1,0,0,0
9548,0,0,0,1,0,0,0,5,152,59.75976505611391,1.0,1,6,0,0,0,0,0,0,1,0,6,0,0,0,0,0,0,1,0,0,0,7,0,0,0,0,0,0,0,1,0,0,0
9550,0,1,1,0,0,0,0,50,107,97.10435261486424,1.0,1,6,0,0,0,0,0,0,1,0,6,0,0,0,0,0,0,1,0,0,0,7,0,0,0,0,0,0,0,1,0,0,0
9551,0,0,0,0,0,0,0,9,98,44.93911153005842,0.9999999999989676,1,4,0,0,0,0,1,0,0,0,9,0,0,0,0,0,0,0,0,0,1,7,0,0,0,0,0,0,0,1,0,0,0
9552,0,0,1,0,1,0,0,16,146,8.744426397965361,0.0001848883354165692,0,4,0,0,0,0,1,0,0,0,2,0,0,1,0,0,0,0,0,0,0,3,0,0,0,1,0,0,0,0,0,0,1
9553,0,0,0,0,1,0,0,10,160,62.561659817889534,1.0,1,4,0,0,0,0,1,0,0,0,9,0,0,0,0,0,0,0,0,0,1,7,0,0,0,0,0,0,0,1,0,0,0
9554,0,0,0,0,0,0,4,4,77,17.29047055707789,0.4876201699805511,0,6,0,0,0,0,0,0,1,0,6,0,0,0,0,0,0,1,0,0,0,7,0,0,0,0,0,0,0,1,0,0,0
9555,0,0,1,0,0,0,0,18,130,18.496410023914848,0.7606797856140097,1,6,0,0,0,0,0,0,1,0,6,0,0,0,0,0,0,1,0,0,0,7,0,0,0,0,0,0,0,1,0,0,1
9556,1,1,0,1,0,0,0,8,96,19.044589066449927,0.8461331434323238,1,4,0,0,0,0,1,0,0,0,9,0,0,0,0,0,0,0,0,0,1,7,0,0,0,0,0,0,0,1,0,0,0
9557,1,0,1,0,0,0,0,17,107,38.79045226393896,0.9999999995167332,1,7,0,0,0,0,0,0,0,1,6,0,0,0,0,0,0,1,0,0,0,7,0,0,0,0,0,0,0,1,0,0,0
9559,0,1,1,0,0,0,0,11,80,3.0133747457403466,5.998262217571174e-07,0,4,0,0,0,0,1,0,0,0,9,0,0,0,0,0,0,0,0,0,1,7,0,0,0,0,0,0,0,1,0,0,0
9562,0,0,0,0,0,0,1,5,51,7.7125820493978345,6.589263747318734e-05,0,4,0,0,0,0,1,0,0,0,9,0,0,0,0,0,0,0,0,0,1,7,0,0,0,0,0,0,0,1,0,0,0
9563,0,0,0,0,0,0,0,6,110,37.92320450685351,0.9999999988496556,1,4,0,0,0,0,1,0,0,0,9,0,0,0,0,0,0,0,0,0,1,7,0,0,0,0,0,0,0,1,0,0,1
9564,0,0,0,0,0,0,0,1,34,3.595484345330535,1.0735746015916318e-06,0,6,0,0,0,0,0,0,1,0,6,0,0,0,0,0,0,1,0,0,0,7,0,0,0,0,0,0,0,1,0,0,0
9565,0,1,1,0,1,0,0,23,92,5.181158645753189,5.241794816450102e-06,0,4,0,0,0,0,1,0,0,0,9,0,0,0,0,0,0,0,0,0,1,7,0,0,0,0,0,0,0,1,0,0,0
9566,0,1,1,1,0,1,0,24,127,16.973434902233272,0.4093712750551808,0,4,0,0,0,0,1,0,0,0,9,0,0,0,0,0,0,0,0,0,1,7,0,0,0,0,0,0,0,1,0,0,0
9567,0,0,0,1,0,0,4,2,47,4.126330590065534,1.8254733487000302e-06,0,6,0,0,0,0,0,0,1,0,6,0,0,0,0,0,0,1,0,0,0,7,0,0,0,0,0,0,0,1,0,0,0
9568,0,1,1,0,1,1,0,13,131,22.8962785099628,0.9961517400485816,1,4,0,0,0,0,1,0,0,0,2,0,0,1,0,0,0,0,0,0,0,3,0,0,0,1,0,0,0,0,0,0,1
9569,0,0,0,1,0,0,0,9,56,4.6924513935569925,3.215422409316318e-06,0,4,0,0,0,0,1,0,0,0,9,0,0,0,0,0,0,0,0,0,1,7,0,0,0,0,0,0,0,1,0,0,0
9571,1,0,0,0,1,0,0,7,157,122.14903208859222,1.0,1,6,0,0,0,0,0,0,1,0,6,0,0,0,0,0,0,1,0,0,0,7,0,0,0,0,0,0,0,1,0,0,1
9572,0,0,0,1,0,0,0,6,94,11.395437114121268,0.002613200648339584,0,2,0,0,1,0,0,0,0,0,3,0,0,0,1,0,0,0,0,0,0,7,0,0,0,0,0,0,0,1,0,0,0
9574,1,0,0,1,0,8,0,29,71,11.13143185072206,0.0020080759701349253,0,6,0,0,0,0,0,0,1,0,6,0,0,0,0,0,0,1,0,0,0,7,0,0,0,0,0,0,0,1,0,0,0
9575,0,0,0,1,0,1,0,16,49,6.360463059557691,1.704669887608165e-05,0,6,0,0,0,0,0,0,1,0,6,0,0,0,0,0,0,1,0,0,0,7,0,0,0,0,0,0,0,1,0,0,0
9576,0,1,1,0,1,0,0,19,124,9.430132720411818,0.0003669685840851001,0,4,0,0,0,0,1,0,0,0,9,0,0,0,0,0,0,0,0,0,1,5,0,0,0,0,0,1,0,0,0,0,0
9577,0,0,0,0,0,0,0,3,60,12.618093874939026,0.008819721630338558,0,6,0,0,0,0,0,0,1,0,6,0,0,0,0,0,0,1,0,0,0,7,0,0,0,0,0,0,0,1,0,0,0
9579,0,0,0,0,0,0,0,1,67,12.44423453028184,0.0074226745932251155,0,6,0,0,0,0,0,0,1,0,6,0,0,0,0,0,0,1,0,0,0,7,0,0,0,0,0,0,0,1,0,0,0
9580,1,1,1,0,0,0,0,13,144,69.21370658393006,1.0,1,6,0,0,0,0,0,0,1,0,6,0,0,0,0,0,0,1,0,0,0,7,0,0,0,0,0,0,0,1,0,0,1
9581,0,1,1,0,0,0,2,17,125,7.76691129574169,6.957131071389521e-05,0,6,0,0,0,0,0,0,1,0,6,0,0,0,0,0,0,1,0,0,0,7,0,0,0,0,0,0,0,1,0,0,0
9582,1,0,0,0,0,1,0,1,60,19.682428116622134,0.91233048914011,1,6,0,0,0,0,0,0,1,0,6,0,0,0,0,0,0,1,0,0,0,7,0,0,0,0,0,0,0,1,0,0,1
9583,0,1,1,1,1,1,0,38,143,4.048325483452151,1.6884895179629875e-06,0,6,0,0,0,0,0,0,1,0,6,0,0,0,0,0,0,1,0,0,0,7,0,0,0,0,0,0,0,1,0,0,0
9585,0,1,1,1,0,0,0,25,161,108.94642883547097,1.0,1,4,0,0,0,0,1,0,0,0,9,0,0,0,0,0,0,0,0,0,1,7,0,0,0,0,0,0,0,1,0,0,0
9586,1,0,0,0,0,0,4,1,82,27.858034208969112,0.9999729564290272,1,6,0,0,0,0,0,0,1,0,6,0,0,0,0,0,0,1,0,0,0,7,0,0,0,0,0,0,0,1,0,0,1
9589,1,0,0,0,0,0,0,1,42,8.284414191744567,0.00011672351509516201,0,6,0,0,0,0,0,0,1,0,6,0,0,0,0,0,0,1,0,0,0,7,0,0,0,0,0,0,0,1,0,0,1
9590,1,0,0,0,0,0,2,1,94,42.1732893148533,0.9999999999835928,1,6,0,0,0,0,0,0,1,0,6,0,0,0,0,0,0,1,0,0,0,7,0,0,0,0,0,0,0,1,0,0,0
9591,0,0,0,0,0,0,0,1,52,8.366471682211692,0.00012670423699286408,0,6,0,0,0,0,0,0,1,0,6,0,0,0,0,0,0,1,0,0,0,7,0,0,0,0,0,0,0,1,0,0,0
9592,0,1,0,0,0,0,0,2,54,6.968660699037878,3.1316337936793474e-05,0,6,0,0,0,0,0,0,1,0,6,0,0,0,0,0,0,1,0,0,0,7,0,0,0,0,0,0,0,1,0,0,0
9593,1,1,0,1,0,0,2,14,93,18.406713135714526,0.7439713427556567,1,2,0,0,1,0,0,0,0,0,6,0,0,0,0,0,0,1,0,0,0,7,0,0,0,0,0,0,0,1,0,0,1
9594,0,0,0,0,0,0,0,0,25,2.756672082737456,4.640245478422186e-07,0,6,0,0,0,0,0,0,1,0,6,0,0,0,0,0,0,1,0,0,0,7,0,0,0,0,0,0,0,1,0,0,0
9595,1,0,0,0,0,0,2,3,101,18.00687236681747,0.6608024764498898,1,6,0,0,0,0,0,0,1,0,6,0,0,0,0,0,0,1,0,0,0,7,0,0,0,0,0,0,0,1,0,0,1
9596,0,0,0,0,0,0,4,3,52,6.031636757716112,1.226972745141696e-05,0,6,0,0,0,0,0,0,1,0,6,0,0,0,0,0,0,1,0,0,0,7,0,0,0,0,0,0,0,1,0,0,0
9597,0,0,0,1,1,0,8,5,122,11.979840944790272,0.004678170321605857,0,0,1,0,0,0,0,0,0,0,6,0,0,0,0,0,0,1,0,0,0,7,0,0,0,0,0,0,0,1,0,0,0
9598,1,1,1,0,0,0,1,10,166,84.21113503264813,1.0,1,6,0,0,0,0,0,0,1,0,6,0,0,0,0,0,0,1,0,0,0,7,0,0,0,0,0,0,0,1,0,0,1
9600,1,0,0,0,1,0,18,3,83,7.387324396724083,4.759783874628742e-05,0,4,0,0,0,0,1,0,0,0,9,0,0,0,0,0,0,0,0,0,1,7,0,0,0,0,0,0,0,1,0,0,1
9602,0,1,1,0,1,0,0,75,146,138.74178779191044,1.0,1,6,0,0,0,0,0,0,1,0,6,0,0,0,0,0,0,1,0,0,0,7,0,0,0,0,0,0,0,1,0,0,0
9603,0,0,0,0,0,0,7,2,40,3.107934835067096,6.593140739503829e-07,0,6,0,0,0,0,0,0,1,0,6,0,0,0,0,0,0,1,0,0,0,7,0,0,0,0,0,0,0,1,0,0,0
9605,0,0,0,0,0,0,3,1,19,0.42553292899443534,4.509623314986922e-08,0,6,0,0,0,0,0,0,1,0,6,0,0,0,0,0,0,1,0,0,0,7,0,0,0,0,0,0,0,1,0,0,0
9606,0,0,0,0,0,0,0,1,67,12.880893576617279,0.011440304552691566,0,6,0,0,0,0,0,0,1,0,6,0,0,0,0,0,0,1,0,0,0,7,0,0,0,0,0,0,0,1,0,0,0
9607,1,0,0,1,0,0,0,4,123,78.95991319338333,1.0,1,6,0,0,0,0,0,0,1,0,6,0,0,0,0,0,0,1,0,0,0,7,0,0,0,0,0,0,0,1,0,0,0
9608,1,1,1,0,1,0,0,12,132,26.433602048895274,0.9998876300972076,1,4,0,0,0,0,1,0,0,0,9,0,0,0,0,0,0,0,0,0,1,7,0,0,0,0,0,0,0,1,0,0,1
9609,1,0,0,0,0,0,4,20,80,28.431618195858647,0.9999847607075396,1,6,0,0,0,0,0,0,1,0,6,0,0,0,0,0,0,1,0,0,0,7,0,0,0,0,0,0,0,1,0,0,1
9610,0,0,0,0,0,0,0,3,65,10.317888116328676,0.0008911449815348171,0,6,0,0,0,0,0,0,1,0,6,0,0,0,0,0,0,1,0,0,0,7,0,0,0,0,0,0,0,1,0,0,1
9611,1,1,1,0,1,0,0,51,157,55.90970262915365,1.0,1,4,0,0,0,0,1,0,0,0,9,0,0,0,0,0,0,0,0,0,1,7,0,0,0,0,0,0,0,1,0,0,1
9612,1,1,1,0,0,0,0,21,133,85.39191112677405,1.0,1,6,0,0,0,0,0,0,1,0,6,0,0,0,0,0,0,1,0,0,0,7,0,0,0,0,0,0,0,1,0,0,1
9613,1,1,1,0,1,0,0,20,126,55.99075240832447,1.0,1,4,0,0,0,0,1,0,0,0,9,0,0,0,0,0,0,0,0,0,1,7,0,0,0,0,0,0,0,1,0,0,1
9616,1,1,1,0,1,0,0,48,157,71.35460574993685,1.0,1,4,0,0,0,0,1,0,0,0,9,0,0,0,0,0,0,0,0,0,1,7,0,0,0,0,0,0,0,1,0,0,1
9617,1,0,0,1,0,0,0,19,144,247.10250547862026,1.0,1,6,0,0,0,0,0,0,1,0,6,0,0,0,0,0,0,1,0,0,0,7,0,0,0,0,0,0,0,1,0,0,1
9618,0,1,0,1,0,0,1,4,103,15.97215413258289,0.2029681019137332,0,6,0,0,0,0,0,0,1,0,6,0,0,0,0,0,0,1,0,0,0,7,0,0,0,0,0,0,0,1,0,0,1
9619,0,1,1,0,0,0,0,10,111,10.00600403318522,0.0006525330864215174,0,5,0,0,0,0,0,1,0,0,1,0,1,0,0,0,0,0,0,0,0,7,0,0,0,0,0,0,0,1,0,0,1
9620,1,1,0,0,0,0,0,15,111,51.105534186005976,0.9999999999999978,1,4,0,0,0,0,1,0,0,0,9,0,0,0,0,0,0,0,0,0,1,7,0,0,0,0,0,0,0,1,0,0,1
9625,1,1,1,0,0,0,0,100,164,366.42584007397727,1.0,1,6,0,0,0,0,0,0,1,0,6,0,0,0,0,0,0,1,0,0,0,7,0,0,0,0,0,0,0,1,0,0,1
9627,1,1,1,0,0,0,0,53,161,146.04934121420266,1.0,1,4,0,0,0,0,1,0,0,0,9,0,0,0,0,0,0,0,0,0,1,7,0,0,0,0,0,0,0,1,0,0,1
9629,1,1,0,0,0,0,0,9,143,94.51349386164152,1.0,1,4,0,0,0,0,1,0,0,0,9,0,0,0,0,0,0,0,0,0,1,7,0,0,0,0,0,0,0,1,0,0,1
9632,0,1,0,0,0,0,0,31,158,20.890051978552552,0.9720788370301524,1,6,0,0,0,0,0,0,1,0,6,0,0,0,0,0,0,1,0,0,0,7,0,0,0,0,0,0,0,1,0,0,1
9634,1,1,1,0,1,0,0,43,155,40.77473314840015,0.9999999999335608,1,6,0,0,0,0,0,0,1,0,6,0,0,0,0,0,0,1,0,0,0,7,0,0,0,0,0,0,0,1,0,0,1
9636,1,1,1,0,0,0,0,20,138,163.74134020250358,1.0,1,6,0,0,0,0,0,0,1,0,6,0,0,0,0,0,0,1,0,0,0,7,0,0,0,0,0,0,0,1,0,0,1
9638,1,1,1,1,1,0,0,20,152,49.85590723364725,0.9999999999999925,1,6,0,0,0,0,0,0,1,0,6,0,0,0,0,0,0,1,0,0,0,7,0,0,0,0,0,0,0,1,0,0,1
9639,1,1,1,0,1,0,0,11,118,25.45092079541199,0.9996998478342196,1,4,0,0,0,0,1,0,0,0,9,0,0,0,0,0,0,0,0,0,1,7,0,0,0,0,0,0,0,1,0,0,1
9640,0,0,0,0,1,0,0,5,125,43.458939734429165,0.999999999995464,1,6,0,0,0,0,0,0,1,0,6,0,0,0,0,0,0,1,0,0,0,7,0,0,0,0,0,0,0,1,0,0,1
9642,1,1,1,0,1,0,0,26,166,104.51035467585369,1.0,1,4,0,0,0,0,1,0,0,0,9,0,0,0,0,0,0,0,0,0,1,7,0,0,0,0,0,0,0,1,0,0,1
9643,1,1,0,0,1,0,0,15,111,45.037310431462906,0.999999999999064,1,6,0,0,0,0,0,0,1,0,6,0,0,0,0,0,0,1,0,0,0,7,0,0,0,0,0,0,0,1,0,0,1
9644,1,1,1,0,0,0,0,19,114,58.74622306752083,1.0,1,6,0,0,0,0,0,0,1,0,6,0,0,0,0,0,0,1,0,0,0,7,0,0,0,0,0,0,0,1,0,0,1
9645,1,1,1,0,0,0,0,28,147,256.2577660198489,1.0,1,6,0,0,0,0,0,0,1,0,6,0,0,0,0,0,0,1,0,0,0,7,0,0,0,0,0,0,0,1,0,0,1
9646,1,0,1,0,0,0,0,15,102,16.4410987560019,0.2892763443956405,0,4,0,0,0,0,1,0,0,0,9,0,0,0,0,0,0,0,0,0,1,7,0,0,0,0,0,0,0,1,0,0,1
9650,1,1,1,0,0,0,0,53,163,81.16356657815912,1.0,1,4,0,0,0,0,1,0,0,0,2,0,0,1,0,0,0,0,0,0,0,7,0,0,0,0,0,0,0,1,0,0,1
9651,1,1,1,0,0,0,0,74,148,234.88217358225597,1.0,1,6,0,0,0,0,0,0,1,0,6,0,0,0,0,0,0,1,0,0,0,7,0,0,0,0,0,0,0,1,0,0,1
9652,1,1,1,0,1,0,0,12,142,5.631100388546168,8.220267295247052e-06,0,2,0,0,1,0,0,0,0,0,6,0,0,0,0,0,0,1,0,0,0,7,0,0,0,0,0,0,0,1,0,0,1
9653,1,1,0,0,0,0,0,4,97,10.843766658515113,0.001506838823826428,0,6,0,0,0,0,0,0,1,0,6,0,0,0,0,0,0,1,0,0,0,7,0,0,0,0,0,0,0,1,0,0,1
9654,0,1,0,0,0,0,0,7,140,32.42123384818903,0.9999997179648504,1,4,0,0,0,0,1,0,0,0,2,0,0,1,0,0,0,0,0,0,0,7,0,0,0,0,0,0,0,1,0,0,1
9655,1,1,0,0,0,0,0,14,108,54.50077556811348,1.0,1,4,0,0,0,0,1,0,0,0,9,0,0,0,0,0,0,0,0,0,1,7,0,0,0,0,0,0,0,1,0,0,1
9656,0,0,0,0,0,1,0,3,45,8.68627438779491,0.00017444517089626544,0,6,0,0,0,0,0,0,1,0,6,0,0,0,0,0,0,1,0,0,0,7,0,0,0,0,0,0,0,1,0,0,1
9657,1,1,1,0,1,0,0,47,150,53.25523646463279,0.9999999999999998,1,6,0,0,0,0,0,0,1,0,6,0,0,0,0,0,0,1,0,0,0,7,0,0,0,0,0,0,0,1,0,0,1
9659,0,0,0,0,0,0,0,6,97,41.27532544592923,0.9999999999597264,1,6,0,0,0,0,0,0,1,0,6,0,0,0,0,0,0,1,0,0,0,7,0,0,0,0,0,0,0,1,0,0,0
9660,0,0,0,1,0,1,0,0,67,4.977658168625345,4.2766262951014085e-06,0,6,0,0,0,0,0,0,1,0,6,0,0,0,0,0,0,1,0,0,0,7,0,0,0,0,0,0,0,1,0,0,0
9661,0,0,0,1,0,0,0,6,98,44.91377576953046,0.9999999999989412,1,6,0,0,0,0,0,0,1,0,6,0,0,0,0,0,0,1,0,0,0,7,0,0,0,0,0,0,0,1,0,0,1
9663,0,1,1,0,1,2,0,21,119,3.1602279476661517,6.947090257430704e-07,0,1,0,1,0,0,0,0,0,0,4,0,0,0,0,1,0,0,0,0,0,7,0,0,0,0,0,0,0,1,0,0,0
9664,0,0,0,1,0,0,0,4,65,5.829717240482164,1.0026361475833036e-05,0,6,0,0,0,0,0,0,1,0,6,0,0,0,0,0,0,1,0,0,0,7,0,0,0,0,0,0,0,1,0,0,0
9665,0,1,1,0,0,0,0,4,99,18.575953034502014,0.7748587958525006,1,6,0,0,0,0,0,0,1,0,6,0,0,0,0,0,0,1,0,0,0,7,0,0,0,0,0,0,0,1,0,0,0
9666,0,1,1,0,0,0,0,5,106,9.587041334321935,0.00042928563554064784,0,6,0,0,0,0,0,0,1,0,6,0,0,0,0,0,0,1,0,0,0,7,0,0,0,0,0,0,0,1,0,0,0
9667,1,1,1,0,0,0,0,19,155,63.545418670357215,1.0,1,4,0,0,0,0,1,0,0,0,9,0,0,0,0,0,0,0,0,0,1,7,0,0,0,0,0,0,0,1,0,0,1
9669,1,1,1,0,1,0,0,25,146,90.53193251985986,1.0,1,6,0,0,0,0,0,0,1,0,6,0,0,0,0,0,0,1,0,0,0,7,0,0,0,0,0,0,0,1,0,0,1
9670,1,1,1,0,0,0,0,6,82,17.678209819803268,0.5837556013289161,1,4,0,0,0,0,1,0,0,0,2,0,0,1,0,0,0,0,0,0,0,7,0,0,0,0,0,0,0,1,0,0,1
9672,0,1,1,0,0,0,0,4,127,23.94096351973909,0.9986427866042732,1,6,0,0,0,0,0,0,1,0,6,0,0,0,0,0,0,1,0,0,0,7,0,0,0,0,0,0,0,1,0,0,0
9673,1,1,1,0,1,0,0,25,146,90.53193251985986,1.0,1,6,0,0,0,0,0,0,1,0,6,0,0,0,0,0,0,1,0,0,0,7,0,0,0,0,0,0,0,1,0,0,1
9674,1,0,1,1,0,0,0,14,109,48.94434337823057,0.9999999999999812,1,4,0,0,0,0,1,0,0,0,9,0,0,0,0,0,0,0,0,0,1,7,0,0,0,0,0,0,0,1,0,0,1
9675,1,0,0,1,0,0,0,7,109,57.46949801466697,1.0,1,6,0,0,0,0,0,0,1,0,6,0,0,0,0,0,0,1,0,0,0,7,0,0,0,0,0,0,0,1,0,0,1
9678,0,0,0,0,0,0,0,30,147,99.86235712211037,1.0,1,4,0,0,0,0,1,0,0,0,9,0,0,0,0,0,0,0,0,0,1,4,0,0,0,0,1,0,0,0,0,0,0
9680,0,0,0,0,0,0,0,1,59,15.035921052242102,0.09078570726315373,0,4,0,0,0,0,1,0,0,0,9,0,0,0,0,0,0,0,0,0,1,0,1,0,0,0,0,0,0,0,0,0,0
9681,1,1,1,0,0,0,0,6,107,19.00820909626689,0.8413369011078583,1,4,0,0,0,0,1,0,0,0,2,0,0,1,0,0,0,0,0,0,0,7,0,0,0,0,0,0,0,1,0,0,1
9683,1,0,0,0,0,0,0,7,81,31.910883343133854,0.9999995301647864,1,7,0,0,0,0,0,0,0,1,6,0,0,0,0,0,0,1,0,0,0,7,0,0,0,0,0,0,0,1,0,0,1
9684,1,1,1,0,0,1,0,7,172,102.06010538514765,1.0,1,4,0,0,0,0,1,0,0,0,9,0,0,0,0,0,0,0,0,0,1,7,0,0,0,0,0,0,0,1,0,0,1
9686,1,1,1,1,1,0,0,10,112,5.840402968276006,1.0134073827080994e-05,0,1,0,1,0,0,0,0,0,0,4,0,0,0,0,1,0,0,0,0,0,7,0,0,0,0,0,0,0,1,0,0,1
9687,0,1,1,0,0,0,0,6,113,16.110407564758848,0.22625276705624564,0,6,0,0,0,0,0,0,1,0,6,0,0,0,0,0,0,1,0,0,0,7,0,0,0,0,0,0,0,1,0,0,0
9688,0,1,1,0,0,0,0,5,113,18.66352378112891,0.7897673744652335,1,6,0,0,0,0,0,0,1,0,6,0,0,0,0,0,0,1,0,0,0,7,0,0,0,0,0,0,0,1,0,0,0
9690,1,1,0,1,0,0,0,7,136,160.68244801869415,1.0,1,6,0,0,0,0,0,0,1,0,6,0,0,0,0,0,0,1,0,0,0,7,0,0,0,0,0,0,0,1,0,0,1
9691,0,1,1,0,0,0,0,4,134,25.581994065343018,0.9997367107681652,1,6,0,0,0,0,0,0,1,0,6,0,0,0,0,0,0,1,0,0,0,7,0,0,0,0,0,0,0,1,0,0,0
9695,1,1,1,0,0,0,1,13,143,79.94501772448277,1.0,1,6,0,0,0,0,0,0,1,0,6,0,0,0,0,0,0,1,0,0,0,7,0,0,0,0,0,0,0,1,0,0,1
9697,0,0,0,1,0,0,0,2,35,1.528844460225414,1.3592593764295768e-07,0,6,0,0,0,0,0,0,1,0,6,0,0,0,0,0,0,1,0,0,0,7,0,0,0,0,0,0,0,1,0,0,0
9698,0,1,1,0,0,0,0,5,98,10.547210136307363,0.001120577535879856,0,6,0,0,0,0,0,0,1,0,6,0,0,0,0,0,0,1,0,0,0,7,0,0,0,0,0,0,0,1,0,0,0
9699,1,1,1,0,0,0,0,14,156,76.41886969791652,1.0,1,4,0,0,0,0,1,0,0,0,2,0,0,1,0,0,0,0,0,0,0,7,0,0,0,0,0,0,0,1,0,0,1
9701,0,0,0,0,0,0,0,1,68,15.506951393747508,0.1378754978005239,0,0,1,0,0,0,0,0,0,0,6,0,0,0,0,0,0,1,0,0,0,7,0,0,0,0,0,0,0,1,0,0,1
9702,1,1,1,0,0,0,0,14,106,33.11979881396777,0.9999998597443424,1,4,0,0,0,0,1,0,0,0,9,0,0,0,0,0,0,0,0,0,1,7,0,0,0,0,0,0,0,1,0,0,1
9703,1,0,0,0,0,0,0,1,67,22.812222013682195,0.9958156968302926,1,6,0,0,0,0,0,0,1,0,6,0,0,0,0,0,0,1,0,0,0,7,0,0,0,0,0,0,0,1,0,0,1
9704,1,1,1,0,0,0,0,6,53,6.258237302119569,1.539022349352726e-05,0,6,0,0,0,0,0,0,1,0,6,0,0,0,0,0,0,1,0,0,0,7,0,0,0,0,0,0,0,1,0,0,0
9705,0,1,0,1,0,0,0,3,100,12.94784769530384,0.012222821750042016,0,6,0,0,0,0,0,0,1,0,6,0,0,0,0,0,0,1,0,0,0,7,0,0,0,0,0,0,0,1,0,0,0
9706,0,1,0,0,0,0,0,8,136,42.14361868206774,0.9999999999830984,1,4,0,0,0,0,1,0,0,0,9,0,0,0,0,0,0,0,0,0,1,7,0,0,0,0,0,0,0,1,0,0,0
9707,0,1,1,0,0,0,0,5,118,21.151587666957077,0.9783653646944837,1,6,0,0,0,0,0,0,1,0,6,0,0,0,0,0,0,1,0,0,0,7,0,0,0,0,0,0,0,1,0,0,0
9708,1,1,1,0,1,0,0,14,126,42.052120387430406,0.999999999981479,1,1,0,1,0,0,0,0,0,0,4,0,0,0,0,1,0,0,0,0,0,7,0,0,0,0,0,0,0,1,0,0,1
9709,1,0,0,0,0,0,0,0,84,22.3761965336496,0.9935435388949572,1,6,0,0,0,0,0,0,1,0,6,0,0,0,0,0,0,1,0,0,0,7,0,0,0,0,0,0,0,1,0,0,0
9710,0,0,0,1,0,0,0,6,87,25.979383299520702,0.9998230352999244,1,6,0,0,0,0,0,0,1,0,6,0,0,0,0,0,0,1,0,0,0,7,0,0,0,0,0,0,0,1,0,0,0
9712,0,0,0,0,0,0,0,5,109,21.08332674792211,0.9768723416612268,1,4,0,0,0,0,1,0,0,0,9,0,0,0,0,0,0,0,0,0,1,5,0,0,0,0,0,1,0,0,0,0,0
9714,0,1,1,0,0,0,14,10,80,4.0035460675640655,1.6145479509792542e-06,0,6,0,0,0,0,0,0,1,0,6,0,0,0,0,0,0,1,0,0,0,7,0,0,0,0,0,0,0,1,0,0,0
9715,0,1,1,0,0,0,0,10,151,27.35207608410017,0.9999551470383944,1,6,0,0,0,0,0,0,1,0,6,0,0,0,0,0,0,1,0,0,0,7,0,0,0,0,0,0,0,1,0,0,0
9716,1,1,1,0,0,0,0,10,146,154.1621721419076,1.0,1,6,0,0,0,0,0,0,1,0,6,0,0,0,0,0,0,1,0,0,0,7,0,0,0,0,0,0,0,1,0,0,1
9717,0,1,1,0,0,0,0,9,144,17.80034622539689,0.6130963072126798,1,6,0,0,0,0,0,0,1,0,6,0,0,0,0,0,0,1,0,0,0,7,0,0,0,0,0,0,0,1,0,0,0
9718,1,1,1,0,0,0,0,11,146,154.1621721419076,1.0,1,6,0,0,0,0,0,0,1,0,6,0,0,0,0,0,0,1,0,0,0,7,0,0,0,0,0,0,0,1,0,0,1
9719,0,0,0,1,0,0,1,10,107,9.066449512285704,0.0002551125767345872,0,4,0,0,0,0,1,0,0,0,9,0,0,0,0,0,0,0,0,0,1,7,0,0,0,0,0,0,0,1,0,0,0
9722,0,0,0,0,0,0,0,7,90,19.007650199747275,0.8412622802696923,1,0,1,0,0,0,0,0,0,0,6,0,0,0,0,0,0,1,0,0,0,7,0,0,0,0,0,0,0,1,0,0,0
9723,1,0,1,0,1,0,0,13,139,70.9704017584245,1.0,1,1,0,1,0,0,0,0,0,0,4,0,0,0,0,1,0,0,0,0,0,7,0,0,0,0,0,0,0,1,0,0,1
9724,0,0,0,0,1,0,0,8,128,67.69856826360558,1.0,1,4,0,0,0,0,1,0,0,0,6,0,0,0,0,0,0,1,0,0,0,7,0,0,0,0,0,0,0,1,0,0,0
9728,1,1,1,0,0,0,0,11,118,57.237605296029756,1.0,1,6,0,0,0,0,0,0,1,0,6,0,0,0,0,0,0,1,0,0,0,7,0,0,0,0,0,0,0,1,0,0,1
9729,1,1,0,1,0,0,0,7,145,105.17646438041442,1.0,1,1,0,1,0,0,0,0,0,0,6,0,0,0,0,0,0,1,0,0,0,7,0,0,0,0,0,0,0,1,0,0,1
9730,1,1,1,0,1,0,0,8,92,23.096409479914016,0.9968475234729168,1,6,0,0,0,0,0,0,1,0,6,0,0,0,0,0,0,1,0,0,0,7,0,0,0,0,0,0,0,1,0,0,1
9731,1,0,1,0,0,0,0,16,146,154.1621721419076,1.0,1,6,0,0,0,0,0,0,1,0,6,0,0,0,0,0,0,1,0,0,0,7,0,0,0,0,0,0,0,1,0,0,1
9732,0,0,0,1,0,0,0,3,157,29.84016883972212,0.999996273989865,1,6,0,0,0,0,0,0,1,0,6,0,0,0,0,0,0,1,0,0,0,7,0,0,0,0,0,0,0,1,0,0,0
9733,0,0,0,0,0,0,0,7,149,102.69101339539513,1.0,1,6,0,0,0,0,0,0,1,0,6,0,0,0,0,0,0,1,0,0,0,7,0,0,0,0,0,0,0,1,0,0,0
9734,1,1,1,0,0,0,0,15,153,124.96868471046506,1.0,1,4,0,0,0,0,1,0,0,0,2,0,0,1,0,0,0,0,0,0,0,7,0,0,0,0,0,0,0,1,0,0,1
9736,0,1,0,1,0,0,0,7,161,53.303090965983856,0.9999999999999998,1,6,0,0,0,0,0,0,1,0,6,0,0,0,0,0,0,1,0,0,0,7,0,0,0,0,0,0,0,1,0,0,0
9737,1,1,1,0,1,0,0,13,147,100.5095290639195,1.0,1,6,0,0,0,0,0,0,1,0,6,0,0,0,0,0,0,1,0,0,0,7,0,0,0,0,0,0,0,1,0,0,1
9738,1,0,0,1,0,0,0,0,65,7.334992183748389,4.517110306138306e-05,0,4,0,0,0,0,1,0,0,0,9,0,0,0,0,0,0,0,0,0,1,7,0,0,0,0,0,0,0,1,0,0,0
9739,1,1,1,0,0,0,0,13,146,154.1621721419076,1.0,1,6,0,0,0,0,0,0,1,0,6,0,0,0,0,0,0,1,0,0,0,7,0,0,0,0,0,0,0,1,0,0,1
9741,0,0,0,0,0,0,0,3,71,14.625096725402667,0.06209965461513421,0,4,0,0,0,0,1,0,0,0,9,0,0,0,0,0,0,0,0,0,1,7,0,0,0,0,0,0,0,1,0,0,0
9744,1,1,1,0,0,0,0,17,146,154.1621721419076,1.0,1,6,0,0,0,0,0,0,1,0,6,0,0,0,0,0,0,1,0,0,0,7,0,0,0,0,0,0,0,1,0,0,1
9745,1,0,1,0,0,0,0,6,133,49.05166069773053,0.9999999999999832,1,6,0,0,0,0,0,0,1,0,6,0,0,0,0,0,0,1,0,0,0,7,0,0,0,0,0,0,0,1,0,0,0
9746,1,0,1,0,0,0,0,20,165,167.6597620611052,1.0,1,1,0,1,0,0,0,0,0,0,4,0,0,0,0,1,0,0,0,0,0,7,0,0,0,0,0,0,0,1,0,0,1
9749,0,1,1,0,0,0,0,9,144,24.539012348921734,0.9992532345365034,1,6,0,0,0,0,0,0,1,0,6,0,0,0,0,0,0,1,0,0,0,7,0,0,0,0,0,0,0,1,0,0,0
9750,1,0,0,0,0,0,0,10,151,225.4244225177319,1.0,1,1,0,1,0,0,0,0,0,0,4,0,0,0,0,1,0,0,0,0,0,7,0,0,0,0,0,0,0,1,0,0,1
9752,1,1,1,0,0,0,0,17,165,186.6543014330072,1.0,1,6,0,0,0,0,0,0,1,0,6,0,0,0,0,0,0,1,0,0,0,7,0,0,0,0,0,0,0,1,0,0,1
9753,1,1,1,0,0,0,0,11,146,154.1621721419076,1.0,1,6,0,0,0,0,0,0,1,0,6,0,0,0,0,0,0,1,0,0,0,7,0,0,0,0,0,0,0,1,0,0,1
9754,1,1,1,0,0,0,0,12,146,154.1621721419076,1.0,1,6,0,0,0,0,0,0,1,0,6,0,0,0,0,0,0,1,0,0,0,7,0,0,0,0,0,0,0,1,0,0,1
9755,1,1,1,0,1,0,0,11,158,28.49039076062329,0.9999856305355932,1,4,0,0,0,0,1,0,0,0,9,0,0,0,0,0,0,0,0,0,1,7,0,0,0,0,0,0,0,1,0,0,1
9756,0,0,0,0,0,0,0,5,84,17.951342149216497,0.6482469036364987,1,4,0,0,0,0,1,0,0,0,9,0,0,0,0,0,0,0,0,0,1,4,0,0,0,0,1,0,0,0,0,0,0
9757,1,0,1,1,0,0,0,12,66,9.608431033108264,0.00043856276274309734,0,6,0,0,0,0,0,0,1,0,6,0,0,0,0,0,0,1,0,0,0,7,0,0,0,0,0,0,0,1,0,0,1
9759,1,1,1,0,0,0,0,15,158,21.16027047861025,0.9785483887527828,1,6,0,0,0,0,0,0,1,0,6,0,0,0,0,0,0,1,0,0,0,7,0,0,0,0,0,0,0,1,0,0,0
9760,0,0,0,1,0,0,2,2,63,2.595435591214516,3.949270377308406e-07,0,2,0,0,1,0,0,0,0,0,3,0,0,0,1,0,0,0,0,0,0,3,0,0,0,1,0,0,0,0,0,0,0
9761,0,0,0,0,0,0,0,68,116,669.7610437127139,1.0,1,6,0,0,0,0,0,0,1,0,6,0,0,0,0,0,0,1,0,0,0,7,0,0,0,0,0,0,0,1,0,0,0
9762,0,0,1,0,0,0,0,27,130,7.593719088317185,5.850844695005183e-05,0,4,0,0,0,0,1,0,0,0,9,0,0,0,0,0,0,0,0,0,1,7,0,0,0,0,0,0,0,1,0,0,0
9763,0,1,1,0,0,0,0,14,152,50.73010801374775,0.9999999999999968,1,4,0,0,0,0,1,0,0,0,9,0,0,0,0,0,0,0,0,0,1,7,0,0,0,0,0,0,0,1,0,0,0
9764,1,0,0,1,0,2,0,2,156,172.6342165461002,1.0,1,6,0,0,0,0,0,0,1,0,6,0,0,0,0,0,0,1,0,0,0,7,0,0,0,0,0,0,0,1,0,0,0
9765,1,0,0,0,0,0,1,6,167,119.47190893376579,1.0,1,6,0,0,0,0,0,0,1,0,6,0,0,0,0,0,0,1,0,0,0,7,0,0,0,0,0,0,0,1,0,0,1
9766,0,0,0,0,0,0,0,0,81,12.502786744393164,0.007866743371537484,0,4,0,0,0,0,1,0,0,0,9,0,0,0,0,0,0,0,0,0,1,7,0,0,0,0,0,0,0,1,0,0,1
9769,0,1,1,1,0,0,0,3,146,39.13598983081194,0.9999999996579244,1,6,0,0,0,0,0,0,1,0,6,0,0,0,0,0,0,1,0,0,0,7,0,0,0,0,0,0,0,1,0,0,0
9770,0,0,1,0,0,0,0,9,86,14.847543282060997,0.0763886869282759,0,6,0,0,0,0,0,0,1,0,6,0,0,0,0,0,0,1,0,0,0,7,0,0,0,0,0,0,0,1,0,0,0
9771,0,1,1,0,1,0,0,10,122,11.706314745078792,0.003562637087899677,0,6,0,0,0,0,0,0,1,0,6,0,0,0,0,0,0,1,0,0,0,7,0,0,0,0,0,0,0,1,0,0,0
9772,0,1,1,1,0,0,0,10,159,56.604400817803814,1.0,1,4,0,0,0,0,1,0,0,0,9,0,0,0,0,0,0,0,0,0,1,7,0,0,0,0,0,0,0,1,0,0,1
9774,0,0,0,0,0,0,0,3,67,16.148354181426292,0.2329647116615195,0,4,0,0,0,0,1,0,0,0,9,0,0,0,0,0,0,0,0,0,1,7,0,0,0,0,0,0,0,1,0,0,0
9775,1,1,1,0,0,0,18,20,163,14.302286490765773,0.0457508902024329,0,6,0,0,0,0,0,0,1,0,6,0,0,0,0,0,0,1,0,0,0,7,0,0,0,0,0,0,0,1,0,0,0
9776,0,0,0,0,1,0,0,15,163,250.0532297621999,1.0,1,6,0,0,0,0,0,0,1,0,6,0,0,0,0,0,0,1,0,0,0,7,0,0,0,0,0,0,0,1,0,0,0
9778,0,1,1,0,1,0,0,20,146,28.329941857935896,0.9999831297480772,1,6,0,0,0,0,0,0,1,0,6,0,0,0,0,0,0,1,0,0,0,7,0,0,0,0,0,0,0,1,0,0,0
9779,0,1,1,0,0,0,0,13,95,17.401125624070186,0.5152766497481536,1,6,0,0,0,0,0,0,1,0,6,0,0,0,0,0,0,1,0,0,0,7,0,0,0,0,0,0,0,1,0,0,0
9780,1,0,0,0,0,0,0,4,116,30.600700445651764,0.99999825839279,1,6,0,0,0,0,0,0,1,0,6,0,0,0,0,0,0,1,0,0,0,7,0,0,0,0,0,0,0,1,0,0,0
9782,0,0,0,1,0,0,1,17,145,45.51938081266465,0.999999999999422,1,6,0,0,0,0,0,0,1,0,6,0,0,0,0,0,0,1,0,0,0,7,0,0,0,0,0,0,0,1,0,0,0
9783,1,1,1,0,0,0,0,11,97,22.450999599887066,0.994006091312278,1,7,0,0,0,0,0,0,0,1,0,1,0,0,0,0,0,0,0,0,0,7,0,0,0,0,0,0,0,1,0,0,0
9785,0,0,0,0,0,0,0,0,37,3.7500893584083896,1.2530726603004356e-06,0,6,0,0,0,0,0,0,1,0,6,0,0,0,0,0,0,1,0,0,0,7,0,0,0,0,0,0,0,1,0,0,0
9787,0,1,1,0,0,1,0,9,133,41.323010986821984,0.9999999999616018,1,4,0,0,0,0,1,0,0,0,9,0,0,0,0,0,0,0,0,0,1,7,0,0,0,0,0,0,0,1,0,0,0
9788,0,1,1,0,0,0,0,15,165,58.50242489138669,1.0,1,6,0,0,0,0,0,0,1,0,6,0,0,0,0,0,0,1,0,0,0,7,0,0,0,0,0,0,0,1,0,0,0
9790,0,1,1,0,1,0,0,11,110,14.847543282060997,0.0763886869282759,0,6,0,0,0,0,0,0,1,0,6,0,0,0,0,0,0,1,0,0,0,7,0,0,0,0,0,0,0,1,0,0,0
9791,1,0,0,1,0,0,0,8,72,45.66828771379283,0.999999999999502,1,6,0,0,0,0,0,0,1,0,6,0,0,0,0,0,0,1,0,0,0,7,0,0,0,0,0,0,0,1,0,0,1
9794,1,1,1,0,0,0,0,12,145,46.95329837950178,0.9999999999998624,1,6,0,0,0,0,0,0,1,0,6,0,0,0,0,0,0,1,0,0,0,7,0,0,0,0,0,0,0,1,0,0,0
9795,0,1,1,0,1,1,0,18,110,14.847543282060997,0.0763886869282759,0,6,0,0,0,0,0,0,1,0,6,0,0,0,0,0,0,1,0,0,0,7,0,0,0,0,0,0,0,1,0,0,0
9796,0,0,1,1,0,0,1,19,158,43.09711897039669,0.9999999999934864,1,6,0,0,0,0,0,0,1,0,6,0,0,0,0,0,0,1,0,0,0,7,0,0,0,0,0,0,0,1,0,0,0
9797,1,1,1,0,0,0,0,13,145,46.95329837950178,0.9999999999998624,1,6,0,0,0,0,0,0,1,0,6,0,0,0,0,0,0,1,0,0,0,7,0,0,0,0,0,0,0,1,0,0,0
9800,0,1,1,0,0,0,0,13,161,64.07006293394926,1.0,1,6,0,0,0,0,0,0,1,0,6,0,0,0,0,0,0,1,0,0,0,7,0,0,0,0,0,0,0,1,0,0,0
9801,0,1,1,0,0,0,0,8,86,14.847543282060997,0.0763886869282759,0,6,0,0,0,0,0,0,1,0,6,0,0,0,0,0,0,1,0,0,0,7,0,0,0,0,0,0,0,1,0,0,0
9806,0,1,1,0,0,0,0,6,93,17.022015738070454,0.4211670770613244,0,4,0,0,0,0,1,0,0,0,9,0,0,0,0,0,0,0,0,0,1,2,0,0,1,0,0,0,0,0,0,0,0
9808,1,1,1,0,0,0,0,6,141,50.048424737443725,0.9999999999999938,1,6,0,0,0,0,0,0,1,0,6,0,0,0,0,0,0,1,0,0,0,7,0,0,0,0,0,0,0,1,0,0,0
9810,0,1,0,0,0,0,0,6,134,29.61729921935884,0.999995343767325,1,4,0,0,0,0,1,0,0,0,9,0,0,0,0,0,0,0,0,0,1,7,0,0,0,0,0,0,0,1,0,0,0
9812,0,1,1,1,0,0,0,12,158,20.2917170299388,0.9503445773574892,1,4,0,0,0,0,1,0,0,0,9,0,0,0,0,0,0,0,0,0,1,7,0,0,0,0,0,0,0,1,0,0,0
9813,1,1,1,0,1,0,0,23,155,44.349597715267755,0.9999999999981384,1,4,0,0,0,0,1,0,0,0,9,0,0,0,0,0,0,0,0,0,1,7,0,0,0,0,0,0,0,1,0,0,1
9815,0,1,0,1,0,1,1,34,195,66.60839356376086,1.0,1,4,0,0,0,0,1,0,0,0,9,0,0,0,0,0,0,0,0,0,1,7,0,0,0,0,0,0,0,1,0,0,0
9816,0,0,0,0,0,0,0,21,149,51.55985957912149,0.9999999999999988,1,6,0,0,0,0,0,0,1,0,6,0,0,0,0,0,0,1,0,0,0,7,0,0,0,0,0,0,0,1,0,0,0
9818,0,1,0,1,1,0,0,4,91,5.423368537926495,6.6783597935346426e-06,0,6,0,0,0,0,0,0,1,0,6,0,0,0,0,0,0,1,0,0,0,7,0,0,0,0,0,0,0,1,0,0,0
9819,0,0,0,0,0,0,0,7,70,13.062921593645456,0.01369306084866097,0,6,0,0,0,0,0,0,1,0,6,0,0,0,0,0,0,1,0,0,0,0,1,0,0,0,0,0,0,0,0,0,0
9820,1,0,0,1,1,0,0,13,137,76.9419205498869,1.0,1,6,0,0,0,0,0,0,1,0,6,0,0,0,0,0,0,1,0,0,0,7,0,0,0,0,0,0,0,1,0,0,0
9822,1,1,1,0,0,0,0,6,144,43.95159941691845,0.9999999999972284,1,6,0,0,0,0,0,0,1,0,6,0,0,0,0,0,0,1,0,0,0,7,0,0,0,0,0,0,0,1,0,0,1
9823,1,1,1,0,0,0,0,13,152,34.457308739108264,0.9999999631830968,1,4,0,0,0,0,1,0,0,0,9,0,0,0,0,0,0,0,0,0,1,7,0,0,0,0,0,0,0,1,0,0,1
9826,1,1,1,0,0,0,0,8,104,13.965786051395698,0.033111134423340204,0,6,0,0,0,0,0,0,1,0,6,0,0,0,0,0,0,1,0,0,0,7,0,0,0,0,0,0,0,1,0,0,1
9828,1,0,0,0,0,0,0,3,34,8.728742792372707,0.0001820117639374545,0,6,0,0,0,0,0,0,1,0,6,0,0,0,0,0,0,1,0,0,0,7,0,0,0,0,0,0,0,1,0,0,0
9829,0,0,0,0,0,0,0,12,96,9.927794073010737,0.000603472804169086,0,4,0,0,0,0,1,0,0,0,9,0,0,0,0,0,0,0,0,0,1,5,0,0,0,0,0,1,0,0,0,0,0
9830,0,1,0,0,1,0,0,4,149,60.95954516397345,1.0,1,6,0,0,0,0,0,0,1,0,6,0,0,0,0,0,0,1,0,0,0,7,0,0,0,0,0,0,0,1,0,0,0
9831,0,1,0,1,0,0,1,4,147,28.913062305216517,0.999990583731956,1,6,0,0,0,0,0,0,1,0,6,0,0,0,0,0,0,1,0,0,0,7,0,0,0,0,0,0,0,1,0,0,0
9832,0,0,0,1,0,0,0,7,126,18.974920551625,0.8368425905014522,1,4,0,0,0,0,1,0,0,0,9,0,0,0,0,0,0,0,0,0,1,7,0,0,0,0,0,0,0,1,0,0,0
9833,0,1,1,0,1,0,0,23,165,11.41674750652667,0.002669336341118253,0,6,0,0,0,0,0,0,1,0,6,0,0,0,0,0,0,1,0,0,0,7,0,0,0,0,0,0,0,1,0,0,0
9834,1,1,1,0,0,0,0,11,99,35.3521110395614,0.9999999849533591,1,6,0,0,0,0,0,0,1,0,6,0,0,0,0,0,0,1,0,0,0,7,0,0,0,0,0,0,0,1,0,0,1
9835,0,0,0,0,0,0,0,5,91,15.219454718430624,0.1071159074439707,0,4,0,0,0,0,1,0,0,0,9,0,0,0,0,0,0,0,0,0,1,7,0,0,0,0,0,0,0,1,0,0,0
9836,0,0,0,1,0,0,0,6,142,37.26789572474604,0.9999999977847394,1,6,0,0,0,0,0,0,1,0,6,0,0,0,0,0,0,1,0,0,0,7,0,0,0,0,0,0,0,1,0,0,0
9837,0,0,0,0,0,1,2,2,51,9.43662527610477,0.00036935801640340736,0,6,0,0,0,0,0,0,1,0,6,0,0,0,0,0,0,1,0,0,0,7,0,0,0,0,0,0,0,1,0,0,0
9838,1,1,1,1,1,0,0,9,161,57.76888616765432,1.0,1,4,0,0,0,0,1,0,0,0,9,0,0,0,0,0,0,0,0,0,1,7,0,0,0,0,0,0,0,1,0,0,1
9841,1,1,1,0,0,0,0,12,149,55.36610290598733,1.0,1,6,0,0,0,0,0,0,1,0,6,0,0,0,0,0,0,1,0,0,0,7,0,0,0,0,0,0,0,1,0,0,0
9842,0,0,0,0,1,0,1,9,92,16.055988280121316,0.21686811391872346,0,6,0,0,0,0,0,0,1,0,6,0,0,0,0,0,0,1,0,0,0,7,0,0,0,0,0,0,0,1,0,0,0
9846,0,0,0,0,0,0,0,5,146,67.38522871939308,1.0,1,6,0,0,0,0,0,0,1,0,6,0,0,0,0,0,0,1,0,0,0,7,0,0,0,0,0,0,0,1,0,0,0
9849,0,1,0,1,0,0,0,7,157,64.92668997860781,1.0,1,4,0,0,0,0,1,0,0,0,9,0,0,0,0,0,0,0,0,0,1,8,0,0,0,0,0,0,0,0,1,0,0
9850,0,1,1,1,1,0,0,14,134,9.687514668845369,0.0004746370833936384,0,4,0,0,0,0,1,0,0,0,9,0,0,0,0,0,0,0,0,0,1,7,0,0,0,0,0,0,0,1,0,0,0
9853,0,0,0,0,0,0,0,3,125,113.92088694584484,1.0,1,6,0,0,0,0,0,0,1,0,6,0,0,0,0,0,0,1,0,0,0,7,0,0,0,0,0,0,0,1,0,0,0
9854,1,1,1,1,0,0,0,10,162,62.285316241968076,1.0,1,4,0,0,0,0,1,0,0,0,9,0,0,0,0,0,0,0,0,0,1,7,0,0,0,0,0,0,0,1,0,0,1
9857,0,0,0,0,1,0,0,2,128,46.962320688914225,0.9999999999998634,1,4,0,0,0,0,1,0,0,0,9,0,0,0,0,0,0,0,0,0,1,7,0,0,0,0,0,0,0,1,0,0,0
9858,0,0,0,0,1,1,0,3,129,25.656449986766805,0.9997555975775916,1,4,0,0,0,0,1,0,0,0,2,0,0,1,0,0,0,0,0,0,0,3,0,0,0,1,0,0,0,0,0,0,0
9859,0,0,1,0,0,0,0,4,136,20.65066552367928,0.964792894007492,1,3,0,0,0,1,0,0,0,0,6,0,0,0,0,0,0,1,0,0,0,7,0,0,0,0,0,0,0,1,0,0,0
9860,0,0,0,0,0,0,0,61,94,251.76937323910732,1.0,1,6,0,0,0,0,0,0,1,0,6,0,0,0,0,0,0,1,0,0,0,7,0,0,0,0,0,0,0,1,0,0,0
9861,0,0,0,0,0,0,0,1,32,0.6467534720372731,5.6261994433221045e-08,0,6,0,0,0,0,0,0,1,0,6,0,0,0,0,0,0,1,0,0,0,7,0,0,0,0,0,0,0,1,0,0,0
9862,0,0,0,0,1,0,0,4,86,18.555703070593733,0.7713064857952205,1,6,0,0,0,0,0,0,1,0,6,0,0,0,0,0,0,1,0,0,0,7,0,0,0,0,0,0,0,1,0,0,0
9864,0,1,1,1,0,0,0,9,102,4.617830561173113,2.9842191905254934e-06,0,2,0,0,1,0,0,0,0,0,6,0,0,0,0,0,0,1,0,0,0,7,0,0,0,0,0,0,0,1,0,0,0
9865,0,0,0,0,0,2,0,6,99,14.384800692923847,0.049491352279398035,0,2,0,0,1,0,0,0,0,0,8,0,0,0,0,0,0,0,0,1,0,7,0,0,0,0,0,0,0,1,0,0,0
9866,0,0,0,1,1,0,0,4,145,42.88335665230183,0.9999999999919341,1,3,0,0,0,1,0,0,0,0,6,0,0,0,0,0,0,1,0,0,0,7,0,0,0,0,0,0,0,1,0,0,0
9868,1,1,0,1,0,0,0,9,163,51.932168328067824,0.9999999999999992,1,2,0,0,1,0,0,0,0,0,6,0,0,0,0,0,0,1,0,0,0,7,0,0,0,0,0,0,0,1,0,0,0
9869,0,1,0,1,0,0,0,0,54,2.0353922695572937,2.2557616916884475e-07,0,3,0,0,0,1,0,0,0,0,6,0,0,0,0,0,0,1,0,0,0,7,0,0,0,0,0,0,0,1,0,0,0
9870,0,0,0,0,0,0,0,6,47,3.969503100261397,1.560509074313101e-06,0,6,0,0,0,0,0,0,1,0,6,0,0,0,0,0,0,1,0,0,0,7,0,0,0,0,0,0,0,1,0,0,0
9872,0,0,0,0,0,0,0,5,136,32.67473576187089,0.9999997811186384,1,4,0,0,0,0,1,0,0,0,2,0,0,1,0,0,0,0,0,0,0,3,0,0,0,1,0,0,0,0,0,0,0
9873,0,1,1,0,0,0,0,3,100,7.695101686885583,6.475089299158889e-05,0,6,0,0,0,0,0,0,1,0,6,0,0,0,0,0,0,1,0,0,0,7,0,0,0,0,0,0,0,1,0,0,1
9874,0,1,0,1,0,11,0,6,73,3.3099416651591165,8.069056082529769e-07,0,6,0,0,0,0,0,0,1,0,6,0,0,0,0,0,0,1,0,0,0,7,0,0,0,0,0,0,0,1,0,0,0
9875,0,0,0,0,0,0,2,4,50,2.5986371257112744,3.961934358919059e-07,0,0,1,0,0,0,0,0,0,0,6,0,0,0,0,0,0,1,0,0,0,7,0,0,0,0,0,0,0,1,0,0,0
9877,0,0,0,1,1,0,1,12,139,32.77798139919286,0.9999998025897128,1,6,0,0,0,0,0,0,1,0,6,0,0,0,0,0,0,1,0,0,0,7,0,0,0,0,0,0,0,1,0,0,0
9878,0,0,0,1,0,0,0,24,66,15.246111031064112,0.10969220146021794,0,2,0,0,1,0,0,0,0,0,8,0,0,0,0,0,0,0,0,1,0,7,0,0,0,0,0,0,0,1,0,0,0
9880,0,0,0,1,0,0,0,1,41,0.5927602455805668,5.330478112051157e-08,0,6,0,0,0,0,0,0,1,0,6,0,0,0,0,0,0,1,0,0,0,7,0,0,0,0,0,0,0,1,0,0,0
9881,0,0,0,1,0,0,0,1,105,12.424307940753048,0.007277295641706794,0,6,0,0,0,0,0,0,1,0,6,0,0,0,0,0,0,1,0,0,0,7,0,0,0,0,0,0,0,1,0,0,0
9883,1,1,1,1,0,0,4,7,69,5.756820742913683,9.321485266410201e-06,0,6,0,0,0,0,0,0,1,0,6,0,0,0,0,0,0,1,0,0,0,7,0,0,0,0,0,0,0,1,0,0,0
9884,0,0,0,0,1,0,8,4,173,28.355472246467013,0.9999835549936406,1,2,0,0,1,0,0,0,0,0,8,0,0,0,0,0,0,0,0,1,0,7,0,0,0,0,0,0,0,1,0,0,0
9885,0,1,0,1,0,0,4,13,107,8.769588418147519,0.00018959862913735365,0,6,0,0,0,0,0,0,1,0,6,0,0,0,0,0,0,1,0,0,0,7,0,0,0,0,0,0,0,1,0,0,0
9886,0,1,1,0,0,0,0,9,154,26.497946633941577,0.9998946320457486,1,4,0,0,0,0,1,0,0,0,2,0,0,1,0,0,0,0,0,0,0,3,0,0,0,1,0,0,0,0,0,0,0
9887,0,0,0,1,0,0,0,3,134,32.68448893248207,0.9999997832430482,1,6,0,0,0,0,0,0,1,0,6,0,0,0,0,0,0,1,0,0,0,7,0,0,0,0,0,0,0,1,0,0,0
9888,0,0,0,1,0,0,0,15,146,27.82587335464931,0.9999720725723592,1,6,0,0,0,0,0,0,1,0,6,0,0,0,0,0,0,1,0,0,0,7,0,0,0,0,0,0,0,1,0,0,0
9889,0,0,0,1,0,0,0,3,99,17.48143679899448,0.535300372555248,1,6,0,0,0,0,0,0,1,0,6,0,0,0,0,0,0,1,0,0,0,7,0,0,0,0,0,0,0,1,0,0,0
9890,0,1,1,0,0,0,0,10,157,80.76526319276952,1.0,1,6,0,0,0,0,0,0,1,0,6,0,0,0,0,0,0,1,0,0,0,7,0,0,0,0,0,0,0,1,0,0,1
9894,0,0,0,0,0,0,0,7,102,10.61310509215994,0.001196813778086558,0,6,0,0,0,0,0,0,1,0,6,0,0,0,0,0,0,1,0,0,0,7,0,0,0,0,0,0,0,1,0,0,0
9896,0,0,0,1,0,1,0,11,149,24.263312962812233,0.9990164056985072,1,6,0,0,0,0,0,0,1,0,6,0,0,0,0,0,0,1,0,0,0,7,0,0,0,0,0,0,0,1,0,0,0
9897,0,0,0,0,0,1,0,1,65,4.066442529829864,1.7193586930730896e-06,0,6,0,0,0,0,0,0,1,0,6,0,0,0,0,0,0,1,0,0,0,7,0,0,0,0,0,0,0,1,0,0,0
9898,0,0,0,1,0,0,2,6,120,10.829364077991672,0.0014853239977930374,0,6,0,0,0,0,0,0,1,0,6,0,0,0,0,0,0,1,0,0,0,7,0,0,0,0,0,0,0,1,0,0,0
9901,0,0,0,1,0,0,2,2,95,10.346556695617641,0.0009170388098918797,0,5,0,0,0,0,0,1,0,0,1,0,1,0,0,0,0,0,0,0,0,7,0,0,0,0,0,0,0,1,0,0,0
9905,0,1,1,1,0,0,4,5,82,0.34174249349735153,4.147157650015023e-08,0,6,0,0,0,0,0,0,1,0,6,0,0,0,0,0,0,1,0,0,0,7,0,0,0,0,0,0,0,1,0,0,0
9906,0,0,0,1,0,4,2,4,76,6.873516628023358,2.8474208464105572e-05,0,6,0,0,0,0,0,0,1,0,6,0,0,0,0,0,0,1,0,0,0,7,0,0,0,0,0,0,0,1,0,0,0
9907,0,0,0,1,0,0,0,1,97,18.978590797926273,0.8373430958405282,1,6,0,0,0,0,0,0,1,0,6,0,0,0,0,0,0,1,0,0,0,7,0,0,0,0,0,0,0,1,0,0,0
9909,0,0,0,1,1,0,1,12,116,10.05568883051533,0.0006857501873745664,0,4,0,0,0,0,1,0,0,0,9,0,0,0,0,0,0,0,0,0,1,7,0,0,0,0,0,0,0,1,0,0,0
9910,0,1,1,0,0,0,0,19,118,12.872267122106551,0.011343154366754224,0,5,0,0,0,0,0,1,0,0,1,0,1,0,0,0,0,0,0,0,0,7,0,0,0,0,0,0,0,1,0,0,0
9911,0,1,1,0,0,0,0,8,145,16.016174537219346,0.2101825402400416,0,6,0,0,0,0,0,0,1,0,6,0,0,0,0,0,0,1,0,0,0,7,0,0,0,0,0,0,0,1,0,0,0
9912,1,0,0,1,0,0,0,10,106,94.31435068608931,1.0,1,6,0,0,0,0,0,0,1,0,6,0,0,0,0,0,0,1,0,0,0,7,0,0,0,0,0,0,0,1,0,0,0
9915,0,1,1,0,1,0,0,14,124,11.07990928941642,0.0019074272027265614,0,4,0,0,0,0,1,0,0,0,9,0,0,0,0,0,0,0,0,0,1,7,0,0,0,0,0,0,0,1,0,0,0
9916,1,0,0,1,0,0,0,4,103,53.75959180698888,0.9999999999999998,1,4,0,0,0,0,1,0,0,0,2,0,0,1,0,0,0,0,0,0,0,7,0,0,0,0,0,0,0,1,0,0,1
9918,0,0,0,1,0,0,0,7,156,52.17373452893989,0.9999999999999992,1,4,0,0,0,0,1,0,0,0,9,0,0,0,0,0,0,0,0,0,1,7,0,0,0,0,0,0,0,1,0,0,0
9919,0,0,0,0,0,0,0,1,21,1.0150376922358704,8.131280017351524e-08,0,6,0,0,0,0,0,0,1,0,6,0,0,0,0,0,0,1,0,0,0,7,0,0,0,0,0,0,0,1,0,0,0
9920,0,0,0,0,0,0,4,3,66,7.366719557404298,4.6627173201998546e-05,0,6,0,0,0,0,0,0,1,0,6,0,0,0,0,0,0,1,0,0,0,7,0,0,0,0,0,0,0,1,0,0,0
9921,0,0,0,1,0,0,0,3,75,6.799976283809965,2.645540237476923e-05,0,6,0,0,0,0,0,0,1,0,6,0,0,0,0,0,0,1,0,0,0,7,0,0,0,0,0,0,0,1,0,0,0
9923,0,0,0,1,0,0,2,6,134,28.146630335142643,0.9999797357153772,1,6,0,0,0,0,0,0,1,0,6,0,0,0,0,0,0,1,0,0,0,7,0,0,0,0,0,0,0,1,0,0,0
9925,0,0,0,1,0,0,1,4,106,12.653612757078207,0.009135704837462722,0,2,0,0,1,0,0,0,0,0,8,0,0,0,0,0,0,0,0,1,0,7,0,0,0,0,0,0,0,1,0,0,0
9930,0,1,0,1,1,0,6,13,134,12.419588465898832,0.007243279730218306,0,6,0,0,0,0,0,0,1,0,6,0,0,0,0,0,0,1,0,0,0,7,0,0,0,0,0,0,0,1,0,0,0
9931,1,1,1,0,0,0,0,28,58,22.30034622655191,0.9930383047746628,1,6,0,0,0,0,0,0,1,0,6,0,0,0,0,0,0,1,0,0,0,7,0,0,0,0,0,0,0,1,0,0,0
9932,0,1,1,1,0,0,0,8,113,10.118144754058571,0.0007299128421247068,0,4,0,0,0,0,1,0,0,0,9,0,0,0,0,0,0,0,0,0,1,7,0,0,0,0,0,0,0,1,0,0,1
9933,1,1,1,0,0,0,0,12,138,15.915340321283386,0.19393213214285054,0,4,0,0,0,0,1,0,0,0,9,0,0,0,0,0,0,0,0,0,1,0,1,0,0,0,0,0,0,0,0,0,1
9934,0,0,0,1,0,1,0,21,179,73.04784213759906,1.0,1,4,0,0,0,0,1,0,0,0,9,0,0,0,0,0,0,0,0,0,1,8,0,0,0,0,0,0,0,0,1,0,0
9935,0,1,1,0,0,0,0,8,80,5.8211799757251645,9.941128968223467e-06,0,6,0,0,0,0,0,0,1,0,6,0,0,0,0,0,0,1,0,0,0,7,0,0,0,0,0,0,0,1,0,0,0
9937,0,0,0,0,0,0,1,1,56,5.655232505139357,8.421050997472066e-06,0,6,0,0,0,0,0,0,1,0,6,0,0,0,0,0,0,1,0,0,0,7,0,0,0,0,0,0,0,1,0,0,0
9938,0,1,1,1,0,0,0,2,95,6.727686448536862,2.4610480670347776e-05,0,6,0,0,0,0,0,0,1,0,6,0,0,0,0,0,0,1,0,0,0,7,0,0,0,0,0,0,0,1,0,0,0
9940,1,0,0,1,1,0,0,4,142,100.92725537183615,1.0,1,6,0,0,0,0,0,0,1,0,6,0,0,0,0,0,0,1,0,0,0,7,0,0,0,0,0,0,0,1,0,0,1
9941,0,0,0,0,0,0,0,3,90,28.118567866254057,0.9999791590072918,1,6,0,0,0,0,0,0,1,0,6,0,0,0,0,0,0,1,0,0,0,7,0,0,0,0,0,0,0,1,0,0,0
9942,0,0,0,1,0,0,4,2,138,43.25798949573659,0.9999999999944542,1,6,0,0,0,0,0,0,1,0,6,0,0,0,0,0,0,1,0,0,0,7,0,0,0,0,0,0,0,1,0,0,0
9943,0,0,0,0,0,0,0,2,101,32.444924787446915,0.999999724568,1,6,0,0,0,0,0,0,1,0,6,0,0,0,0,0,0,1,0,0,0,7,0,0,0,0,0,0,0,1,0,0,0
9944,0,1,0,1,0,0,0,4,129,26.447846642135488,0.9998892192382379,1,2,0,0,1,0,0,0,0,0,8,0,0,0,0,0,0,0,0,1,0,7,0,0,0,0,0,0,0,1,0,0,0
9945,0,1,0,1,0,0,2,5,94,13.47680334964932,0.02056879959849606,0,4,0,0,0,0,1,0,0,0,9,0,0,0,0,0,0,0,0,0,1,7,0,0,0,0,0,0,0,1,0,0,0
9946,0,0,0,1,0,0,0,6,84,12.814597561019752,0.010714315165421331,0,1,0,1,0,0,0,0,0,0,6,0,0,0,0,0,0,1,0,0,0,7,0,0,0,0,0,0,0,1,0,0,0
9948,0,1,1,1,0,0,0,13,148,20.867336211453182,0.971455639263844,1,4,0,0,0,0,1,0,0,0,9,0,0,0,0,0,0,0,0,0,1,7,0,0,0,0,0,0,0,1,0,0,0
9949,0,1,0,1,0,0,0,7,144,66.38231480031739,1.0,1,6,0,0,0,0,0,0,1,0,6,0,0,0,0,0,0,1,0,0,0,7,0,0,0,0,0,0,0,1,0,0,0
9950,0,0,0,1,0,0,0,2,89,11.651016847511162,0.003371624935370081,0,6,0,0,0,0,0,0,1,0,6,0,0,0,0,0,0,1,0,0,0,7,0,0,0,0,0,0,0,1,0,0,0
9952,0,0,0,0,0,0,0,3,149,52.37968982649596,0.9999999999999992,1,6,0,0,0,0,0,0,1,0,6,0,0,0,0,0,0,1,0,0,0,7,0,0,0,0,0,0,0,1,0,0,0
9953,0,0,0,0,0,0,8,5,67,4.007711158475346,1.6212867030885804e-06,0,6,0,0,0,0,0,0,1,0,6,0,0,0,0,0,0,1,0,0,0,7,0,0,0,0,0,0,0,1,0,0,0
9955,0,0,1,0,0,0,1,10,92,4.640907397931793,3.0538860732929687e-06,0,4,0,0,0,0,1,0,0,0,9,0,0,0,0,0,0,0,0,0,1,9,0,0,0,0,0,0,0,0,0,1,0
9958,0,0,0,0,0,0,0,1,27,2.3563571209946628,3.1094705203510927e-07,0,6,0,0,0,0,0,0,1,0,6,0,0,0,0,0,0,1,0,0,0,7,0,0,0,0,0,0,0,1,0,0,0
9960,1,0,0,0,1,0,1,2,107,23.296857817243605,0.9974186493398164,1,6,0,0,0,0,0,0,1,0,6,0,0,0,0,0,0,1,0,0,0,7,0,0,0,0,0,0,0,1,0,0,1
9961,1,1,1,1,1,0,0,27,175,153.68518194052876,1.0,1,1,0,1,0,0,0,0,0,0,7,0,0,0,0,0,0,0,1,0,0,6,0,0,0,0,0,0,1,0,0,0,1
9963,0,1,1,1,1,0,0,27,173,122.93051911844341,1.0,1,1,0,1,0,0,0,0,0,0,7,0,0,0,0,0,0,0,1,0,0,6,0,0,0,0,0,0,1,0,0,0,1
9965,0,1,1,0,0,0,0,16,96,15.557005827806012,0.14393380810236195,0,4,0,0,0,0,1,0,0,0,9,0,0,0,0,0,0,0,0,0,1,9,0,0,0,0,0,0,0,0,0,1,0
9967,0,0,0,0,0,0,0,0,38,2.575567900258278,3.871581825844538e-07,0,6,0,0,0,0,0,0,1,0,6,0,0,0,0,0,0,1,0,0,0,7,0,0,0,0,0,0,0,1,0,0,0
9971,0,1,0,0,1,1,0,8,89,11.335907777223852,0.0024625501737135158,0,6,0,0,0,0,0,0,1,0,6,0,0,0,0,0,0,1,0,0,0,7,0,0,0,0,0,0,0,1,0,0,0
9972,1,0,1,0,1,0,0,7,98,5.225194081172747,5.477775902371537e-06,0,6,0,0,0,0,0,0,1,0,6,0,0,0,0,0,0,1,0,0,0,7,0,0,0,0,0,0,0,1,0,0,1
9973,0,1,1,0,1,0,0,20,142,11.200508220130132,0.002151380654478989,0,6,0,0,0,0,0,0,1,0,6,0,0,0,0,0,0,1,0,0,0,7,0,0,0,0,0,0,0,1,0,0,0
9974,0,0,0,0,0,0,0,12,74,13.942284349828595,0.03236693259286478,0,6,0,0,0,0,0,0,1,0,6,0,0,0,0,0,0,1,0,0,0,7,0,0,0,0,0,0,0,1,0,0,0
9976,1,1,1,0,0,0,0,11,149,91.0539243718079,1.0,1,6,0,0,0,0,0,0,1,0,6,0,0,0,0,0,0,1,0,0,0,7,0,0,0,0,0,0,0,1,0,0,1
9978,1,1,1,0,0,0,14,8,124,35.84491462094324,0.9999999908078376,1,6,0,0,0,0,0,0,1,0,6,0,0,0,0,0,0,1,0,0,0,7,0,0,0,0,0,0,0,1,0,0,1
9979,0,1,1,1,0,0,0,15,105,7.551287297715339,5.607789891702743e-05,0,6,0,0,0,0,0,0,1,0,6,0,0,0,0,0,0,1,0,0,0,7,0,0,0,0,0,0,0,1,0,0,0
9980,0,1,1,0,1,0,0,17,142,11.200508220130132,0.002151380654478989,0,6,0,0,0,0,0,0,1,0,6,0,0,0,0,0,0,1,0,0,0,7,0,0,0,0,0,0,0,1,0,0,0
9982,0,0,0,1,0,0,2,5,49,4.883401788281568,3.8919427489911815e-06,0,1,0,1,0,0,0,0,0,0,7,0,0,0,0,0,0,0,1,0,0,6,0,0,0,0,0,0,1,0,0,0,0
9983,0,1,1,0,0,0,0,25,151,67.13386271649371,1.0,1,4,0,0,0,0,1,0,0,0,9,0,0,0,0,0,0,0,0,0,1,7,0,0,0,0,0,0,0,1,0,0,0
9984,0,1,1,0,1,0,0,8,89,7.177575283234985,3.859208672647573e-05,0,6,0,0,0,0,0,0,1,0,6,0,0,0,0,0,0,1,0,0,0,7,0,0,0,0,0,0,0,1,0,0,0
9985,1,1,1,0,1,0,3,22,143,40.54217447800655,0.9999999999161652,1,2,0,0,1,0,0,0,0,0,6,0,0,0,0,0,0,1,0,0,0,7,0,0,0,0,0,0,0,1,0,0,1
9986,0,0,0,1,0,0,6,11,48,2.341667451397166,3.0641272936573427e-07,0,6,0,0,0,0,0,0,1,0,6,0,0,0,0,0,0,1,0,0,0,7,0,0,0,0,0,0,0,1,0,0,0
9987,0,0,0,0,0,0,4,4,69,11.249923323422479,0.002260115524389532,0,6,0,0,0,0,0,0,1,0,6,0,0,0,0,0,0,1,0,0,0,7,0,0,0,0,0,0,0,1,0,0,0
9988,1,0,0,1,0,0,1,16,142,133.19108413103564,1.0,1,4,0,0,0,0,1,0,0,0,9,0,0,0,0,0,0,0,0,0,1,7,0,0,0,0,0,0,0,1,0,0,1
9989,1,1,0,0,0,0,6,1,96,77.06976095510227,1.0,1,6,0,0,0,0,0,0,1,0,6,0,0,0,0,0,0,1,0,0,0,7,0,0,0,0,0,0,0,1,0,0,1
9990,0,0,0,1,0,1,0,23,49,7.241127857752366,4.112422198665808e-05,0,6,0,0,0,0,0,0,1,0,6,0,0,0,0,0,0,1,0,0,0,7,0,0,0,0,0,0,0,1,0,0,0
9991,1,1,1,1,0,0,0,17,165,96.07599415088505,1.0,1,1,0,1,0,0,0,0,0,0,7,0,0,0,0,0,0,0,1,0,0,6,0,0,0,0,0,0,1,0,0,0,1
9992,1,0,0,0,0,0,0,0,96,60.7792468670695,1.0,1,6,0,0,0,0,0,0,1,0,6,0,0,0,0,0,0,1,0,0,0,7,0,0,0,0,0,0,0,1,0,0,1
9994,0,1,1,0,0,0,1,14,159,38.86880969404096,0.9999999995531552,1,4,0,0,0,0,1,0,0,0,9,0,0,0,0,0,0,0,0,0,1,7,0,0,0,0,0,0,0,1,0,0,1
9995,0,0,0,0,0,0,0,7,110,36.051919486284646,0.9999999925266276,1,6,0,0,0,0,0,0,1,0,6,0,0,0,0,0,0,1,0,0,0,7,0,0,0,0,0,0,0,1,0,0,0
9998,0,0,0,1,0,2,0,4,131,40.82769971036072,0.9999999999369882,1,6,0,0,0,0,0,0,1,0,6,0,0,0,0,0,0,1,0,0,0,7,0,0,0,0,0,0,0,1,0,0,0
10000,0,1,1,1,0,0,0,12,105,13.580201584834178,0.022758426375066032,0,6,0,0,0,0,0,0,1,0,6,0,0,0,0,0,0,1,0,0,0,7,0,0,0,0,0,0,0,1,0,0,0
10001,1,1,1,0,0,0,0,8,112,29.281526073849193,0.9999934858419484,1,4,0,0,0,0,1,0,0,0,9,0,0,0,0,0,0,0,0,0,1,7,0,0,0,0,0,0,0,1,0,0,1
10003,0,0,0,0,0,2,0,17,57,12.265277306954037,0.006213965342041851,0,6,0,0,0,0,0,0,1,0,6,0,0,0,0,0,0,1,0,0,0,7,0,0,0,0,0,0,0,1,0,0,0
10004,0,1,1,1,1,0,0,28,165,126.43518194052872,1.0,1,1,0,1,0,0,0,0,0,0,7,0,0,0,0,0,0,0,1,0,0,6,0,0,0,0,0,0,1,0,0,0,1
10005,0,0,0,0,0,0,0,1,27,3.3004303975645364,7.99267301794491e-07,0,6,0,0,0,0,0,0,1,0,6,0,0,0,0,0,0,1,0,0,0,7,0,0,0,0,0,0,0,1,0,0,0
10006,0,0,0,1,0,0,0,2,43,2.100341703960226,2.407134688425937e-07,0,6,0,0,0,0,0,0,1,0,6,0,0,0,0,0,0,1,0,0,0,7,0,0,0,0,0,0,0,1,0,0,1
10008,1,0,0,0,0,1,2,3,62,37.82619488682798,0.999999998732469,1,6,0,0,0,0,0,0,1,0,6,0,0,0,0,0,0,1,0,0,0,7,0,0,0,0,0,0,0,1,0,0,0
10009,1,1,1,0,1,0,0,10,161,122.88530357194622,1.0,1,4,0,0,0,0,1,0,0,0,2,0,0,1,0,0,0,0,0,0,0,7,0,0,0,0,0,0,0,1,0,0,1
10010,0,1,1,0,0,3,0,46,114,62.4856453123336,1.0,1,6,0,0,0,0,0,0,1,0,6,0,0,0,0,0,0,1,0,0,0,7,0,0,0,0,0,0,0,1,0,0,0
10011,0,0,0,0,0,0,0,12,167,38.24866748915389,0.9999999991692294,1,6,0,0,0,0,0,0,1,0,6,0,0,0,0,0,0,1,0,0,0,7,0,0,0,0,0,0,0,1,0,0,0
10012,1,1,0,0,0,1,0,26,162,164.58986658120438,1.0,1,4,0,0,0,0,1,0,0,0,9,0,0,0,0,0,0,0,0,0,1,7,0,0,0,0,0,0,0,1,0,0,1
10013,0,1,0,1,1,0,0,13,89,7.59863962633765,5.8797032476296886e-05,0,4,0,0,0,0,1,0,0,0,9,0,0,0,0,0,0,0,0,0,1,7,0,0,0,0,0,0,0,1,0,0,0
10014,0,0,0,0,0,0,0,2,93,4.912714222185435,4.007713072124241e-06,0,6,0,0,0,0,0,0,1,0,6,0,0,0,0,0,0,1,0,0,0,7,0,0,0,0,0,0,0,1,0,0,0
10016,0,1,1,0,0,0,0,23,152,30.13043028620662,0.9999972126885746,1,4,0,0,0,0,1,0,0,0,9,0,0,0,0,0,0,0,0,0,1,7,0,0,0,0,0,0,0,1,0,0,0
10017,0,1,1,0,0,0,0,12,90,4.200538067248804,1.9660897251688077e-06,0,4,0,0,0,0,1,0,0,0,9,0,0,0,0,0,0,0,0,0,1,7,0,0,0,0,0,0,0,1,0,0,0
10018,0,1,1,0,0,0,0,4,48,1.5229024030009082,1.3512065294561699e-07,0,6,0,0,0,0,0,0,1,0,6,0,0,0,0,0,0,1,0,0,0,7,0,0,0,0,0,0,0,1,0,0,0
10020,0,0,0,0,0,0,0,5,64,3.5254072936421137,1.000917271124692e-06,0,6,0,0,0,0,0,0,1,0,6,0,0,0,0,0,0,1,0,0,0,7,0,0,0,0,0,0,0,1,0,0,0
10021,0,0,0,0,0,0,0,4,136,74.12657141203152,1.0,1,4,0,0,0,0,1,0,0,0,2,0,0,1,0,0,0,0,0,0,0,3,0,0,0,1,0,0,0,0,0,0,0
10023,0,0,0,1,0,0,0,6,79,6.493254549958883,1.9467485044675413e-05,0,6,0,0,0,0,0,0,1,0,6,0,0,0,0,0,0,1,0,0,0,7,0,0,0,0,0,0,0,1,0,0,0
10025,0,1,1,0,0,0,2,22,145,12.080249592272894,0.005169736527405737,0,6,0,0,0,0,0,0,1,0,6,0,0,0,0,0,0,1,0,0,0,7,0,0,0,0,0,0,0,1,0,0,0
10027,0,0,0,0,0,0,0,6,90,2.6188216484835856,4.042716613872271e-07,0,6,0,0,0,0,0,0,1,0,6,0,0,0,0,0,0,1,0,0,0,7,0,0,0,0,0,0,0,1,0,0,0
10028,0,1,1,0,0,2,1,48,148,55.21282075184753,1.0,1,6,0,0,0,0,0,0,1,0,6,0,0,0,0,0,0,1,0,0,0,7,0,0,0,0,0,0,0,1,0,0,0
10029,0,1,1,1,1,0,1,22,151,5.1300850507647136,4.9808005339958e-06,0,4,0,0,0,0,1,0,0,0,9,0,0,0,0,0,0,0,0,0,1,7,0,0,0,0,0,0,0,1,0,0,0
10030,0,1,1,0,0,0,0,22,120,11.909619373621107,0.004362314631656588,0,6,0,0,0,0,0,0,1,0,6,0,0,0,0,0,0,1,0,0,0,7,0,0,0,0,0,0,0,1,0,0,0
10031,0,1,1,1,0,1,1,4,102,0.6761810455613115,5.794224998275962e-08,0,6,0,0,0,0,0,0,1,0,6,0,0,0,0,0,0,1,0,0,0,7,0,0,0,0,0,0,0,1,0,0,0
10032,0,0,0,0,1,0,1,4,87,8.924876683117947,0.00022144312254927548,0,4,0,0,0,0,1,0,0,0,2,0,0,1,0,0,0,0,0,0,0,7,0,0,0,0,0,0,0,1,0,0,0
10034,1,1,1,0,0,0,0,25,142,28.01544123490689,0.9999768950653054,1,6,0,0,0,0,0,0,1,0,6,0,0,0,0,0,0,1,0,0,0,5,0,0,0,0,0,1,0,0,0,0,0
10035,0,0,0,1,0,1,0,8,71,3.5421068028087355,1.0177724259603215e-06,0,4,0,0,0,0,1,0,0,0,9,0,0,0,0,0,0,0,0,0,1,7,0,0,0,0,0,0,0,1,0,0,0
10036,0,0,0,1,0,3,0,0,43,0.5959535950354433,5.3475273981902276e-08,0,6,0,0,0,0,0,0,1,0,6,0,0,0,0,0,0,1,0,0,0,7,0,0,0,0,0,0,0,1,0,0,0
10037,0,1,1,0,0,3,0,21,148,38.000338527474725,0.9999999989350504,1,4,0,0,0,0,1,0,0,0,9,0,0,0,0,0,0,0,0,0,1,7,0,0,0,0,0,0,0,1,0,0,0
10038,0,0,0,0,0,0,1,1,109,21.125026340378355,0.9777959508003902,1,6,0,0,0,0,0,0,1,0,6,0,0,0,0,0,0,1,0,0,0,7,0,0,0,0,0,0,0,1,0,0,0
10039,0,1,1,1,0,0,0,26,78,15.752227295844422,0.16969749264724565,0,6,0,0,0,0,0,0,1,0,6,0,0,0,0,0,0,1,0,0,0,7,0,0,0,0,0,0,0,1,0,0,0
10040,1,0,1,0,1,0,0,9,100,29.384216768381066,0.99999412158063,1,6,0,0,0,0,0,0,1,0,6,0,0,0,0,0,0,1,0,0,0,7,0,0,0,0,0,0,0,1,0,0,1
10041,0,0,0,1,0,0,0,21,163,167.0227151378895,1.0,1,2,0,0,1,0,0,0,0,0,6,0,0,0,0,0,0,1,0,0,0,7,0,0,0,0,0,0,0,1,0,0,0
10042,0,0,0,0,0,0,0,27,77,25.26864732516725,0.9996398563339284,1,7,0,0,0,0,0,0,0,1,6,0,0,0,0,0,0,1,0,0,0,7,0,0,0,0,0,0,0,1,0,0,0
10044,0,1,1,0,0,0,0,12,105,6.098720162280326,1.3121047222402819e-05,0,6,0,0,0,0,0,0,1,0,6,0,0,0,0,0,0,1,0,0,0,7,0,0,0,0,0,0,0,1,0,0,0
10045,0,1,1,0,0,0,0,27,126,5.350171057572894,6.206985854887131e-06,0,6,0,0,0,0,0,0,1,0,6,0,0,0,0,0,0,1,0,0,0,7,0,0,0,0,0,0,0,1,0,0,0
10047,0,1,0,1,0,0,0,0,66,5.203275276575111,5.3590165325178845e-06,0,6,0,0,0,0,0,0,1,0,6,0,0,0,0,0,0,1,0,0,0,7,0,0,0,0,0,0,0,1,0,0,0
10048,0,0,0,0,0,0,1,9,52,8.377797587767233,0.00012814724960504793,0,0,1,0,0,0,0,0,0,0,6,0,0,0,0,0,0,1,0,0,0,7,0,0,0,0,0,0,0,1,0,0,0
10049,0,0,0,0,0,0,2,8,131,68.83003431138096,1.0,1,6,0,0,0,0,0,0,1,0,6,0,0,0,0,0,0,1,0,0,0,7,0,0,0,0,0,0,0,1,0,0,0
10050,0,0,0,0,0,0,4,1,58,3.6840457628479566,1.1729889482234877e-06,0,6,0,0,0,0,0,0,1,0,6,0,0,0,0,0,0,1,0,0,0,7,0,0,0,0,0,0,0,1,0,0,0
10052,0,1,0,1,0,1,0,8,157,38.72607969200151,0.9999999994846008,1,6,0,0,0,0,0,0,1,0,6,0,0,0,0,0,0,1,0,0,0,7,0,0,0,0,0,0,0,1,0,0,0
10054,0,1,1,1,1,1,6,18,153,6.957919943913933,3.098178712114675e-05,0,4,0,0,0,0,1,0,0,0,9,0,0,0,0,0,0,0,0,0,1,7,0,0,0,0,0,0,0,1,0,0,0
10055,0,0,0,0,0,0,0,3,100,26.58271002961997,0.9999031945089722,1,6,0,0,0,0,0,0,1,0,6,0,0,0,0,0,0,1,0,0,0,7,0,0,0,0,0,0,0,1,0,0,0
10056,0,0,0,1,0,0,0,7,142,19.810958303426133,0.922080644842785,1,4,0,0,0,0,1,0,0,0,2,0,0,1,0,0,0,0,0,0,0,3,0,0,0,1,0,0,0,0,0,0,0
10057,0,1,0,1,0,0,0,9,170,39.323974516421494,0.999999999716547,1,4,0,0,0,0,1,0,0,0,9,0,0,0,0,0,0,0,0,0,1,7,0,0,0,0,0,0,0,1,0,0,0
10058,1,1,1,0,1,0,0,17,145,30.442220507296465,0.9999979593099512,1,6,0,0,0,0,0,0,1,0,6,0,0,0,0,0,0,1,0,0,0,7,0,0,0,0,0,0,0,1,0,0,1
10059,1,0,1,0,0,0,0,17,173,145.99557367878958,1.0,1,1,0,1,0,0,0,0,0,0,7,0,0,0,0,0,0,0,1,0,0,6,0,0,0,0,0,0,1,0,0,0,1
10060,1,1,1,1,0,0,0,19,162,98.72503005716949,1.0,1,4,0,0,0,0,1,0,0,0,2,0,0,1,0,0,0,0,0,0,0,7,0,0,0,0,0,0,0,1,0,0,1
10061,1,1,1,0,0,0,0,15,149,49.91401842556178,0.9999999999999928,1,6,0,0,0,0,0,0,1,0,6,0,0,0,0,0,0,1,0,0,0,7,0,0,0,0,0,0,0,1,0,0,1
10064,1,1,1,0,0,0,0,17,161,86.99808578324881,1.0,1,0,1,0,0,0,0,0,0,0,5,0,0,0,0,0,1,0,0,0,0,7,0,0,0,0,0,0,0,1,0,0,1
10066,1,1,1,1,1,0,0,15,149,63.534350170414676,1.0,1,6,0,0,0,0,0,0,1,0,6,0,0,0,0,0,0,1,0,0,0,7,0,0,0,0,0,0,0,1,0,0,1
10067,1,1,1,0,0,0,1,13,153,79.16032328730566,1.0,1,6,0,0,0,0,0,0,1,0,6,0,0,0,0,0,0,1,0,0,0,7,0,0,0,0,0,0,0,1,0,0,1
10069,1,1,1,0,0,0,0,14,155,79.16032328730566,1.0,1,0,1,0,0,0,0,0,0,0,6,0,0,0,0,0,0,1,0,0,0,7,0,0,0,0,0,0,0,1,0,0,1
10070,1,1,0,1,0,0,0,9,163,95.21996697937556,1.0,1,1,0,1,0,0,0,0,0,0,6,0,0,0,0,0,0,1,0,0,0,7,0,0,0,0,0,0,0,1,0,0,1
10071,1,1,1,0,0,0,0,11,145,66.36915550596999,1.0,1,6,0,0,0,0,0,0,1,0,6,0,0,0,0,0,0,1,0,0,0,7,0,0,0,0,0,0,0,1,0,0,1
10072,1,1,1,0,1,0,1,14,114,27.96624981427599,0.9999757301103368,1,6,0,0,0,0,0,0,1,0,6,0,0,0,0,0,0,1,0,0,0,7,0,0,0,0,0,0,0,1,0,0,1
10073,1,1,1,0,0,0,0,12,145,79.16032328730566,1.0,1,6,0,0,0,0,0,0,1,0,6,0,0,0,0,0,0,1,0,0,0,7,0,0,0,0,0,0,0,1,0,0,1
10074,1,1,1,0,0,0,0,32,137,19.223020533628322,0.8679576860948967,1,6,0,0,0,0,0,0,1,0,6,0,0,0,0,0,0,1,0,0,0,7,0,0,0,0,0,0,0,1,0,0,1
10075,1,1,1,0,0,0,0,8,77,26.264208255402394,0.99986689088777,1,6,0,0,0,0,0,0,1,0,6,0,0,0,0,0,0,1,0,0,0,7,0,0,0,0,0,0,0,1,0,0,1
10076,1,1,1,1,0,0,0,17,141,63.534350170414676,1.0,1,4,0,0,0,0,1,0,0,0,9,0,0,0,0,0,0,0,0,0,1,7,0,0,0,0,0,0,0,1,0,0,1
10077,1,0,1,0,1,0,0,13,113,25.53879785054032,0.9997250916522292,1,6,0,0,0,0,0,0,1,0,6,0,0,0,0,0,0,1,0,0,0,7,0,0,0,0,0,0,0,1,0,0,1
10079,1,0,0,0,0,0,0,8,145,155.2111223420223,1.0,1,6,0,0,0,0,0,0,1,0,6,0,0,0,0,0,0,1,0,0,0,7,0,0,0,0,0,0,0,1,0,0,1
10080,1,0,0,0,1,0,0,33,166,82.04082010061161,1.0,1,6,0,0,0,0,0,0,1,0,6,0,0,0,0,0,0,1,0,0,0,7,0,0,0,0,0,0,0,1,0,0,1
10081,1,1,1,0,0,0,0,17,154,93.16273966904116,1.0,1,4,0,0,0,0,1,0,0,0,9,0,0,0,0,0,0,0,0,0,1,5,0,0,0,0,0,1,0,0,0,0,1
10082,1,1,1,0,0,0,0,18,175,90.6082887961332,1.0,1,7,0,0,0,0,0,0,0,1,6,0,0,0,0,0,0,1,0,0,0,7,0,0,0,0,0,0,0,1,0,0,1
10083,1,0,0,0,0,0,0,6,62,15.090542520048098,0.09539627183770476,0,6,0,0,0,0,0,0,1,0,6,0,0,0,0,0,0,1,0,0,0,7,0,0,0,0,0,0,0,1,0,0,1
10084,1,1,1,0,0,0,0,16,145,79.16032328730566,1.0,1,6,0,0,0,0,0,0,1,0,6,0,0,0,0,0,0,1,0,0,0,7,0,0,0,0,0,0,0,1,0,0,1
10085,1,1,1,0,0,0,0,6,86,27.68711328700576,0.9999679157522242,1,6,0,0,0,0,0,0,1,0,6,0,0,0,0,0,0,1,0,0,0,7,0,0,0,0,0,0,0,1,0,0,1
10087,1,1,1,0,0,0,0,11,167,104.8691509773061,1.0,1,4,0,0,0,0,1,0,0,0,9,0,0,0,0,0,0,0,0,0,1,7,0,0,0,0,0,0,0,1,0,0,1
10088,1,0,0,0,0,0,0,11,149,146.8854546346385,1.0,1,6,0,0,0,0,0,0,1,0,6,0,0,0,0,0,0,1,0,0,0,7,0,0,0,0,0,0,0,1,0,0,1
10089,1,1,1,0,0,0,0,16,110,32.08738308411412,0.9999996061845656,1,6,0,0,0,0,0,0,1,0,6,0,0,0,0,0,0,1,0,0,0,7,0,0,0,0,0,0,0,1,0,0,1
10090,0,1,1,0,0,0,0,12,107,19.172654566322244,0.8620776576265233,1,4,0,0,0,0,1,0,0,0,9,0,0,0,0,0,0,0,0,0,1,7,0,0,0,0,0,0,0,1,0,0,1
10091,1,1,1,0,0,0,0,9,82,10.486501974895491,0.0010546427190384414,0,4,0,0,0,0,1,0,0,0,9,0,0,0,0,0,0,0,0,0,1,9,0,0,0,0,0,0,0,0,0,1,1
10092,1,1,1,0,0,0,0,9,83,32.476626182630184,0.9999997331626256,1,1,0,1,0,0,0,0,0,0,4,0,0,0,0,1,0,0,0,0,0,7,0,0,0,0,0,0,0,1,0,0,1
10093,1,1,1,1,0,0,0,18,134,63.534350170414676,1.0,1,6,0,0,0,0,0,0,1,0,6,0,0,0,0,0,0,1,0,0,0,7,0,0,0,0,0,0,0,1,0,0,1
10098,1,1,1,0,0,0,0,9,160,94.64597261397951,1.0,1,2,0,0,1,0,0,0,0,0,6,0,0,0,0,0,0,1,0,0,0,7,0,0,0,0,0,0,0,1,0,0,1
10099,1,0,1,0,0,0,0,12,78,27.29335700011324,0.9999524345816808,1,6,0,0,0,0,0,0,1,0,6,0,0,0,0,0,0,1,0,0,0,7,0,0,0,0,0,0,0,1,0,0,1
10100,1,1,0,0,0,0,0,7,107,40.27571342151701,0.9999999998905676,1,6,0,0,0,0,0,0,1,0,6,0,0,0,0,0,0,1,0,0,0,7,0,0,0,0,0,0,0,1,0,0,1
10101,1,0,0,0,0,0,0,5,70,28.61535413427175,0.9999873185062954,1,6,0,0,0,0,0,0,1,0,6,0,0,0,0,0,0,1,0,0,0,7,0,0,0,0,0,0,0,1,0,0,1
10102,1,0,0,0,0,0,4,2,46,4.897394461219959,3.9467840091442116e-06,0,6,0,0,0,0,0,0,1,0,6,0,0,0,0,0,0,1,0,0,0,7,0,0,0,0,0,0,0,1,0,0,1
10105,1,1,1,0,1,0,0,24,168,59.5753240037608,1.0,1,6,0,0,0,0,0,0,1,0,6,0,0,0,0,0,0,1,0,0,0,7,0,0,0,0,0,0,0,1,0,0,1
10106,1,1,1,0,0,0,0,16,150,92.98315497440979,1.0,1,1,0,1,0,0,0,0,0,0,6,0,0,0,0,0,0,1,0,0,0,7,0,0,0,0,0,0,0,1,0,0,1
10107,1,1,1,0,0,0,0,13,94,27.2476251867988,0.9999502089335762,1,4,0,0,0,0,1,0,0,0,2,0,0,1,0,0,0,0,0,0,0,7,0,0,0,0,0,0,0,1,0,0,1
10109,0,0,0,0,0,0,0,8,161,29.872742993312908,0.9999963934055622,1,6,0,0,0,0,0,0,1,0,6,0,0,0,0,0,0,1,0,0,0,7,0,0,0,0,0,0,0,1,0,0,0
10110,0,0,1,0,0,0,0,8,95,24.668632732630826,0.9993439601263032,1,4,0,0,0,0,1,0,0,0,9,0,0,0,0,0,0,0,0,0,1,7,0,0,0,0,0,0,0,1,0,0,1
10111,0,0,0,0,0,0,0,7,155,22.634100012271944,0.995003954501278,1,4,0,0,0,0,1,0,0,0,9,0,0,0,0,0,0,0,0,0,1,9,0,0,0,0,0,0,0,0,0,1,1
10112,0,1,1,0,0,0,0,7,51,2.312575604140352,2.976270353609568e-07,0,6,0,0,0,0,0,0,1,0,6,0,0,0,0,0,0,1,0,0,0,7,0,0,0,0,0,0,0,1,0,0,0
10113,0,1,1,0,0,0,0,9,92,20.551227397267553,0.9612546048454286,1,6,0,0,0,0,0,0,1,0,6,0,0,0,0,0,0,1,0,0,0,7,0,0,0,0,0,0,0,1,0,0,1
10114,0,0,0,0,1,0,0,5,115,20.03041986651733,0.9364589697994974,1,4,0,0,0,0,1,0,0,0,9,0,0,0,0,0,0,0,0,0,1,7,0,0,0,0,0,0,0,1,0,0,0
10115,0,1,1,0,1,0,0,16,151,8.336217920254853,0.00012292882653511784,0,6,0,0,0,0,0,0,1,0,6,0,0,0,0,0,0,1,0,0,0,7,0,0,0,0,0,0,0,1,0,0,0
10116,0,0,0,1,1,1,0,3,151,20.34946758745255,0.9530000127882052,1,2,0,0,1,0,0,0,0,0,8,0,0,0,0,0,0,0,0,1,0,7,0,0,0,0,0,0,0,1,0,0,0
10117,0,1,1,0,0,0,0,21,156,10.325266933077222,0.0008977389718862929,0,4,0,0,0,0,1,0,0,0,6,0,0,0,0,0,0,1,0,0,0,7,0,0,0,0,0,0,0,1,0,0,0
10118,0,1,1,0,1,0,0,10,103,9.955781646716694,0.0006205904859861757,0,5,0,0,0,0,0,1,0,0,1,0,1,0,0,0,0,0,0,0,0,7,0,0,0,0,0,0,0,1,0,0,0
10119,0,1,1,0,0,0,0,9,170,52.474187510941476,0.9999999999999996,1,5,0,0,0,0,0,1,0,0,6,0,0,0,0,0,0,1,0,0,0,7,0,0,0,0,0,0,0,1,0,0,0
10120,0,1,1,0,0,0,0,14,116,4.367699947130709,2.323810235235484e-06,0,6,0,0,0,0,0,0,1,0,6,0,0,0,0,0,0,1,0,0,0,7,0,0,0,0,0,0,0,1,0,0,0
10121,0,1,1,1,0,0,0,9,165,50.30910502487318,0.9999999999999952,1,6,0,0,0,0,0,0,1,0,6,0,0,0,0,0,0,1,0,0,0,0,1,0,0,0,0,0,0,0,0,0,0
10124,0,1,1,0,0,0,0,7,95,24.668632732630826,0.9993439601263032,1,4,0,0,0,0,1,0,0,0,9,0,0,0,0,0,0,0,0,0,1,7,0,0,0,0,0,0,0,1,0,0,1
10125,0,0,0,1,0,4,2,20,105,2.0454810812520687,2.2786348288152925e-07,0,6,0,0,0,0,0,0,1,0,6,0,0,0,0,0,0,1,0,0,0,7,0,0,0,0,0,0,0,1,0,0,0
10126,0,0,0,0,0,0,0,4,77,6.990233924617412,3.1999250569396764e-05,0,6,0,0,0,0,0,0,1,0,6,0,0,0,0,0,0,1,0,0,0,7,0,0,0,0,0,0,0,1,0,0,0
10127,1,1,1,0,0,0,0,15,148,87.80993663161348,1.0,1,6,0,0,0,0,0,0,1,0,6,0,0,0,0,0,0,1,0,0,0,7,0,0,0,0,0,0,0,1,0,0,1
10129,0,0,0,0,0,0,0,19,110,18.70887498409589,0.797198329513119,1,6,0,0,0,0,0,0,1,0,6,0,0,0,0,0,0,1,0,0,0,7,0,0,0,0,0,0,0,1,0,0,0
10130,1,1,1,0,0,0,0,14,90,15.261418499969775,0.11119608191040836,0,4,0,0,0,0,1,0,0,0,9,0,0,0,0,0,0,0,0,0,1,7,0,0,0,0,0,0,0,1,0,0,1
10132,0,0,0,0,0,0,0,3,109,11.716567997331836,0.003599221463978167,0,6,0,0,0,0,0,0,1,0,6,0,0,0,0,0,0,1,0,0,0,7,0,0,0,0,0,0,0,1,0,0,0
10136,0,0,0,0,1,0,1,6,111,18.948519921753075,0.8332057956104447,1,4,0,0,0,0,1,0,0,0,2,0,0,1,0,0,0,0,0,0,0,7,0,0,0,0,0,0,0,1,0,0,0
10137,0,1,1,0,0,0,0,12,97,2.7207826743857275,4.476662887513813e-07,0,6,0,0,0,0,0,0,1,0,6,0,0,0,0,0,0,1,0,0,0,7,0,0,0,0,0,0,0,1,0,0,0
10138,0,1,1,0,0,0,0,11,90,2.5203183483094604,3.663480430740872e-07,0,6,0,0,0,0,0,0,1,0,6,0,0,0,0,0,0,1,0,0,0,7,0,0,0,0,0,0,0,1,0,0,0
10139,0,1,1,0,0,0,0,12,137,31.697062839957162,0.9999994181559742,1,4,0,0,0,0,1,0,0,0,2,0,0,1,0,0,0,0,0,0,0,3,0,0,0,1,0,0,0,0,0,0,0
10140,0,1,1,1,0,0,0,21,142,4.3581896262310735,2.301814862369108e-06,0,4,0,0,0,0,1,0,0,0,6,0,0,0,0,0,0,1,0,0,0,7,0,0,0,0,0,0,0,1,0,0,0
10141,0,1,1,0,0,0,0,18,165,15.750044185211587,0.16939011357447006,0,4,0,0,0,0,1,0,0,0,9,0,0,0,0,0,0,0,0,0,1,7,0,0,0,0,0,0,0,1,0,0,0
10142,1,1,1,0,0,0,0,14,157,116.01805463616215,1.0,1,4,0,0,0,0,1,0,0,0,9,0,0,0,0,0,0,0,0,0,1,7,0,0,0,0,0,0,0,1,0,0,1
10143,0,1,1,0,0,0,0,20,138,3.4823663116870245,9.587508026665136e-07,0,6,0,0,0,0,0,0,1,0,6,0,0,0,0,0,0,1,0,0,0,7,0,0,0,0,0,0,0,1,0,0,0
10144,0,1,1,0,0,0,0,11,157,50.26894185493314,0.9999999999999948,1,4,0,0,0,0,1,0,0,0,9,0,0,0,0,0,0,0,0,0,1,7,0,0,0,0,0,0,0,1,0,0,0
10146,0,0,0,0,0,0,0,7,147,47.49495310938391,0.9999999999999198,1,1,0,1,0,0,0,0,0,0,4,0,0,0,0,1,0,0,0,0,0,7,0,0,0,0,0,0,0,1,0,0,0
10147,1,1,1,0,1,0,0,16,103,19.95183986195865,0.9316196967642316,1,4,0,0,0,0,1,0,0,0,9,0,0,0,0,0,0,0,0,0,1,7,0,0,0,0,0,0,0,1,0,0,1
10149,0,1,1,0,0,0,0,17,87,3.1004600316066084,6.544042070595477e-07,0,6,0,0,0,0,0,0,1,0,6,0,0,0,0,0,0,1,0,0,0,7,0,0,0,0,0,0,0,1,0,0,0
10150,0,1,1,0,0,0,0,11,120,14.775901788350104,0.07148504557435033,0,0,1,0,0,0,0,0,0,0,6,0,0,0,0,0,0,1,0,0,0,7,0,0,0,0,0,0,0,1,0,0,0
10151,0,1,1,0,0,0,0,16,137,31.697062839957162,0.9999994181559742,1,4,0,0,0,0,1,0,0,0,2,0,0,1,0,0,0,0,0,0,0,3,0,0,0,1,0,0,0,0,0,0,0
10152,0,1,1,0,1,0,0,10,160,15.349546601432374,0.12020890335668814,0,4,0,0,0,0,1,0,0,0,9,0,0,0,0,0,0,0,0,0,1,9,0,0,0,0,0,0,0,0,0,1,0
10153,1,0,0,1,0,0,0,5,87,28.423519336399607,0.9999846367874192,1,1,0,1,0,0,0,0,0,0,6,0,0,0,0,0,0,1,0,0,0,7,0,0,0,0,0,0,0,1,0,0,1
10156,1,1,1,0,0,0,0,10,100,25.58315175267924,0.9997370153182942,1,4,0,0,0,0,1,0,0,0,9,0,0,0,0,0,0,0,0,0,1,7,0,0,0,0,0,0,0,1,0,0,1
10157,0,1,0,1,0,0,1,7,171,38.1099838445062,0.9999999990456436,1,5,0,0,0,0,0,1,0,0,1,0,1,0,0,0,0,0,0,0,0,7,0,0,0,0,0,0,0,1,0,0,1
10159,1,1,1,0,1,0,0,13,153,80.08189198266734,1.0,1,6,0,0,0,0,0,0,1,0,6,0,0,0,0,0,0,1,0,0,0,7,0,0,0,0,0,0,0,1,0,0,1
10163,1,0,0,0,0,0,0,3,88,6.962251842064169,3.111628399440798e-05,0,6,0,0,0,0,0,0,1,0,6,0,0,0,0,0,0,1,0,0,0,7,0,0,0,0,0,0,0,1,0,0,1
10164,1,1,1,0,0,0,0,13,107,12.907428203143224,0.011744319226778491,0,4,0,0,0,0,1,0,0,0,9,0,0,0,0,0,0,0,0,0,1,7,0,0,0,0,0,0,0,1,0,0,1
10168,1,0,0,0,0,0,0,3,158,45.83156907906207,0.999999999999577,1,4,0,0,0,0,1,0,0,0,2,0,0,1,0,0,0,0,0,0,0,7,0,0,0,0,0,0,0,1,0,0,1
10169,1,1,1,0,1,0,0,22,151,18.03602398493256,0.6673056497150239,1,6,0,0,0,0,0,0,1,0,6,0,0,0,0,0,0,1,0,0,0,7,0,0,0,0,0,0,0,1,0,0,1
10171,1,1,1,0,1,0,0,17,153,33.678450254536145,0.9999999197765792,1,6,0,0,0,0,0,0,1,0,6,0,0,0,0,0,0,1,0,0,0,7,0,0,0,0,0,0,0,1,0,0,1
10172,1,0,1,0,0,0,0,10,152,66.02860314309629,1.0,1,6,0,0,0,0,0,0,1,0,6,0,0,0,0,0,0,1,0,0,0,7,0,0,0,0,0,0,0,1,0,0,1
10173,0,1,1,1,0,0,0,16,130,17.27186666750422,0.4829732530940121,0,6,0,0,0,0,0,0,1,0,6,0,0,0,0,0,0,1,0,0,0,7,0,0,0,0,0,0,0,1,0,0,0
10174,0,1,1,1,0,0,0,19,156,16.646567100950726,0.3332698433595133,0,6,0,0,0,0,0,0,1,0,6,0,0,0,0,0,0,1,0,0,0,7,0,0,0,0,0,0,0,1,0,0,1
10175,1,1,1,0,0,0,0,8,146,31.593063946529778,0.9999993543863596,1,4,0,0,0,0,1,0,0,0,9,0,0,0,0,0,0,0,0,0,1,1,0,1,0,0,0,0,0,0,0,0,1
10176,0,1,1,0,0,0,0,17,153,24.66763199254081,0.9993433037036392,1,6,0,0,0,0,0,0,1,0,6,0,0,0,0,0,0,1,0,0,0,7,0,0,0,0,0,0,0,1,0,0,1
10177,1,1,1,0,1,0,0,32,155,18.25883439192896,0.7148045455035292,1,6,0,0,0,0,0,0,1,0,6,0,0,0,0,0,0,1,0,0,0,7,0,0,0,0,0,0,0,1,0,0,0
10179,1,1,1,1,0,0,0,20,132,33.023268637811015,0.9999998455304414,1,6,0,0,0,0,0,0,1,0,6,0,0,0,0,0,0,1,0,0,0,7,0,0,0,0,0,0,0,1,0,0,0
10182,1,0,0,0,0,1,0,23,152,41.56728248250877,0.9999999999699236,1,6,0,0,0,0,0,0,1,0,6,0,0,0,0,0,0,1,0,0,0,7,0,0,0,0,0,0,0,1,0,0,1
10183,0,0,0,1,0,0,9,3,103,9.664390187850401,0.000463792310768786,0,6,0,0,0,0,0,0,1,0,6,0,0,0,0,0,0,1,0,0,0,7,0,0,0,0,0,0,0,1,0,0,1
10184,1,1,0,1,1,0,0,7,164,78.77498232535403,1.0,1,6,0,0,0,0,0,0,1,0,6,0,0,0,0,0,0,1,0,0,0,7,0,0,0,0,0,0,0,1,0,0,1
10186,1,1,1,0,0,0,0,8,119,31.050927433103443,0.9999988897535536,1,0,1,0,0,0,0,0,0,0,6,0,0,0,0,0,0,1,0,0,0,7,0,0,0,0,0,0,0,1,0,0,1
10187,0,1,1,1,0,0,0,21,162,21.404015259601334,0.9831102652451094,1,4,0,0,0,0,1,0,0,0,6,0,0,0,0,0,0,1,0,0,0,7,0,0,0,0,0,0,0,1,0,0,1
10189,0,0,0,1,0,0,0,2,157,51.94178118233092,0.9999999999999992,1,6,0,0,0,0,0,0,1,0,6,0,0,0,0,0,0,1,0,0,0,7,0,0,0,0,0,0,0,1,0,0,1
10191,1,1,1,0,0,0,0,18,120,16.207933951824636,0.2437800205982468,0,6,0,0,0,0,0,0,1,0,6,0,0,0,0,0,0,1,0,0,0,7,0,0,0,0,0,0,0,1,0,0,1
10192,1,0,1,0,0,0,0,17,118,16.207933951824636,0.2437800205982468,0,6,0,0,0,0,0,0,1,0,6,0,0,0,0,0,0,1,0,0,0,7,0,0,0,0,0,0,0,1,0,0,1
10193,0,0,0,0,0,0,0,5,166,100.22222055932188,1.0,1,5,0,0,0,0,0,1,0,0,1,0,1,0,0,0,0,0,0,0,0,7,0,0,0,0,0,0,0,1,0,0,1
10194,1,1,1,0,0,0,0,10,137,51.04903278547746,0.9999999999999978,1,2,0,0,1,0,0,0,0,0,8,0,0,0,0,0,0,0,0,1,0,7,0,0,0,0,0,0,0,1,0,0,1
10195,1,1,1,0,0,0,0,15,152,56.584375276102826,1.0,1,6,0,0,0,0,0,0,1,0,6,0,0,0,0,0,0,1,0,0,0,7,0,0,0,0,0,0,0,1,0,0,1
10197,1,0,0,0,0,0,0,4,105,29.484725064481086,0.9999946836861536,1,4,0,0,0,0,1,0,0,0,2,0,0,1,0,0,0,0,0,0,0,7,0,0,0,0,0,0,0,1,0,0,1
10198,1,0,0,1,0,0,0,11,103,14.621965287189267,0.061917519262315965,0,6,0,0,0,0,0,0,1,0,6,0,0,0,0,0,0,1,0,0,0,7,0,0,0,0,0,0,0,1,0,0,1
10199,1,0,0,0,0,0,0,4,150,99.19019728211431,1.0,1,6,0,0,0,0,0,0,1,0,6,0,0,0,0,0,0,1,0,0,0,7,0,0,0,0,0,0,0,1,0,0,1
10201,1,0,1,0,0,0,0,12,164,79.55953920579074,1.0,1,5,0,0,0,0,0,1,0,0,6,0,0,0,0,0,0,1,0,0,0,7,0,0,0,0,0,0,0,1,0,0,1
10202,1,1,1,0,0,0,0,16,126,40.200081392032814,0.99999999988197,1,0,1,0,0,0,0,0,0,0,6,0,0,0,0,0,0,1,0,0,0,7,0,0,0,0,0,0,0,1,0,0,1
10203,1,1,1,0,0,0,1,27,156,129.82939982319678,1.0,1,6,0,0,0,0,0,0,1,0,6,0,0,0,0,0,0,1,0,0,0,7,0,0,0,0,0,0,0,1,0,0,1
10204,1,1,1,0,0,0,0,14,103,18.676145136201924,0.7918552957162566,1,4,0,0,0,0,1,0,0,0,6,0,0,0,0,0,0,1,0,0,0,7,0,0,0,0,0,0,0,1,0,0,1
10206,1,1,1,0,1,0,0,17,170,74.54952280016755,1.0,1,2,0,0,1,0,0,0,0,0,6,0,0,0,0,0,0,1,0,0,0,7,0,0,0,0,0,0,0,1,0,0,1
10207,1,1,1,0,0,0,0,25,157,62.589365945372,1.0,1,6,0,0,0,0,0,0,1,0,6,0,0,0,0,0,0,1,0,0,0,7,0,0,0,0,0,0,0,1,0,0,1
10208,1,1,1,0,0,0,0,13,142,100.80230649537431,1.0,1,5,0,0,0,0,0,1,0,0,1,0,1,0,0,0,0,0,0,0,0,7,0,0,0,0,0,0,0,1,0,0,1
10209,1,1,1,0,0,0,14,9,165,70.0699450612313,1.0,1,6,0,0,0,0,0,0,1,0,6,0,0,0,0,0,0,1,0,0,0,7,0,0,0,0,0,0,0,1,0,0,1
10210,1,0,1,0,1,1,0,20,127,14.560307413850193,0.058431466305240536,0,6,0,0,0,0,0,0,1,0,6,0,0,0,0,0,0,1,0,0,0,7,0,0,0,0,0,0,0,1,0,0,1
10212,1,1,1,0,1,0,0,22,153,14.468573394989846,0.05358425851545008,0,7,0,0,0,0,0,0,0,1,0,1,0,0,0,0,0,0,0,0,0,7,0,0,0,0,0,0,0,1,0,0,1
10213,0,1,1,0,0,0,0,13,151,17.366748137108175,0.5066866356118562,1,6,0,0,0,0,0,0,1,0,6,0,0,0,0,0,0,1,0,0,0,7,0,0,0,0,0,0,0,1,0,0,1
10214,1,1,1,0,1,1,0,10,120,19.965595939802608,0.9324908339418112,1,6,0,0,0,0,0,0,1,0,6,0,0,0,0,0,0,1,0,0,0,7,0,0,0,0,0,0,0,1,0,0,1
10215,1,1,1,0,1,0,0,14,137,45.103696062799436,0.9999999999991244,1,6,0,0,0,0,0,0,1,0,6,0,0,0,0,0,0,1,0,0,0,7,0,0,0,0,0,0,0,1,0,0,1
10217,1,1,1,0,0,0,1,9,138,57.09507164070313,1.0,1,6,0,0,0,0,0,0,1,0,6,0,0,0,0,0,0,1,0,0,0,7,0,0,0,0,0,0,0,1,0,0,1
10218,0,1,1,0,1,0,0,20,141,13.469070480951778,0.02041359154776736,0,6,0,0,0,0,0,0,1,0,6,0,0,0,0,0,0,1,0,0,0,7,0,0,0,0,0,0,0,1,0,0,0
10220,1,1,1,1,1,0,0,17,130,52.812441018302955,0.9999999999999996,1,4,0,0,0,0,1,0,0,0,9,0,0,0,0,0,0,0,0,0,1,7,0,0,0,0,0,0,0,1,0,0,1
10222,1,1,1,0,1,0,0,23,155,16.042575008607542,0.21459870565662448,0,4,0,0,0,0,1,0,0,0,9,0,0,0,0,0,0,0,0,0,1,7,0,0,0,0,0,0,0,1,0,0,1
10223,1,1,1,0,1,0,0,17,144,9.751690266059038,0.000506079927345621,0,6,0,0,0,0,0,0,1,0,6,0,0,0,0,0,0,1,0,0,0,7,0,0,0,0,0,0,0,1,0,0,1
10224,1,0,0,1,0,0,0,5,91,39.464287920459206,0.9999999997536552,1,6,0,0,0,0,0,0,1,0,6,0,0,0,0,0,0,1,0,0,0,7,0,0,0,0,0,0,0,1,0,0,1
10226,0,1,1,0,0,0,0,12,146,20.61775311109417,0.9636576759973704,1,2,0,0,1,0,0,0,0,0,6,0,0,0,0,0,0,1,0,0,0,7,0,0,0,0,0,0,0,1,0,0,1
10229,1,1,1,0,0,0,1,10,74,4.933506221192367,4.091913410699453e-06,0,6,0,0,0,0,0,0,1,0,6,0,0,0,0,0,0,1,0,0,0,7,0,0,0,0,0,0,0,1,0,0,1
10231,0,1,1,0,1,0,0,23,156,17.98513720858071,0.6559138085961541,1,4,0,0,0,0,1,0,0,0,9,0,0,0,0,0,0,0,0,0,1,0,1,0,0,0,0,0,0,0,0,0,0
10234,0,1,0,1,0,0,1,12,179,58.51085595282096,1.0,1,2,0,0,1,0,0,0,0,0,6,0,0,0,0,0,0,1,0,0,0,7,0,0,0,0,0,0,0,1,0,0,0
10236,1,1,1,1,0,0,0,13,151,86.3298233889151,1.0,1,7,0,0,0,0,0,0,0,1,6,0,0,0,0,0,0,1,0,0,0,7,0,0,0,0,0,0,0,1,0,0,1
10237,1,0,0,0,0,0,0,11,161,197.11710026493918,1.0,1,4,0,0,0,0,1,0,0,0,9,0,0,0,0,0,0,0,0,0,1,7,0,0,0,0,0,0,0,1,0,0,0
10239,1,0,0,1,0,0,0,16,52,15.07239660723253,0.09384181071208744,0,4,0,0,0,0,1,0,0,0,9,0,0,0,0,0,0,0,0,0,1,7,0,0,0,0,0,0,0,1,0,0,0
10241,0,1,1,0,0,0,0,30,146,57.08219888373753,1.0,1,4,0,0,0,0,1,0,0,0,9,0,0,0,0,0,0,0,0,0,1,7,0,0,0,0,0,0,0,1,0,0,1
10243,0,1,1,0,0,0,0,20,96,16.0063496633962,0.20855619777028692,0,7,0,0,0,0,0,0,0,1,6,0,0,0,0,0,0,1,0,0,0,7,0,0,0,0,0,0,0,1,0,0,1
10244,1,0,0,0,0,0,0,2,95,111.79348863093156,1.0,1,1,0,1,0,0,0,0,0,0,6,0,0,0,0,0,0,1,0,0,0,7,0,0,0,0,0,0,0,1,0,0,0
10245,0,0,0,1,0,0,6,0,47,5.551416319372387,7.590665636017322e-06,0,6,0,0,0,0,0,0,1,0,6,0,0,0,0,0,0,1,0,0,0,7,0,0,0,0,0,0,0,1,0,0,0
10246,1,0,0,1,1,1,0,2,111,17.303936013167252,0.4909849803568863,0,6,0,0,0,0,0,0,1,0,6,0,0,0,0,0,0,1,0,0,0,7,0,0,0,0,0,0,0,1,0,0,1
10247,1,1,1,0,1,0,0,16,144,9.751690266059038,0.000506079927345621,0,6,0,0,0,0,0,0,1,0,6,0,0,0,0,0,0,1,0,0,0,7,0,0,0,0,0,0,0,1,0,0,1
10249,0,1,1,1,0,0,0,21,122,27.124917505124714,0.9999437088820324,1,6,0,0,0,0,0,0,1,0,6,0,0,0,0,0,0,1,0,0,0,7,0,0,0,0,0,0,0,1,0,0,0
10250,0,0,0,0,1,1,0,6,149,47.63445589518203,0.9999999999999304,1,4,0,0,0,0,1,0,0,0,9,0,0,0,0,0,0,0,0,0,1,7,0,0,0,0,0,0,0,1,0,0,0
10251,0,1,0,1,0,0,0,18,110,14.999487706137753,0.0878228662959036,0,6,0,0,0,0,0,0,1,0,6,0,0,0,0,0,0,1,0,0,0,7,0,0,0,0,0,0,0,1,0,0,0
10252,0,0,0,0,0,0,2,2,102,24.687630742200685,0.9993562979868724,1,6,0,0,0,0,0,0,1,0,6,0,0,0,0,0,0,1,0,0,0,7,0,0,0,0,0,0,0,1,0,0,1
10253,0,0,0,0,0,0,0,2,60,4.9723360045358325,4.2539259461067625e-06,0,6,0,0,0,0,0,0,1,0,6,0,0,0,0,0,0,1,0,0,0,7,0,0,0,0,0,0,0,1,0,0,0
10255,1,1,0,1,0,2,0,5,120,33.30388158960467,0.999999883325952,1,4,0,0,0,0,1,0,0,0,9,0,0,0,0,0,0,0,0,0,1,7,0,0,0,0,0,0,0,1,0,0,1
10256,0,0,0,0,0,0,0,3,87,24.16273490614623,0.9989124448168328,1,6,0,0,0,0,0,0,1,0,6,0,0,0,0,0,0,1,0,0,0,7,0,0,0,0,0,0,0,1,0,0,0
10258,0,1,1,0,0,0,0,7,127,12.528934750137315,0.008073473321096812,0,4,0,0,0,0,1,0,0,0,9,0,0,0,0,0,0,0,0,0,1,7,0,0,0,0,0,0,0,1,0,0,0
10259,0,1,1,0,0,4,0,29,126,22.749745790805694,0.9955471395642328,1,4,0,0,0,0,1,0,0,0,9,0,0,0,0,0,0,0,0,0,1,0,1,0,0,0,0,0,0,0,0,0,0
10260,0,0,0,0,1,0,2,6,73,4.7659522642735785,3.4606601358231344e-06,0,6,0,0,0,0,0,0,1,0,6,0,0,0,0,0,0,1,0,0,0,7,0,0,0,0,0,0,0,1,0,0,1
10263,0,1,0,0,0,0,0,2,129,19.997539054849817,0.9344741384553644,1,4,0,0,0,0,1,0,0,0,9,0,0,0,0,0,0,0,0,0,1,7,0,0,0,0,0,0,0,1,0,0,1
10264,0,0,0,0,0,0,0,1,59,8.557485614904191,0.00015336838809828943,0,6,0,0,0,0,0,0,1,0,6,0,0,0,0,0,0,1,0,0,0,7,0,0,0,0,0,0,0,1,0,0,0
10265,1,0,0,0,0,0,0,9,91,21.4231393991205,0.9834248950020166,1,1,0,1,0,0,0,0,0,0,7,0,0,0,0,0,0,0,1,0,0,6,0,0,0,0,0,0,1,0,0,0,1
10268,1,1,1,0,1,0,1,14,157,80.28249304558834,1.0,1,6,0,0,0,0,0,0,1,0,6,0,0,0,0,0,0,1,0,0,0,7,0,0,0,0,0,0,0,1,0,0,1
10269,0,0,0,0,0,0,4,9,127,29.407141425491147,0.9999942548076772,1,6,0,0,0,0,0,0,1,0,6,0,0,0,0,0,0,1,0,0,0,7,0,0,0,0,0,0,0,1,0,0,0
10270,1,0,0,1,1,0,1,16,137,47.63183285690261,0.99999999999993,1,6,0,0,0,0,0,0,1,0,6,0,0,0,0,0,0,1,0,0,0,7,0,0,0,0,0,0,0,1,0,0,1
10272,0,0,0,0,0,0,0,7,78,20.511014045032407,0.9597287951208284,1,6,0,0,0,0,0,0,1,0,6,0,0,0,0,0,0,1,0,0,0,7,0,0,0,0,0,0,0,1,0,0,0
10273,0,0,0,1,0,0,0,4,165,98.72878805871285,1.0,1,4,0,0,0,0,1,0,0,0,9,0,0,0,0,0,0,0,0,0,1,0,1,0,0,0,0,0,0,0,0,0,0
10274,1,0,0,0,0,0,0,1,44,5.859511385681344,1.0329579896541589e-05,0,6,0,0,0,0,0,0,1,0,6,0,0,0,0,0,0,1,0,0,0,7,0,0,0,0,0,0,0,1,0,0,1
10275,0,0,0,0,0,0,0,1,94,18.336158780109827,0.7303026789945232,1,6,0,0,0,0,0,0,1,0,6,0,0,0,0,0,0,1,0,0,0,7,0,0,0,0,0,0,0,1,0,0,0
10276,0,0,0,0,0,1,0,2,48,5.486512987934796,7.113656819603327e-06,0,6,0,0,0,0,0,0,1,0,6,0,0,0,0,0,0,1,0,0,0,7,0,0,0,0,0,0,0,1,0,0,0
10278,0,1,0,1,0,0,0,5,119,24.823419461181782,0.9994379847843841,1,6,0,0,0,0,0,0,1,0,6,0,0,0,0,0,0,1,0,0,0,7,0,0,0,0,0,0,0,1,0,0,1
10280,0,0,0,0,1,0,0,7,103,9.643297010821932,0.000454116307583571,0,4,0,0,0,0,1,0,0,0,9,0,0,0,0,0,0,0,0,0,1,7,0,0,0,0,0,0,0,1,0,0,0
10283,1,1,1,0,1,0,0,70,116,148.7825322320642,1.0,1,6,0,0,0,0,0,0,1,0,6,0,0,0,0,0,0,1,0,0,0,7,0,0,0,0,0,0,0,1,0,0,0
10284,1,0,0,0,0,0,1,4,66,5.168823712366336,5.177535095774269e-06,0,6,0,0,0,0,0,0,1,0,6,0,0,0,0,0,0,1,0,0,0,7,0,0,0,0,0,0,0,1,0,0,1
10286,1,1,0,0,0,0,0,6,148,54.15986614562551,1.0,1,4,0,0,0,0,1,0,0,0,9,0,0,0,0,0,0,0,0,0,1,7,0,0,0,0,0,0,0,1,0,0,1
10287,0,0,0,0,0,0,0,6,162,55.88941326550561,1.0,1,6,0,0,0,0,0,0,1,0,6,0,0,0,0,0,0,1,0,0,0,7,0,0,0,0,0,0,0,1,0,0,0
10288,1,0,0,0,0,0,5,5,152,109.79133418230371,1.0,1,6,0,0,0,0,0,0,1,0,6,0,0,0,0,0,0,1,0,0,0,7,0,0,0,0,0,0,0,1,0,0,1
10289,1,1,1,0,1,3,0,23,159,70.47721194874829,1.0,1,4,0,0,0,0,1,0,0,0,9,0,0,0,0,0,0,0,0,0,1,7,0,0,0,0,0,0,0,1,0,0,0
10290,0,1,1,0,0,0,0,11,113,10.767119938650858,0.0013958149351954285,0,6,0,0,0,0,0,0,1,0,6,0,0,0,0,0,0,1,0,0,0,7,0,0,0,0,0,0,0,1,0,0,0
10291,0,0,0,1,0,0,0,10,103,13.877555334889085,0.030399892171430326,0,6,0,0,0,0,0,0,1,0,6,0,0,0,0,0,0,1,0,0,0,7,0,0,0,0,0,0,0,1,0,0,0
10293,0,0,0,1,0,1,4,3,58,0.892010009380642,7.189996474744469e-08,0,6,0,0,0,0,0,0,1,0,6,0,0,0,0,0,0,1,0,0,0,7,0,0,0,0,0,0,0,1,0,0,0
10294,0,0,0,1,0,0,0,7,151,87.38543942698095,1.0,1,4,0,0,0,0,1,0,0,0,9,0,0,0,0,0,0,0,0,0,1,5,0,0,0,0,0,1,0,0,0,0,0
10295,0,0,0,0,0,0,1,17,28,4.067214160611783,1.7206859128789485e-06,0,6,0,0,0,0,0,0,1,0,6,0,0,0,0,0,0,1,0,0,0,7,0,0,0,0,0,0,0,1,0,0,0
10296,1,1,1,0,0,0,0,16,148,67.84314998211755,1.0,1,6,0,0,0,0,0,0,1,0,6,0,0,0,0,0,0,1,0,0,0,7,0,0,0,0,0,0,0,1,0,0,1
10297,0,0,0,0,0,1,0,9,117,52.920503073500136,0.9999999999999996,1,4,0,0,0,0,1,0,0,0,9,0,0,0,0,0,0,0,0,0,1,7,0,0,0,0,0,0,0,1,0,0,0
10299,0,1,1,0,0,0,0,70,129,154.11922205327872,1.0,1,6,0,0,0,0,0,0,1,0,6,0,0,0,0,0,0,1,0,0,0,7,0,0,0,0,0,0,0,1,0,0,0
10301,0,0,0,1,0,0,1,9,104,15.808347375525447,0.17775201576488706,0,4,0,0,0,0,1,0,0,0,2,0,0,1,0,0,0,0,0,0,0,7,0,0,0,0,0,0,0,1,0,0,0
10302,0,0,0,1,0,0,9,4,116,18.668412352388405,0.7905778979923956,1,6,0,0,0,0,0,0,1,0,6,0,0,0,0,0,0,1,0,0,0,7,0,0,0,0,0,0,0,1,0,0,0
10303,0,0,1,1,0,0,0,2,135,13.146407201337686,0.014867583904382684,0,1,0,1,0,0,0,0,0,0,6,0,0,0,0,0,0,1,0,0,0,7,0,0,0,0,0,0,0,1,0,0,0
10304,1,1,1,0,1,0,0,11,106,30.49706535834745,0.999998068217276,1,6,0,0,0,0,0,0,1,0,6,0,0,0,0,0,0,1,0,0,0,7,0,0,0,0,0,0,0,1,0,0,1
10305,1,1,1,0,0,0,0,25,125,37.891455294405425,0.9999999988125472,1,4,0,0,0,0,1,0,0,0,9,0,0,0,0,0,0,0,0,0,1,2,0,0,1,0,0,0,0,0,0,0,1
10306,0,0,0,0,0,0,0,6,76,11.026046412796752,0.0018075863909513426,0,4,0,0,0,0,1,0,0,0,9,0,0,0,0,0,0,0,0,0,1,7,0,0,0,0,0,0,0,1,0,0,0
10307,1,0,0,1,0,2,0,1,54,9.221055131065194,0.0002977540739572762,0,6,0,0,0,0,0,0,1,0,6,0,0,0,0,0,0,1,0,0,0,7,0,0,0,0,0,0,0,1,0,0,1
10308,0,1,1,0,0,0,1,6,64,4.004474727734946,1.6160480113476097e-06,0,6,0,0,0,0,0,0,1,0,6,0,0,0,0,0,0,1,0,0,0,7,0,0,0,0,0,0,0,1,0,0,0
10310,1,1,1,0,1,0,0,32,161,15.162502007521054,0.1017894545395074,0,4,0,0,0,0,1,0,0,0,9,0,0,0,0,0,0,0,0,0,1,9,0,0,0,0,0,0,0,0,0,1,1
10313,0,0,0,0,0,0,0,2,59,13.755226065710788,0.026994044527273383,0,6,0,0,0,0,0,0,1,0,6,0,0,0,0,0,0,1,0,0,0,7,0,0,0,0,0,0,0,1,0,0,0
10314,0,1,0,1,1,0,0,37,139,155.55218133088763,1.0,1,4,0,0,0,0,1,0,0,0,9,0,0,0,0,0,0,0,0,0,1,0,1,0,0,0,0,0,0,0,0,0,0
10315,1,0,0,0,0,0,5,1,73,18.47863058356714,0.7574281237852896,1,6,0,0,0,0,0,0,1,0,6,0,0,0,0,0,0,1,0,0,0,7,0,0,0,0,0,0,0,1,0,0,1
10316,0,0,0,0,0,0,0,0,42,8.351213040185682,0.00012478581711263526,0,6,0,0,0,0,0,0,1,0,6,0,0,0,0,0,0,1,0,0,0,7,0,0,0,0,0,0,0,1,0,0,0
10317,0,1,0,1,1,0,0,9,135,29.434050743933934,0.9999944073444874,1,6,0,0,0,0,0,0,1,0,6,0,0,0,0,0,0,1,0,0,0,7,0,0,0,0,0,0,0,1,0,0,0
10318,1,0,0,0,0,0,4,1,91,50.009762056659575,0.9999999999999936,1,6,0,0,0,0,0,0,1,0,6,0,0,0,0,0,0,1,0,0,0,7,0,0,0,0,0,0,0,1,0,0,0
10320,0,0,0,0,0,0,0,14,161,30.991081359337247,0.9999988212812778,1,6,0,0,0,0,0,0,1,0,6,0,0,0,0,0,0,1,0,0,0,7,0,0,0,0,0,0,0,1,0,0,0
10321,0,0,0,1,0,0,0,3,88,8.178685638548195,0.00010501373774441676,0,4,0,0,0,0,1,0,0,0,9,0,0,0,0,0,0,0,0,0,1,7,0,0,0,0,0,0,0,1,0,0,0
10322,0,0,0,0,0,0,0,4,136,46.06782925460588,0.9999999999996659,1,4,0,0,0,0,1,0,0,0,9,0,0,0,0,0,0,0,0,0,1,7,0,0,0,0,0,0,0,1,0,0,0
10323,0,1,1,0,1,0,0,13,151,23.996522613039645,0.9987160415018101,1,2,0,0,1,0,0,0,0,0,3,0,0,0,1,0,0,0,0,0,0,7,0,0,0,0,0,0,0,1,0,0,0
10325,0,1,0,1,0,0,4,7,150,48.5306992404539,0.9999999999999716,1,6,0,0,0,0,0,0,1,0,6,0,0,0,0,0,0,1,0,0,0,7,0,0,0,0,0,0,0,1,0,0,0
10327,0,0,0,1,0,0,0,25,71,20.369860106695143,0.9539050222123888,1,6,0,0,0,0,0,0,1,0,6,0,0,0,0,0,0,1,0,0,0,7,0,0,0,0,0,0,0,1,0,0,0
10329,0,0,0,0,0,0,0,1,27,0.5532794189188538,5.124126705765717e-08,0,6,0,0,0,0,0,0,1,0,6,0,0,0,0,0,0,1,0,0,0,7,0,0,0,0,0,0,0,1,0,0,0
10330,1,1,0,0,0,0,0,2,100,6.470346670977691,1.902660384483795e-05,0,6,0,0,0,0,0,0,1,0,6,0,0,0,0,0,0,1,0,0,0,7,0,0,0,0,0,0,0,1,0,0,1
10331,1,1,1,0,0,0,0,7,126,70.56556911766513,1.0,1,4,0,0,0,0,1,0,0,0,9,0,0,0,0,0,0,0,0,0,1,5,0,0,0,0,0,1,0,0,0,0,1
10332,1,0,0,0,0,0,0,9,174,125.79401461261557,1.0,1,4,0,0,0,0,1,0,0,0,9,0,0,0,0,0,0,0,0,0,1,7,0,0,0,0,0,0,0,1,0,0,0
10333,0,0,0,0,0,0,0,3,64,10.388747209202288,0.000956519131528873,0,6,0,0,0,0,0,0,1,0,6,0,0,0,0,0,0,1,0,0,0,7,0,0,0,0,0,0,0,1,0,0,0
10334,1,1,1,0,0,0,0,10,103,20.574374153119592,0.9621075424960082,1,1,0,1,0,0,0,0,0,0,7,0,0,0,0,0,0,0,1,0,0,6,0,0,0,0,0,0,1,0,0,0,1
10335,0,0,0,1,0,0,0,4,134,39.31330764931153,0.9999999997135072,1,4,0,0,0,0,1,0,0,0,9,0,0,0,0,0,0,0,0,0,1,7,0,0,0,0,0,0,0,1,0,0,0
10336,0,1,1,1,1,0,0,53,156,145.5388354308315,1.0,1,4,0,0,0,0,1,0,0,0,9,0,0,0,0,0,0,0,0,0,1,0,1,0,0,0,0,0,0,0,0,0,0
10337,1,1,0,1,0,1,0,11,153,64.28063595235413,1.0,1,6,0,0,0,0,0,0,1,0,6,0,0,0,0,0,0,1,0,0,0,7,0,0,0,0,0,0,0,1,0,0,0
10338,0,1,1,0,0,0,0,8,141,22.45780775060516,0.9940465180279556,1,1,0,1,0,0,0,0,0,0,6,0,0,0,0,0,0,1,0,0,0,7,0,0,0,0,0,0,0,1,0,0,0
10339,1,0,0,0,0,0,0,4,162,150.1545696888337,1.0,1,4,0,0,0,0,1,0,0,0,9,0,0,0,0,0,0,0,0,0,1,7,0,0,0,0,0,0,0,1,0,0,0
10340,1,1,0,0,0,0,0,3,161,196.7412898490702,1.0,1,2,0,0,1,0,0,0,0,0,8,0,0,0,0,0,0,0,0,1,0,7,0,0,0,0,0,0,0,1,0,0,1
10341,1,1,0,0,1,0,0,6,146,91.71637932701773,1.0,1,6,0,0,0,0,0,0,1,0,6,0,0,0,0,0,0,1,0,0,0,7,0,0,0,0,0,0,0,1,0,0,1
10342,0,1,1,0,1,0,0,16,141,20.12448154026821,0.9418314522017096,1,6,0,0,0,0,0,0,1,0,6,0,0,0,0,0,0,1,0,0,0,7,0,0,0,0,0,0,0,1,0,0,1
10344,1,1,1,0,0,0,0,12,156,56.17966680833661,1.0,1,4,0,0,0,0,1,0,0,0,2,0,0,1,0,0,0,0,0,0,0,7,0,0,0,0,0,0,0,1,0,0,1
10345,0,0,0,0,1,0,0,8,134,22.368243652970648,0.993492322192724,1,4,0,0,0,0,1,0,0,0,9,0,0,0,0,0,0,0,0,0,1,4,0,0,0,0,1,0,0,0,0,0,0
10348,0,1,1,1,0,1,0,23,138,28.653405760633547,0.9999877919863918,1,6,0,0,0,0,0,0,1,0,6,0,0,0,0,0,0,1,0,0,0,7,0,0,0,0,0,0,0,1,0,0,0
10349,1,1,1,0,1,0,0,17,150,64.476189635108,1.0,1,2,0,0,1,0,0,0,0,0,3,0,0,0,1,0,0,0,0,0,0,7,0,0,0,0,0,0,0,1,0,0,1
10350,0,1,1,1,0,0,0,32,150,19.659167339128626,0.9104520777790216,1,6,0,0,0,0,0,0,1,0,6,0,0,0,0,0,0,1,0,0,0,7,0,0,0,0,0,0,0,1,0,0,0
10351,0,1,1,0,0,0,0,4,78,8.34476762488106,0.00012398420654890086,0,6,0,0,0,0,0,0,1,0,6,0,0,0,0,0,0,1,0,0,0,7,0,0,0,0,0,0,0,1,0,0,0
10352,0,0,0,0,1,0,0,7,51,3.560807450012752,1.0369844884051749e-06,0,6,0,0,0,0,0,0,1,0,6,0,0,0,0,0,0,1,0,0,0,7,0,0,0,0,0,0,0,1,0,0,0
10355,1,0,0,1,0,0,0,20,126,129.88910557073686,1.0,1,6,0,0,0,0,0,0,1,0,6,0,0,0,0,0,0,1,0,0,0,7,0,0,0,0,0,0,0,1,0,0,1
10358,1,1,1,0,0,0,0,13,114,34.693094079256795,0.9999999709164789,1,6,0,0,0,0,0,0,1,0,6,0,0,0,0,0,0,1,0,0,0,7,0,0,0,0,0,0,0,1,0,0,1
10359,0,0,0,1,1,0,0,7,176,117.68890627313955,1.0,1,7,0,0,0,0,0,0,0,1,6,0,0,0,0,0,0,1,0,0,0,7,0,0,0,0,0,0,0,1,0,0,1
10360,0,1,1,0,0,0,0,15,128,48.3474845321615,0.9999999999999658,1,4,0,0,0,0,1,0,0,0,9,0,0,0,0,0,0,0,0,0,1,0,1,0,0,0,0,0,0,0,0,0,0
10361,0,1,1,1,0,0,0,7,172,19.56466173779299,0.9024423863658002,1,6,0,0,0,0,0,0,1,0,6,0,0,0,0,0,0,1,0,0,0,7,0,0,0,0,0,0,0,1,0,0,1
10364,0,0,1,0,1,0,0,11,109,13.561341553234909,0.022342724182543152,0,6,0,0,0,0,0,0,1,0,6,0,0,0,0,0,0,1,0,0,0,7,0,0,0,0,0,0,0,1,0,0,0
10365,1,1,0,1,0,0,0,7,163,244.40254639136498,1.0,1,4,0,0,0,0,1,0,0,0,9,0,0,0,0,0,0,0,0,0,1,7,0,0,0,0,0,0,0,1,0,0,0
10366,1,1,0,0,1,0,6,1,62,4.990886347014605,4.3335738512842046e-06,0,6,0,0,0,0,0,0,1,0,6,0,0,0,0,0,0,1,0,0,0,7,0,0,0,0,0,0,0,1,0,0,1
10367,1,1,1,0,1,0,0,17,153,32.38109661772455,0.999999706414495,1,6,0,0,0,0,0,0,1,0,6,0,0,0,0,0,0,1,0,0,0,7,0,0,0,0,0,0,0,1,0,0,1
10368,0,1,1,0,1,1,0,9,158,30.3180840761732,0.9999976895919096,1,4,0,0,0,0,1,0,0,0,9,0,0,0,0,0,0,0,0,0,1,7,0,0,0,0,0,0,0,1,0,0,0
10369,0,1,1,0,1,0,0,6,136,10.566384134919538,0.0011422460176238544,0,6,0,0,0,0,0,0,1,0,6,0,0,0,0,0,0,1,0,0,0,7,0,0,0,0,0,0,0,1,0,0,0
10371,1,1,1,0,0,0,0,12,121,46.72424088718671,0.9999999999998268,1,4,0,0,0,0,1,0,0,0,9,0,0,0,0,0,0,0,0,0,1,7,0,0,0,0,0,0,0,1,0,0,1
10372,0,1,1,1,0,1,1,9,139,16.091520997777707,0.22296354186700654,0,6,0,0,0,0,0,0,1,0,6,0,0,0,0,0,0,1,0,0,0,7,0,0,0,0,0,0,0,1,0,0,0
10374,1,0,0,0,0,0,16,1,70,20.996908640552768,0.9748373194898045,1,6,0,0,0,0,0,0,1,0,6,0,0,0,0,0,0,1,0,0,0,7,0,0,0,0,0,0,0,1,0,0,0
10375,1,1,1,0,1,0,0,19,164,37.86402995478674,0.9999999987795304,1,6,0,0,0,0,0,0,1,0,6,0,0,0,0,0,0,1,0,0,0,7,0,0,0,0,0,0,0,1,0,0,1
10376,0,1,1,1,0,1,4,22,153,28.653405760633547,0.9999877919863918,1,6,0,0,0,0,0,0,1,0,6,0,0,0,0,0,0,1,0,0,0,7,0,0,0,0,0,0,0,1,0,0,0
10377,0,0,0,1,0,0,0,4,132,19.50351428573981,0.8969248999508838,1,6,0,0,0,0,0,0,1,0,6,0,0,0,0,0,0,1,0,0,0,7,0,0,0,0,0,0,0,1,0,0,0
10378,0,1,1,0,1,1,0,12,153,32.99821744763184,0.9999998416119188,1,6,0,0,0,0,0,0,1,0,6,0,0,0,0,0,0,1,0,0,0,7,0,0,0,0,0,0,0,1,0,0,0
10379,0,1,0,1,0,0,0,5,138,33.49885637810624,0.9999999039941272,1,6,0,0,0,0,0,0,1,0,6,0,0,0,0,0,0,1,0,0,0,7,0,0,0,0,0,0,0,1,0,0,1
10380,0,1,1,0,1,0,0,16,103,11.361708009037473,0.002526748609833959,0,4,0,0,0,0,1,0,0,0,2,0,0,1,0,0,0,0,0,0,0,3,0,0,0,1,0,0,0,0,0,0,0
10381,0,1,1,1,0,1,0,26,157,31.744801687214004,0.9999994452799372,1,2,0,0,1,0,0,0,0,0,3,0,0,0,1,0,0,0,0,0,0,7,0,0,0,0,0,0,0,1,0,0,0
10382,1,1,1,0,0,0,0,8,120,25.9687298299127,0.9998211402726882,1,4,0,0,0,0,1,0,0,0,9,0,0,0,0,0,0,0,0,0,1,0,1,0,0,0,0,0,0,0,0,0,1
10383,1,1,1,0,0,0,0,13,141,101.79659531465241,1.0,1,2,0,0,1,0,0,0,0,0,6,0,0,0,0,0,0,1,0,0,0,7,0,0,0,0,0,0,0,1,0,0,1
10384,1,1,1,0,0,2,0,12,129,28.23539915151077,0.9999814569906558,1,4,0,0,0,0,1,0,0,0,9,0,0,0,0,0,0,0,0,0,1,7,0,0,0,0,0,0,0,1,0,0,1
10385,0,0,0,0,0,3,0,9,158,39.334941380063135,0.9999999997196384,1,6,0,0,0,0,0,0,1,0,6,0,0,0,0,0,0,1,0,0,0,7,0,0,0,0,0,0,0,1,0,0,0
10387,0,0,0,0,0,0,0,5,174,59.285654338084825,1.0,1,6,0,0,0,0,0,0,1,0,6,0,0,0,0,0,0,1,0,0,0,7,0,0,0,0,0,0,0,1,0,0,0
10390,1,0,0,0,0,0,0,9,64,9.1128972194811,0.0002672382288580024,0,4,0,0,0,0,1,0,0,0,9,0,0,0,0,0,0,0,0,0,1,1,0,1,0,0,0,0,0,0,0,0,1
10392,0,0,0,0,0,0,0,30,56,28.861052427176816,0.9999900810386642,1,6,0,0,0,0,0,0,1,0,6,0,0,0,0,0,0,1,0,0,0,7,0,0,0,0,0,0,0,1,0,0,0
10393,0,1,1,0,0,1,0,10,133,40.73513025608246,0.9999999999308768,1,6,0,0,0,0,0,0,1,0,6,0,0,0,0,0,0,1,0,0,0,7,0,0,0,0,0,0,0,1,0,0,0
10394,1,1,1,0,0,0,0,10,110,23.33063468601326,0.9975041692432112,1,1,0,1,0,0,0,0,0,0,6,0,0,0,0,0,0,1,0,0,0,7,0,0,0,0,0,0,0,1,0,0,1
10395,0,1,0,0,0,0,0,2,164,42.562435866841774,0.9999999999888818,1,4,0,0,0,0,1,0,0,0,9,0,0,0,0,0,0,0,0,0,1,7,0,0,0,0,0,0,0,1,0,0,0
10396,1,0,0,0,0,0,2,0,65,8.975378639466738,0.0002329109657600484,0,6,0,0,0,0,0,0,1,0,6,0,0,0,0,0,0,1,0,0,0,7,0,0,0,0,0,0,0,1,0,0,0
10398,0,0,0,0,0,0,0,4,107,32.32497638829321,0.9999996894673224,1,4,0,0,0,0,1,0,0,0,9,0,0,0,0,0,0,0,0,0,1,7,0,0,0,0,0,0,0,1,0,0,0
10399,0,1,1,0,0,0,8,13,128,4.669445606569077,3.142293735434059e-06,0,1,0,1,0,0,0,0,0,0,6,0,0,0,0,0,0,1,0,0,0,7,0,0,0,0,0,0,0,1,0,0,0
10401,0,1,1,0,0,0,0,22,157,35.670698827111615,0.9999999890584552,1,4,0,0,0,0,1,0,0,0,2,0,0,1,0,0,0,0,0,0,0,3,0,0,0,1,0,0,0,0,0,0,1
10402,0,1,1,0,0,0,0,13,145,22.173082692419392,0.9921009525490808,1,6,0,0,0,0,0,0,1,0,6,0,0,0,0,0,0,1,0,0,0,7,0,0,0,0,0,0,0,1,0,0,0
10405,0,0,0,1,0,0,0,13,158,44.313165094773,0.9999999999980692,1,6,0,0,0,0,0,0,1,0,6,0,0,0,0,0,0,1,0,0,0,2,0,0,1,0,0,0,0,0,0,0,0
10406,1,1,1,0,0,1,0,11,91,6.5884931903279105,2.141265998950243e-05,0,4,0,0,0,0,1,0,0,0,9,0,0,0,0,0,0,0,0,0,1,5,0,0,0,0,0,1,0,0,0,0,1
10407,0,0,0,1,0,1,0,6,81,3.8455934376243763,1.3786470461773835e-06,0,7,0,0,0,0,0,0,0,1,6,0,0,0,0,0,0,1,0,0,0,7,0,0,0,0,0,0,0,1,0,0,0
10409,1,1,1,0,0,1,0,10,142,49.07728577045515,0.9999999999999836,1,3,0,0,0,1,0,0,0,0,6,0,0,0,0,0,0,1,0,0,0,7,0,0,0,0,0,0,0,1,0,0,0
10410,1,1,1,0,0,0,0,10,124,20.205539505972286,0.9461164032906252,1,6,0,0,0,0,0,0,1,0,6,0,0,0,0,0,0,1,0,0,0,7,0,0,0,0,0,0,0,1,0,0,0
10411,0,1,1,0,0,0,0,30,162,27.733643185750037,0.9999693743851276,1,1,0,1,0,0,0,0,0,0,6,0,0,0,0,0,0,1,0,0,0,7,0,0,0,0,0,0,0,1,0,0,0
10412,1,0,0,1,0,0,1,12,135,100.531682088554,1.0,1,6,0,0,0,0,0,0,1,0,6,0,0,0,0,0,0,1,0,0,0,7,0,0,0,0,0,0,0,1,0,0,1
10413,0,1,1,0,1,2,0,9,122,17.066102876384324,0.4319506081710532,0,4,0,0,0,0,1,0,0,0,9,0,0,0,0,0,0,0,0,0,1,7,0,0,0,0,0,0,0,1,0,0,0
10414,1,0,0,0,0,0,0,4,128,80.28457910984764,1.0,1,0,1,0,0,0,0,0,0,0,6,0,0,0,0,0,0,1,0,0,0,7,0,0,0,0,0,0,0,1,0,0,1
10415,0,1,1,1,1,0,16,18,171,6.642024975889973,2.259012679785368e-05,0,4,0,0,0,0,1,0,0,0,9,0,0,0,0,0,0,0,0,0,1,7,0,0,0,0,0,0,0,1,0,0,0
10416,0,1,1,0,0,0,2,20,143,12.447619978819645,0.007447658790733495,0,6,0,0,0,0,0,0,1,0,6,0,0,0,0,0,0,1,0,0,0,7,0,0,0,0,0,0,0,1,0,0,0
10418,1,0,0,0,1,0,0,4,106,22.285021174007397,0.9929315546639884,1,5,0,0,0,0,0,1,0,0,1,0,1,0,0,0,0,0,0,0,0,7,0,0,0,0,0,0,0,1,0,0,0
10419,0,1,1,1,1,0,0,13,130,6.290143984934487,1.588918443552752e-05,0,4,0,0,0,0,1,0,0,0,9,0,0,0,0,0,0,0,0,0,1,7,0,0,0,0,0,0,0,1,0,0,0
10420,1,0,0,0,1,0,0,2,111,24.484377619213227,0.9992113331717424,1,6,0,0,0,0,0,0,1,0,6,0,0,0,0,0,0,1,0,0,0,7,0,0,0,0,0,0,0,1,0,0,0
10421,1,1,1,0,1,0,0,11,87,9.19017459466055,0.0002887024025341084,0,6,0,0,0,0,0,0,1,0,6,0,0,0,0,0,0,1,0,0,0,7,0,0,0,0,0,0,0,1,0,0,0
10422,0,1,0,0,0,1,0,7,157,78.42431475512528,1.0,1,4,0,0,0,0,1,0,0,0,9,0,0,0,0,0,0,0,0,0,1,2,0,0,1,0,0,0,0,0,0,0,0
10423,0,0,0,0,0,0,0,1,39,2.4155291938479917,3.299016899692432e-07,0,4,0,0,0,0,1,0,0,0,9,0,0,0,0,0,0,0,0,0,1,7,0,0,0,0,0,0,0,1,0,0,0
10424,0,1,0,1,0,0,0,9,168,129.18794299412332,1.0,1,6,0,0,0,0,0,0,1,0,6,0,0,0,0,0,0,1,0,0,0,7,0,0,0,0,0,0,0,1,0,0,0
10426,1,0,0,1,0,0,0,4,140,53.14903246270913,0.9999999999999998,1,6,0,0,0,0,0,0,1,0,6,0,0,0,0,0,0,1,0,0,0,7,0,0,0,0,0,0,0,1,0,0,1
10427,0,1,1,1,1,0,1,18,161,9.038175913199892,0.0002480024035874504,0,2,0,0,1,0,0,0,0,0,8,0,0,0,0,0,0,0,0,1,0,7,0,0,0,0,0,0,0,1,0,0,0
10428,0,1,1,1,0,2,0,19,131,18.228421927130753,0.7085644064036568,1,6,0,0,0,0,0,0,1,0,6,0,0,0,0,0,0,1,0,0,0,7,0,0,0,0,0,0,0,1,0,0,0
10429,0,1,0,0,1,0,0,1,79,4.297200146093655,2.1656239930614016e-06,0,6,0,0,0,0,0,0,1,0,6,0,0,0,0,0,0,1,0,0,0,7,0,0,0,0,0,0,0,1,0,0,0
10430,0,0,0,0,0,0,0,0,133,54.33018838577198,1.0,1,6,0,0,0,0,0,0,1,0,6,0,0,0,0,0,0,1,0,0,0,7,0,0,0,0,0,0,0,1,0,0,0
10431,0,0,0,0,0,0,0,43,68,44.99446728046431,0.9999999999990232,1,6,0,0,0,0,0,0,1,0,6,0,0,0,0,0,0,1,0,0,0,7,0,0,0,0,0,0,0,1,0,0,0
10432,0,1,1,0,1,1,0,16,167,48.16424865863151,0.9999999999999588,1,4,0,0,0,0,1,0,0,0,9,0,0,0,0,0,0,0,0,0,1,7,0,0,0,0,0,0,0,1,0,0,0
10433,1,0,0,0,0,0,0,6,99,30.97259731179385,0.9999987992912044,1,1,0,1,0,0,0,0,0,0,7,0,0,0,0,0,0,0,1,0,0,6,0,0,0,0,0,0,1,0,0,0,1
10434,1,1,1,0,1,1,0,20,166,34.57250754878989,0.9999999671891828,1,2,0,0,1,0,0,0,0,0,3,0,0,0,1,0,0,0,0,0,0,7,0,0,0,0,0,0,0,1,0,0,0
10436,1,1,1,0,0,0,0,8,129,45.606083144011,0.9999999999994702,1,4,0,0,0,0,1,0,0,0,9,0,0,0,0,0,0,0,0,0,1,7,0,0,0,0,0,0,0,1,0,0,1
10439,1,1,1,1,0,0,0,18,114,49.23023791002469,0.9999999999999858,1,6,0,0,0,0,0,0,1,0,6,0,0,0,0,0,0,1,0,0,0,7,0,0,0,0,0,0,0,1,0,0,1
10441,1,1,1,0,0,0,0,6,139,50.814038563890826,0.9999999999999972,1,6,0,0,0,0,0,0,1,0,6,0,0,0,0,0,0,1,0,0,0,7,0,0,0,0,0,0,0,1,0,0,1
10443,1,1,1,0,0,0,0,12,164,50.65309610832361,0.9999999999999968,1,4,0,0,0,0,1,0,0,0,9,0,0,0,0,0,0,0,0,0,1,7,0,0,0,0,0,0,0,1,0,0,1
10444,1,1,1,0,1,0,0,23,166,32.394238145858544,0.9999997102474156,1,4,0,0,0,0,1,0,0,0,9,0,0,0,0,0,0,0,0,0,1,4,0,0,0,0,1,0,0,0,0,0,1
10445,1,1,1,0,0,0,0,17,151,51.72989071461726,0.9999999999999988,1,6,0,0,0,0,0,0,1,0,6,0,0,0,0,0,0,1,0,0,0,7,0,0,0,0,0,0,0,1,0,0,1
10446,1,1,1,0,1,0,0,11,158,12.84187409537999,0.011007325655716042,0,6,0,0,0,0,0,0,1,0,6,0,0,0,0,0,0,1,0,0,0,7,0,0,0,0,0,0,0,1,0,0,1
10448,1,1,1,0,0,0,0,19,111,28.275089558501445,0.9999821785430519,1,4,0,0,0,0,1,0,0,0,9,0,0,0,0,0,0,0,0,0,1,7,0,0,0,0,0,0,0,1,0,0,1
10449,1,0,0,0,1,0,1,13,136,76.03081066136656,1.0,1,6,0,0,0,0,0,0,1,0,6,0,0,0,0,0,0,1,0,0,0,7,0,0,0,0,0,0,0,1,0,0,1
10450,1,0,0,0,0,1,0,23,94,29.301288795080943,0.9999936133148613,1,4,0,0,0,0,1,0,0,0,9,0,0,0,0,0,0,0,0,0,1,7,0,0,0,0,0,0,0,1,0,0,1
10451,1,0,0,0,0,0,0,12,185,87.26582858648013,1.0,1,4,0,0,0,0,1,0,0,0,2,0,0,1,0,0,0,0,0,0,0,7,0,0,0,0,0,0,0,1,0,0,1
10455,1,1,0,1,0,0,0,8,120,41.08880005823078,0.9999999999514682,1,4,0,0,0,0,1,0,0,0,9,0,0,0,0,0,0,0,0,0,1,7,0,0,0,0,0,0,0,1,0,0,1
10456,1,1,1,1,0,0,1,11,163,66.98285875764081,1.0,1,6,0,0,0,0,0,0,1,0,6,0,0,0,0,0,0,1,0,0,0,7,0,0,0,0,0,0,0,1,0,0,1
10457,1,0,0,1,0,0,0,11,168,87.42197259892555,1.0,1,4,0,0,0,0,1,0,0,0,9,0,0,0,0,0,0,0,0,0,1,4,0,0,0,0,1,0,0,0,0,0,1
10458,1,0,0,0,0,0,0,2,71,15.811561355013122,0.17822224552293425,0,4,0,0,0,0,1,0,0,0,9,0,0,0,0,0,0,0,0,0,1,7,0,0,0,0,0,0,0,1,0,0,1
10461,1,0,0,0,0,1,0,8,97,39.406385949115936,0.99999999973897,1,4,0,0,0,0,1,0,0,0,9,0,0,0,0,0,0,0,0,0,1,7,0,0,0,0,0,0,0,1,0,0,1
10462,1,0,0,0,0,0,0,5,142,78.85918154255634,1.0,1,7,0,0,0,0,0,0,0,1,6,0,0,0,0,0,0,1,0,0,0,7,0,0,0,0,0,0,0,1,0,0,1
10464,0,0,0,0,0,0,0,4,173,80.52444220245418,1.0,1,0,1,0,0,0,0,0,0,0,6,0,0,0,0,0,0,1,0,0,0,7,0,0,0,0,0,0,0,1,0,0,1
10466,1,1,1,0,0,0,0,13,155,30.31642977011004,0.9999976857666332,1,4,0,0,0,0,1,0,0,0,9,0,0,0,0,0,0,0,0,0,1,7,0,0,0,0,0,0,0,1,0,0,1
10467,1,0,0,0,0,0,0,3,61,8.458630715452626,0.00013893446252290177,0,4,0,0,0,0,1,0,0,0,9,0,0,0,0,0,0,0,0,0,1,7,0,0,0,0,0,0,0,1,0,0,1
10468,1,1,1,1,0,0,0,13,125,42.53864953471484,0.9999999999886142,1,4,0,0,0,0,1,0,0,0,9,0,0,0,0,0,0,0,0,0,1,7,0,0,0,0,0,0,0,1,0,0,1
10470,1,0,0,1,0,0,0,6,139,77.44808538148469,1.0,1,6,0,0,0,0,0,0,1,0,6,0,0,0,0,0,0,1,0,0,0,7,0,0,0,0,0,0,0,1,0,0,1
10471,1,1,1,0,1,0,0,13,121,11.690032927087627,0.0035053022330000143,0,6,0,0,0,0,0,0,1,0,6,0,0,0,0,0,0,1,0,0,0,7,0,0,0,0,0,0,0,1,0,0,1
10472,0,0,0,0,0,0,0,70,176,231.07988109849325,1.0,1,4,0,0,0,0,1,0,0,0,2,0,0,1,0,0,0,0,0,0,0,7,0,0,0,0,0,0,0,1,0,0,1
10473,1,1,0,1,0,0,0,4,84,14.89997980794961,0.08017142311831123,0,4,0,0,0,0,1,0,0,0,2,0,0,1,0,0,0,0,0,0,0,3,0,0,0,1,0,0,0,0,0,0,1
10478,0,0,0,0,0,0,0,4,99,12.914770814300075,0.011829846674663474,0,4,0,0,0,0,1,0,0,0,9,0,0,0,0,0,0,0,0,0,1,7,0,0,0,0,0,0,0,1,0,0,1
10479,1,1,0,1,1,1,0,8,136,60.32625039711228,1.0,1,6,0,0,0,0,0,0,1,0,6,0,0,0,0,0,0,1,0,0,0,7,0,0,0,0,0,0,0,1,0,0,1
10481,1,0,0,0,0,0,6,3,51,3.4291133082427474,9.090301265600809e-07,0,6,0,0,0,0,0,0,1,0,6,0,0,0,0,0,0,1,0,0,0,7,0,0,0,0,0,0,0,1,0,0,1
10482,0,1,0,1,0,0,1,7,160,43.953861420860385,0.9999999999972348,1,4,0,0,0,0,1,0,0,0,2,0,0,1,0,0,0,0,0,0,0,7,0,0,0,0,0,0,0,1,0,0,1
10483,1,0,0,0,0,0,4,2,83,31.708634442356814,0.9999994248500328,1,6,0,0,0,0,0,0,1,0,6,0,0,0,0,0,0,1,0,0,0,7,0,0,0,0,0,0,0,1,0,0,1
10484,1,0,0,0,0,0,0,9,175,109.2533971357884,1.0,1,4,0,0,0,0,1,0,0,0,9,0,0,0,0,0,0,0,0,0,1,6,0,0,0,0,0,0,1,0,0,0,1
10485,1,1,1,0,1,0,0,18,156,33.70541574155861,0.9999999219109362,1,4,0,0,0,0,1,0,0,0,9,0,0,0,0,0,0,0,0,0,1,7,0,0,0,0,0,0,0,1,0,0,1
10486,1,1,0,0,0,0,0,8,88,20.316804108623167,0.9515151443622804,1,6,0,0,0,0,0,0,1,0,6,0,0,0,0,0,0,1,0,0,0,7,0,0,0,0,0,0,0,1,0,0,1
10487,1,1,1,0,0,0,0,14,110,45.33726390992747,0.9999999999993066,1,6,0,0,0,0,0,0,1,0,6,0,0,0,0,0,0,1,0,0,0,7,0,0,0,0,0,0,0,1,0,0,1
10488,1,1,1,0,1,0,0,42,146,47.756944036469186,0.9999999999999384,1,6,0,0,0,0,0,0,1,0,6,0,0,0,0,0,0,1,0,0,0,7,0,0,0,0,0,0,0,1,0,0,1
10489,1,1,1,0,1,0,0,18,145,23.752387737219358,0.9983615874993972,1,6,0,0,0,0,0,0,1,0,6,0,0,0,0,0,0,1,0,0,0,7,0,0,0,0,0,0,0,1,0,0,1
10490,0,1,1,1,1,0,0,24,161,54.349528315864575,1.0,1,6,0,0,0,0,0,0,1,0,6,0,0,0,0,0,0,1,0,0,0,7,0,0,0,0,0,0,0,1,0,0,1
10492,1,1,1,0,0,0,0,9,113,56.36391011181709,1.0,1,2,0,0,1,0,0,0,0,0,6,0,0,0,0,0,0,1,0,0,0,7,0,0,0,0,0,0,0,1,0,0,1
10496,0,1,1,0,0,0,0,28,159,22.973158535103412,0.9964354925968588,1,5,0,0,0,0,0,1,0,0,1,0,1,0,0,0,0,0,0,0,0,7,0,0,0,0,0,0,0,1,0,0,0
10498,1,1,1,0,1,0,0,15,141,28.82310591723289,0.9999896974201156,1,6,0,0,0,0,0,0,1,0,6,0,0,0,0,0,0,1,0,0,0,7,0,0,0,0,0,0,0,1,0,0,1
10499,1,1,1,0,0,1,0,8,63,4.967564473667505,4.233676641587016e-06,0,4,0,0,0,0,1,0,0,0,9,0,0,0,0,0,0,0,0,0,1,7,0,0,0,0,0,0,0,1,0,0,1
10500,1,1,1,0,0,0,0,11,139,34.30418404612736,0.9999999570909937,1,6,0,0,0,0,0,0,1,0,6,0,0,0,0,0,0,1,0,0,0,7,0,0,0,0,0,0,0,1,0,0,1
10502,1,1,1,0,1,0,0,18,145,23.752387737219358,0.9983615874993972,1,6,0,0,0,0,0,0,1,0,6,0,0,0,0,0,0,1,0,0,0,7,0,0,0,0,0,0,0,1,0,0,1
10503,1,1,1,0,0,0,2,20,116,23.719859982636887,0.9983075090620912,1,4,0,0,0,0,1,0,0,0,9,0,0,0,0,0,0,0,0,0,1,7,0,0,0,0,0,0,0,1,0,0,1
10505,1,1,1,0,0,0,0,6,101,22.44303643568562,0.9939584598017278,1,4,0,0,0,0,1,0,0,0,9,0,0,0,0,0,0,0,0,0,1,7,0,0,0,0,0,0,0,1,0,0,1
10506,1,1,1,0,0,0,0,15,115,13.981695276897462,0.03362426552526293,0,6,0,0,0,0,0,0,1,0,6,0,0,0,0,0,0,1,0,0,0,7,0,0,0,0,0,0,0,1,0,0,1
10508,1,0,0,0,1,0,0,7,164,97.56858126627829,1.0,1,4,0,0,0,0,1,0,0,0,2,0,0,1,0,0,0,0,0,0,0,7,0,0,0,0,0,0,0,1,0,0,1
10511,1,1,1,0,1,0,0,16,113,38.36768117295664,0.9999999992624456,1,6,0,0,0,0,0,0,1,0,6,0,0,0,0,0,0,1,0,0,0,7,0,0,0,0,0,0,0,1,0,0,1
10513,0,0,0,0,0,0,0,5,94,36.56697778269444,0.999999995534916,1,4,0,0,0,0,1,0,0,0,9,0,0,0,0,0,0,0,0,0,1,7,0,0,0,0,0,0,0,1,0,0,1
10515,1,1,1,0,0,0,0,17,159,50.54838548234483,0.9999999999999962,1,6,0,0,0,0,0,0,1,0,6,0,0,0,0,0,0,1,0,0,0,7,0,0,0,0,0,0,0,1,0,0,1
10516,1,1,1,0,1,0,0,18,143,22.018025811844133,0.9907882939593804,1,4,0,0,0,0,1,0,0,0,9,0,0,0,0,0,0,0,0,0,1,9,0,0,0,0,0,0,0,0,0,1,1
10517,1,1,1,0,0,1,0,13,102,23.608564367720994,0.9981086369543218,1,6,0,0,0,0,0,0,1,0,6,0,0,0,0,0,0,1,0,0,0,7,0,0,0,0,0,0,0,1,0,0,1
10518,1,1,1,0,0,0,0,12,121,42.94492501439309,0.9999999999924156,1,4,0,0,0,0,1,0,0,0,9,0,0,0,0,0,0,0,0,0,1,0,1,0,0,0,0,0,0,0,0,0,1
10519,1,1,1,0,1,0,0,15,145,16.433108279737624,0.2876363082953948,0,6,0,0,0,0,0,0,1,0,6,0,0,0,0,0,0,1,0,0,0,7,0,0,0,0,0,0,0,1,0,0,1
10520,1,1,1,0,1,0,0,13,142,57.987710669945976,1.0,1,4,0,0,0,0,1,0,0,0,9,0,0,0,0,0,0,0,0,0,1,0,1,0,0,0,0,0,0,0,0,0,1
10521,1,1,1,0,1,0,0,22,149,21.869810528345603,0.9893323078272014,1,6,0,0,0,0,0,0,1,0,6,0,0,0,0,0,0,1,0,0,0,7,0,0,0,0,0,0,0,1,0,0,1
10522,1,1,1,0,1,0,0,7,138,5.872841185114668,1.0468191463195937e-05,0,6,0,0,0,0,0,0,1,0,6,0,0,0,0,0,0,1,0,0,0,7,0,0,0,0,0,0,0,1,0,0,1
10523,0,0,0,1,0,2,8,4,78,6.103578272589762,1.3184944962192235e-05,0,6,0,0,0,0,0,0,1,0,6,0,0,0,0,0,0,1,0,0,0,7,0,0,0,0,0,0,0,1,0,0,0
10524,1,1,1,0,1,0,0,5,135,52.2443012281346,0.9999999999999992,1,6,0,0,0,0,0,0,1,0,6,0,0,0,0,0,0,1,0,0,0,7,0,0,0,0,0,0,0,1,0,0,1
10525,1,1,1,0,1,0,0,17,146,29.472003833165427,0.9999946156244636,1,6,0,0,0,0,0,0,1,0,6,0,0,0,0,0,0,1,0,0,0,7,0,0,0,0,0,0,0,1,0,0,1
10527,1,1,1,1,0,0,0,10,108,32.78708756798509,0.9999998043792035,1,4,0,0,0,0,1,0,0,0,9,0,0,0,0,0,0,0,0,0,1,7,0,0,0,0,0,0,0,1,0,0,1
10529,1,1,1,0,1,0,0,17,146,28.96808768115136,0.9999910878638107,1,6,0,0,0,0,0,0,1,0,6,0,0,0,0,0,0,1,0,0,0,7,0,0,0,0,0,0,0,1,0,0,1
10533,1,1,1,0,1,0,0,18,113,41.614921329065496,0.9999999999713228,1,6,0,0,0,0,0,0,1,0,6,0,0,0,0,0,0,1,0,0,0,7,0,0,0,0,0,0,0,1,0,0,1
10534,1,1,1,0,1,0,0,8,139,11.590321796717985,0.003173700724959857,0,4,0,0,0,0,1,0,0,0,9,0,0,0,0,0,0,0,0,0,1,0,1,0,0,0,0,0,0,0,0,0,1
10535,0,1,1,0,1,0,0,10,157,36.61703163066226,0.9999999957529092,1,4,0,0,0,0,1,0,0,0,9,0,0,0,0,0,0,0,0,0,1,8,0,0,0,0,0,0,0,0,1,0,1
10536,1,1,1,0,0,0,0,6,105,31.769966578698114,0.99999945906522,1,6,0,0,0,0,0,0,1,0,6,0,0,0,0,0,0,1,0,0,0,7,0,0,0,0,0,0,0,1,0,0,1
10537,0,1,1,0,1,0,0,15,156,12.025414494471722,0.004895236142523396,0,4,0,0,0,0,1,0,0,0,9,0,0,0,0,0,0,0,0,0,1,1,0,1,0,0,0,0,0,0,0,0,0
10540,1,0,1,0,1,0,0,18,137,35.203410494668134,0.9999999825409992,1,5,0,0,0,0,0,1,0,0,1,0,1,0,0,0,0,0,0,0,0,7,0,0,0,0,0,0,0,1,0,0,1
10541,0,1,1,0,1,0,0,10,106,20.187493124854893,0.9451889544668136,1,6,0,0,0,0,0,0,1,0,6,0,0,0,0,0,0,1,0,0,0,7,0,0,0,0,0,0,0,1,0,0,0
10543,1,1,1,0,0,0,0,12,99,20.187493124854893,0.9451889544668136,1,6,0,0,0,0,0,0,1,0,6,0,0,0,0,0,0,1,0,0,0,7,0,0,0,0,0,0,0,1,0,0,0
10544,1,0,0,0,0,0,0,3,63,10.61980664460474,0.0012048515274807358,0,7,0,0,0,0,0,0,0,1,0,1,0,0,0,0,0,0,0,0,0,7,0,0,0,0,0,0,0,1,0,0,1
10545,1,1,1,0,0,0,0,10,96,19.81091486456817,0.9220775237935684,1,6,0,0,0,0,0,0,1,0,6,0,0,0,0,0,0,1,0,0,0,7,0,0,0,0,0,0,0,1,0,0,0
10546,0,0,0,0,0,0,1,5,82,14.177749462748153,0.04061127742332441,0,4,0,0,0,0,1,0,0,0,9,0,0,0,0,0,0,0,0,0,1,7,0,0,0,0,0,0,0,1,0,0,0
10548,0,1,1,0,0,0,0,20,136,10.063456193487589,0.0006910937025434818,0,6,0,0,0,0,0,0,1,0,6,0,0,0,0,0,0,1,0,0,0,7,0,0,0,0,0,0,0,1,0,0,0
10550,1,0,1,0,0,0,0,15,140,64.27016892476337,1.0,1,0,1,0,0,0,0,0,0,0,5,0,0,0,0,0,1,0,0,0,0,7,0,0,0,0,0,0,0,1,0,0,1
10551,1,1,1,0,0,0,0,8,111,32.79481416819622,0.9999998058848626,1,7,0,0,0,0,0,0,0,1,0,1,0,0,0,0,0,0,0,0,0,7,0,0,0,0,0,0,0,1,0,0,1
10552,1,1,1,0,1,0,0,16,148,34.1322373824458,0.9999999490406424,1,6,0,0,0,0,0,0,1,0,6,0,0,0,0,0,0,1,0,0,0,7,0,0,0,0,0,0,0,1,0,0,0
10553,0,0,0,0,1,0,0,14,76,8.559258373177277,0.00015364047250325224,0,6,0,0,0,0,0,0,1,0,6,0,0,0,0,0,0,1,0,0,0,7,0,0,0,0,0,0,0,1,0,0,0
10554,0,1,1,0,1,0,0,10,114,9.472577969964652,0.0003828738573509818,0,4,0,0,0,0,1,0,0,0,9,0,0,0,0,0,0,0,0,0,1,8,0,0,0,0,0,0,0,0,1,0,1
10555,1,1,1,0,1,0,0,8,111,21.911839191714268,0.989766872604884,1,6,0,0,0,0,0,0,1,0,6,0,0,0,0,0,0,1,0,0,0,7,0,0,0,0,0,0,0,1,0,0,1
10557,0,0,0,0,1,3,0,9,124,41.15777628392668,0.9999999999547028,1,4,0,0,0,0,1,0,0,0,9,0,0,0,0,0,0,0,0,0,1,2,0,0,1,0,0,0,0,0,0,0,0
10558,0,0,1,1,0,0,1,7,119,26.306981236605917,0.9998724636047468,1,4,0,0,0,0,1,0,0,0,9,0,0,0,0,0,0,0,0,0,1,7,0,0,0,0,0,0,0,1,0,0,1
10559,0,0,0,1,0,0,0,4,88,14.906464166202948,0.08065090904662453,0,6,0,0,0,0,0,0,1,0,6,0,0,0,0,0,0,1,0,0,0,7,0,0,0,0,0,0,0,1,0,0,0
10560,0,1,1,0,0,0,0,17,113,23.262616383576106,0.997328969664276,1,1,0,1,0,0,0,0,0,0,6,0,0,0,0,0,0,1,0,0,0,7,0,0,0,0,0,0,0,1,0,0,0
10561,1,1,1,0,0,0,0,8,111,32.79481416819622,0.9999998058848626,1,7,0,0,0,0,0,0,0,1,0,1,0,0,0,0,0,0,0,0,0,7,0,0,0,0,0,0,0,1,0,0,1
10562,0,0,1,0,0,0,0,17,108,28.30239064648913,0.9999826584983176,1,4,0,0,0,0,1,0,0,0,6,0,0,0,0,0,0,1,0,0,0,7,0,0,0,0,0,0,0,1,0,0,0
10563,1,1,1,1,1,1,0,6,134,17.660088958204817,0.5793459317919544,1,4,0,0,0,0,1,0,0,0,2,0,0,1,0,0,0,0,0,0,0,7,0,0,0,0,0,0,0,1,0,0,1
10564,0,1,1,0,1,0,0,12,100,3.199933250089125,7.228475657584798e-07,0,4,0,0,0,0,1,0,0,0,9,0,0,0,0,0,0,0,0,0,1,7,0,0,0,0,0,0,0,1,0,0,0
10565,0,0,0,0,0,0,0,1,147,37.260117946217754,0.9999999977674424,1,6,0,0,0,0,0,0,1,0,6,0,0,0,0,0,0,1,0,0,0,7,0,0,0,0,0,0,0,1,0,0,0
10566,0,1,1,0,0,0,0,10,134,26.996670388238325,0.9999360068418,1,6,0,0,0,0,0,0,1,0,6,0,0,0,0,0,0,1,0,0,0,7,0,0,0,0,0,0,0,1,0,0,0
10567,0,0,1,0,0,0,0,1,151,41.985770306334345,0.9999999999802084,1,6,0,0,0,0,0,0,1,0,6,0,0,0,0,0,0,1,0,0,0,7,0,0,0,0,0,0,0,1,0,0,0
10568,1,1,1,0,1,0,0,20,153,30.301376879256374,0.9999976506673024,1,6,0,0,0,0,0,0,1,0,6,0,0,0,0,0,0,1,0,0,0,7,0,0,0,0,0,0,0,1,0,0,1
10570,0,1,1,0,0,0,0,6,93,4.65717218391839,3.1039628627059787e-06,0,4,0,0,0,0,1,0,0,0,9,0,0,0,0,0,0,0,0,0,1,7,0,0,0,0,0,0,0,1,0,0,1
10571,0,1,1,0,1,0,0,7,80,6.271573893385085,1.5596848184373662e-05,0,6,0,0,0,0,0,0,1,0,6,0,0,0,0,0,0,1,0,0,0,7,0,0,0,0,0,0,0,1,0,0,0
10573,0,1,1,0,1,0,0,17,115,24.3701628082656,0.999115994439148,1,4,0,0,0,0,1,0,0,0,9,0,0,0,0,0,0,0,0,0,1,7,0,0,0,0,0,0,0,1,0,0,0
10574,1,1,1,0,0,0,2,6,136,31.07814127799643,0.9999989195601794,1,6,0,0,0,0,0,0,1,0,6,0,0,0,0,0,0,1,0,0,0,7,0,0,0,0,0,0,0,1,0,0,1
10575,1,0,0,1,0,0,2,36,82,22.086338907079707,0.9913913248937984,1,6,0,0,0,0,0,0,1,0,6,0,0,0,0,0,0,1,0,0,0,7,0,0,0,0,0,0,0,1,0,0,1
10576,0,1,1,0,0,0,0,22,162,59.50804295367531,1.0,1,4,0,0,0,0,1,0,0,0,9,0,0,0,0,0,0,0,0,0,1,7,0,0,0,0,0,0,0,1,0,0,0
10578,0,1,1,1,0,0,0,15,123,32.249266788218456,0.9999996650441562,1,4,0,0,0,0,1,0,0,0,9,0,0,0,0,0,0,0,0,0,1,7,0,0,0,0,0,0,0,1,0,0,0
10580,0,0,0,0,0,0,0,0,171,84.84721808611741,1.0,1,1,0,1,0,0,0,0,0,0,7,0,0,0,0,0,0,0,1,0,0,6,0,0,0,0,0,0,1,0,0,0,0
10581,0,1,1,0,1,0,0,13,158,14.213353952934675,0.04202141530203174,0,4,0,0,0,0,1,0,0,0,9,0,0,0,0,0,0,0,0,0,1,1,0,1,0,0,0,0,0,0,0,0,0
10582,1,0,0,1,0,1,0,2,128,43.74346264559982,0.9999999999965872,1,6,0,0,0,0,0,0,1,0,6,0,0,0,0,0,0,1,0,0,0,7,0,0,0,0,0,0,0,1,0,0,1
10583,1,1,1,0,0,0,0,23,158,59.50804295367531,1.0,1,6,0,0,0,0,0,0,1,0,6,0,0,0,0,0,0,1,0,0,0,8,0,0,0,0,0,0,0,0,1,0,0
10584,0,1,1,0,0,0,0,18,118,20.187493124854893,0.9451889544668136,1,6,0,0,0,0,0,0,1,0,6,0,0,0,0,0,0,1,0,0,0,7,0,0,0,0,0,0,0,1,0,0,0
10585,1,1,1,0,0,0,0,7,145,86.26653059533764,1.0,1,6,0,0,0,0,0,0,1,0,6,0,0,0,0,0,0,1,0,0,0,7,0,0,0,0,0,0,0,1,0,0,1
10587,1,1,1,0,0,0,0,16,117,55.06345946334771,1.0,1,4,0,0,0,0,1,0,0,0,6,0,0,0,0,0,0,1,0,0,0,7,0,0,0,0,0,0,0,1,0,0,1
10588,0,0,0,0,1,1,0,6,81,12.730951781527367,0.009863046064509336,0,6,0,0,0,0,0,0,1,0,6,0,0,0,0,0,0,1,0,0,0,7,0,0,0,0,0,0,0,1,0,0,0
10589,0,0,0,0,1,0,0,7,157,32.579945495743196,0.9999997593556541,1,4,0,0,0,0,1,0,0,0,9,0,0,0,0,0,0,0,0,0,1,7,0,0,0,0,0,0,0,1,0,0,0
10590,1,1,1,0,0,0,0,10,160,83.71831040169401,1.0,1,4,0,0,0,0,1,0,0,0,9,0,0,0,0,0,0,0,0,0,1,7,0,0,0,0,0,0,0,1,0,0,1
10591,1,1,1,0,0,0,0,13,164,126.26361369560972,1.0,1,4,0,0,0,0,1,0,0,0,9,0,0,0,0,0,0,0,0,0,1,7,0,0,0,0,0,0,0,1,0,0,1
10592,1,1,1,0,1,0,0,10,105,31.35776219136077,0.999999183111322,1,4,0,0,0,0,1,0,0,0,9,0,0,0,0,0,0,0,0,0,1,5,0,0,0,0,0,1,0,0,0,0,1
10593,1,1,1,0,0,0,0,6,87,23.10502799258467,0.9968744918323141,1,4,0,0,0,0,1,0,0,0,6,0,0,0,0,0,0,1,0,0,0,7,0,0,0,0,0,0,0,1,0,0,1
10596,0,1,1,1,1,0,0,26,161,8.362346220106302,0.00012618266602231834,0,4,0,0,0,0,1,0,0,0,2,0,0,1,0,0,0,0,0,0,0,7,0,0,0,0,0,0,0,1,0,0,0
10598,1,0,0,0,0,0,0,20,172,214.00354611900173,1.0,1,6,0,0,0,0,0,0,1,0,6,0,0,0,0,0,0,1,0,0,0,7,0,0,0,0,0,0,0,1,0,0,1
10599,1,1,1,1,0,0,0,6,135,52.255944255741674,0.9999999999999992,1,4,0,0,0,0,1,0,0,0,9,0,0,0,0,0,0,0,0,0,1,7,0,0,0,0,0,0,0,1,0,0,1
10600,1,0,0,0,0,0,0,9,154,216.86460517462876,1.0,1,4,0,0,0,0,1,0,0,0,6,0,0,0,0,0,0,1,0,0,0,7,0,0,0,0,0,0,0,1,0,0,1
10601,1,1,1,0,0,0,0,6,90,10.578170745747627,0.0011557732298754498,0,4,0,0,0,0,1,0,0,0,9,0,0,0,0,0,0,0,0,0,1,7,0,0,0,0,0,0,0,1,0,0,0
10603,1,1,1,0,0,0,0,12,163,102.46155227371813,1.0,1,6,0,0,0,0,0,0,1,0,6,0,0,0,0,0,0,1,0,0,0,7,0,0,0,0,0,0,0,1,0,0,1
10605,0,0,0,0,0,0,2,4,147,62.41007421375246,1.0,1,6,0,0,0,0,0,0,1,0,6,0,0,0,0,0,0,1,0,0,0,7,0,0,0,0,0,0,0,1,0,0,0
10606,1,1,1,0,1,0,0,12,100,30.48387462309978,0.9999980425668896,1,6,0,0,0,0,0,0,1,0,6,0,0,0,0,0,0,1,0,0,0,7,0,0,0,0,0,0,0,1,0,0,1
10607,0,1,1,0,0,0,0,34,123,30.272537153867184,0.9999975819268936,1,5,0,0,0,0,0,1,0,0,6,0,0,0,0,0,0,1,0,0,0,7,0,0,0,0,0,0,0,1,0,0,1
10608,0,1,1,0,0,0,0,43,78,19.01809301982717,0.8426518503533416,1,6,0,0,0,0,0,0,1,0,6,0,0,0,0,0,0,1,0,0,0,7,0,0,0,0,0,0,0,1,0,0,0
10609,0,1,0,0,0,0,0,1,61,10.834233838306325,0.0014925639878804976,0,6,0,0,0,0,0,0,1,0,6,0,0,0,0,0,0,1,0,0,0,7,0,0,0,0,0,0,0,1,0,0,0
10610,0,0,0,1,0,0,0,3,137,83.40159702848838,1.0,1,6,0,0,0,0,0,0,1,0,6,0,0,0,0,0,0,1,0,0,0,7,0,0,0,0,0,0,0,1,0,0,1
10611,1,1,1,0,0,0,0,23,162,141.11377891287844,1.0,1,6,0,0,0,0,0,0,1,0,6,0,0,0,0,0,0,1,0,0,0,7,0,0,0,0,0,0,0,1,0,0,1
10612,1,1,1,0,0,0,0,12,92,31.75130827702315,0.9999994488775544,1,6,0,0,0,0,0,0,1,0,6,0,0,0,0,0,0,1,0,0,0,7,0,0,0,0,0,0,0,1,0,0,1
10613,1,1,1,0,1,0,0,20,111,37.923632006662345,0.9999999988501472,1,6,0,0,0,0,0,0,1,0,6,0,0,0,0,0,0,1,0,0,0,7,0,0,0,0,0,0,0,1,0,0,1
10615,1,1,1,1,0,0,0,13,125,102.35229414269982,1.0,1,6,0,0,0,0,0,0,1,0,6,0,0,0,0,0,0,1,0,0,0,7,0,0,0,0,0,0,0,1,0,0,1
10616,1,1,1,0,0,0,0,18,164,24.06828416587048,0.9988048457648692,1,4,0,0,0,0,1,0,0,0,9,0,0,0,0,0,0,0,0,0,1,9,0,0,0,0,0,0,0,0,0,1,1
10620,1,1,1,0,0,0,0,15,143,102.89114487566805,1.0,1,6,0,0,0,0,0,0,1,0,6,0,0,0,0,0,0,1,0,0,0,7,0,0,0,0,0,0,0,1,0,0,1
10621,0,0,0,0,0,0,2,4,95,29.74593859016612,0.9999959058141841,1,4,0,0,0,0,1,0,0,0,9,0,0,0,0,0,0,0,0,0,1,7,0,0,0,0,0,0,0,1,0,0,0
10622,1,1,1,0,0,0,0,12,152,117.79096016080848,1.0,1,6,0,0,0,0,0,0,1,0,6,0,0,0,0,0,0,1,0,0,0,7,0,0,0,0,0,0,0,1,0,0,1
10623,1,0,0,0,0,0,0,8,67,31.75130827702315,0.9999994488775544,1,6,0,0,0,0,0,0,1,0,6,0,0,0,0,0,0,1,0,0,0,7,0,0,0,0,0,0,0,1,0,0,1
10625,1,1,1,0,0,0,0,7,144,103.92775013831888,1.0,1,6,0,0,0,0,0,0,1,0,6,0,0,0,0,0,0,1,0,0,0,7,0,0,0,0,0,0,0,1,0,0,1
10626,1,1,1,1,1,0,0,13,173,48.16209462027236,0.9999999999999588,1,4,0,0,0,0,1,0,0,0,9,0,0,0,0,0,0,0,0,0,1,7,0,0,0,0,0,0,0,1,0,0,1
10627,1,1,1,0,1,0,0,25,168,67.15220379989748,1.0,1,2,0,0,1,0,0,0,0,0,3,0,0,0,1,0,0,0,0,0,0,7,0,0,0,0,0,0,0,1,0,0,1
10628,1,1,1,0,1,0,0,20,117,41.818004996712425,0.9999999999765934,1,6,0,0,0,0,0,0,1,0,6,0,0,0,0,0,0,1,0,0,0,7,0,0,0,0,0,0,0,1,0,0,1
10629,0,1,0,0,0,4,0,7,143,39.7342805090435,0.9999999998119438,1,6,0,0,0,0,0,0,1,0,6,0,0,0,0,0,0,1,0,0,0,7,0,0,0,0,0,0,0,1,0,0,0
10630,0,0,0,0,0,0,0,8,167,90.43729831008508,1.0,1,6,0,0,0,0,0,0,1,0,6,0,0,0,0,0,0,1,0,0,0,7,0,0,0,0,0,0,0,1,0,0,0
10631,1,1,1,1,0,0,0,13,120,99.71764374921499,1.0,1,6,0,0,0,0,0,0,1,0,6,0,0,0,0,0,0,1,0,0,0,7,0,0,0,0,0,0,0,1,0,0,1
10632,1,1,1,0,0,0,0,17,164,119.90131428883815,1.0,1,4,0,0,0,0,1,0,0,0,9,0,0,0,0,0,0,0,0,0,1,7,0,0,0,0,0,0,0,1,0,0,1
10636,1,1,1,0,1,0,0,7,151,74.826187093226,1.0,1,4,0,0,0,0,1,0,0,0,9,0,0,0,0,0,0,0,0,0,1,7,0,0,0,0,0,0,0,1,0,0,1
10637,0,1,0,1,0,0,0,10,89,3.733232958186316,1.2321274186870923e-06,0,2,0,0,1,0,0,0,0,0,3,0,0,0,1,0,0,0,0,0,0,7,0,0,0,0,0,0,0,1,0,0,0
10640,0,1,1,0,0,0,6,6,98,6.578158543696433,2.1192511940361813e-05,0,2,0,0,1,0,0,0,0,0,3,0,0,0,1,0,0,0,0,0,0,7,0,0,0,0,0,0,0,1,0,0,0
10641,1,1,1,0,1,1,0,54,156,40.93990586025935,0.9999999999436764,1,6,0,0,0,0,0,0,1,0,6,0,0,0,0,0,0,1,0,0,0,7,0,0,0,0,0,0,0,1,0,0,1
10644,0,0,0,0,0,0,0,1,96,14.275129514226105,0.04457979643519574,0,6,0,0,0,0,0,0,1,0,6,0,0,0,0,0,0,1,0,0,0,7,0,0,0,0,0,0,0,1,0,0,0
10647,1,1,1,0,1,1,0,16,156,52.534813827024315,0.9999999999999996,1,6,0,0,0,0,0,0,1,0,6,0,0,0,0,0,0,1,0,0,0,7,0,0,0,0,0,0,0,1,0,0,1
10648,0,0,0,0,0,0,0,1,137,42.550507521156696,0.9999999999887484,1,6,0,0,0,0,0,0,1,0,6,0,0,0,0,0,0,1,0,0,0,7,0,0,0,0,0,0,0,1,0,0,0
10650,0,1,1,1,1,0,0,10,152,54.949159564220544,1.0,1,6,0,0,0,0,0,0,1,0,6,0,0,0,0,0,0,1,0,0,0,7,0,0,0,0,0,0,0,1,0,0,1
10651,0,1,1,0,0,0,2,5,88,9.805895256920405,0.0005342540196593555,0,6,0,0,0,0,0,0,1,0,6,0,0,0,0,0,0,1,0,0,0,7,0,0,0,0,0,0,0,1,0,0,1
10655,0,1,1,0,0,1,0,15,153,13.98156736921295,0.03362010958254316,0,6,0,0,0,0,0,0,1,0,6,0,0,0,0,0,0,1,0,0,0,7,0,0,0,0,0,0,0,1,0,0,0
10656,0,0,1,0,0,0,0,7,156,48.02281039343554,0.9999999999999528,1,6,0,0,0,0,0,0,1,0,6,0,0,0,0,0,0,1,0,0,0,7,0,0,0,0,0,0,0,1,0,0,1
10657,1,0,1,0,1,0,0,21,143,49.816385565459825,0.9999999999999922,1,4,0,0,0,0,1,0,0,0,9,0,0,0,0,0,0,0,0,0,1,7,0,0,0,0,0,0,0,1,0,0,1
10658,0,0,0,1,0,0,0,1,80,7.982084635142738,8.627232966370431e-05,0,6,0,0,0,0,0,0,1,0,6,0,0,0,0,0,0,1,0,0,0,7,0,0,0,0,0,0,0,1,0,0,0
10659,0,1,0,0,0,0,0,0,26,1.97528526645768,2.124169080569012e-07,0,6,0,0,0,0,0,0,1,0,6,0,0,0,0,0,0,1,0,0,0,7,0,0,0,0,0,0,0,1,0,0,0
10660,0,0,0,0,0,0,0,4,158,58.97345827704972,1.0,1,4,0,0,0,0,1,0,0,0,9,0,0,0,0,0,0,0,0,0,1,7,0,0,0,0,0,0,0,1,0,0,0
10662,0,0,0,1,0,0,0,11,174,86.81216215247784,1.0,1,6,0,0,0,0,0,0,1,0,6,0,0,0,0,0,0,1,0,0,0,7,0,0,0,0,0,0,0,1,0,0,0
10663,0,0,0,0,0,0,0,1,81,15.067664601522946,0.09344019475331153,0,6,0,0,0,0,0,0,1,0,6,0,0,0,0,0,0,1,0,0,0,7,0,0,0,0,0,0,0,1,0,0,0
10665,0,0,0,0,0,0,1,4,87,17.506318976390993,0.5414841602463997,1,4,0,0,0,0,1,0,0,0,9,0,0,0,0,0,0,0,0,0,1,7,0,0,0,0,0,0,0,1,0,0,0
10666,0,0,0,0,0,3,0,3,101,21.557615582956416,0.9854801968961936,1,0,1,0,0,0,0,0,0,0,6,0,0,0,0,0,0,1,0,0,0,7,0,0,0,0,0,0,0,1,0,0,0
10667,1,1,1,0,0,0,0,18,122,17.84160411377928,0.6228362297764938,1,6,0,0,0,0,0,0,1,0,6,0,0,0,0,0,0,1,0,0,0,7,0,0,0,0,0,0,0,1,0,0,1
10669,0,0,0,0,1,0,0,16,146,39.078864657491096,0.9999999996378146,1,0,1,0,0,0,0,0,0,0,5,0,0,0,0,0,1,0,0,0,0,7,0,0,0,0,0,0,0,1,0,0,0
10671,0,0,1,0,0,0,0,4,140,35.56854906349551,0.9999999878816992,1,6,0,0,0,0,0,0,1,0,6,0,0,0,0,0,0,1,0,0,0,7,0,0,0,0,0,0,0,1,0,0,0
10672,0,0,0,1,1,0,0,12,135,17.47947483629239,0.5348122930665808,1,2,0,0,1,0,0,0,0,0,8,0,0,0,0,0,0,0,0,1,0,7,0,0,0,0,0,0,0,1,0,0,0
10673,0,1,0,1,0,0,0,4,89,3.1209973045927675,6.679828326336125e-07,0,6,0,0,0,0,0,0,1,0,6,0,0,0,0,0,0,1,0,0,0,7,0,0,0,0,0,0,0,1,0,0,0
10675,0,0,0,0,1,0,0,6,123,18.437603251233952,0.7498107577590257,1,4,0,0,0,0,1,0,0,0,9,0,0,0,0,0,0,0,0,0,1,7,0,0,0,0,0,0,0,1,0,0,1
10676,1,0,1,1,0,0,2,17,180,254.48713527310085,1.0,1,6,0,0,0,0,0,0,1,0,6,0,0,0,0,0,0,1,0,0,0,7,0,0,0,0,0,0,0,1,0,0,0
10677,1,1,1,1,0,0,0,10,128,52.02555110245907,0.9999999999999992,1,6,0,0,0,0,0,0,1,0,6,0,0,0,0,0,0,1,0,0,0,7,0,0,0,0,0,0,0,1,0,0,1
10678,0,1,0,1,0,0,0,7,109,22.98065222120659,0.9964620099118296,1,4,0,0,0,0,1,0,0,0,9,0,0,0,0,0,0,0,0,0,1,7,0,0,0,0,0,0,0,1,0,0,0
10679,0,0,0,1,0,0,0,10,158,64.69906008846945,1.0,1,6,0,0,0,0,0,0,1,0,6,0,0,0,0,0,0,1,0,0,0,7,0,0,0,0,0,0,0,1,0,0,0
10680,1,0,0,0,0,0,2,2,82,32.736091369005905,0.9999997941445419,1,4,0,0,0,0,1,0,0,0,9,0,0,0,0,0,0,0,0,0,1,7,0,0,0,0,0,0,0,1,0,0,0
10681,1,1,1,0,0,0,0,12,164,106.24086540921236,1.0,1,4,0,0,0,0,1,0,0,0,9,0,0,0,0,0,0,0,0,0,1,7,0,0,0,0,0,0,0,1,0,0,1
10682,1,1,1,0,0,0,0,16,113,12.369889857524472,0.006894518947856777,0,6,0,0,0,0,0,0,1,0,6,0,0,0,0,0,0,1,0,0,0,7,0,0,0,0,0,0,0,1,0,0,0
10684,0,0,0,0,1,0,0,5,140,55.9012145817223,1.0,1,4,0,0,0,0,1,0,0,0,9,0,0,0,0,0,0,0,0,0,1,7,0,0,0,0,0,0,0,1,0,0,1
10685,0,0,0,1,0,0,0,1,97,16.11418514511644,0.22691476332253904,0,2,0,0,1,0,0,0,0,0,6,0,0,0,0,0,0,1,0,0,0,7,0,0,0,0,0,0,0,1,0,0,0
10686,1,0,0,1,0,0,2,2,36,1.2427560504569002,1.0210705128230584e-07,0,6,0,0,0,0,0,0,1,0,6,0,0,0,0,0,0,1,0,0,0,7,0,0,0,0,0,0,0,1,0,0,1
10687,0,0,0,0,0,0,0,1,19,2.444364266258108,3.395529038751736e-07,0,6,0,0,0,0,0,0,1,0,6,0,0,0,0,0,0,1,0,0,0,7,0,0,0,0,0,0,0,1,0,0,0
10688,0,1,0,0,0,0,0,5,130,57.55451421467919,1.0,1,6,0,0,0,0,0,0,1,0,6,0,0,0,0,0,0,1,0,0,0,7,0,0,0,0,0,0,0,1,0,0,0
10689,0,0,0,0,0,0,2,0,86,39.28355975132397,0.9999999997048564,1,6,0,0,0,0,0,0,1,0,6,0,0,0,0,0,0,1,0,0,0,7,0,0,0,0,0,0,0,1,0,0,0
10690,0,0,0,0,0,0,3,7,85,26.42981438384233,0.9998872037186824,1,7,0,0,0,0,0,0,0,1,0,1,0,0,0,0,0,0,0,0,0,7,0,0,0,0,0,0,0,1,0,0,0
10691,0,1,1,0,0,0,2,7,119,10.73678731148419,0.0013541683531615998,0,6,0,0,0,0,0,0,1,0,6,0,0,0,0,0,0,1,0,0,0,7,0,0,0,0,0,0,0,1,0,0,0
10692,1,1,1,0,0,0,0,10,88,15.938995119920412,0.1976567005688852,0,4,0,0,0,0,1,0,0,0,9,0,0,0,0,0,0,0,0,0,1,7,0,0,0,0,0,0,0,1,0,0,1
10693,0,1,0,0,1,0,0,4,121,17.295294286951382,0.48882543280074703,0,6,0,0,0,0,0,0,1,0,6,0,0,0,0,0,0,1,0,0,0,7,0,0,0,0,0,0,0,1,0,0,0
10695,0,1,1,0,0,0,0,69,120,257.9154195391617,1.0,1,4,0,0,0,0,1,0,0,0,9,0,0,0,0,0,0,0,0,0,1,7,0,0,0,0,0,0,0,1,0,0,0
10696,0,0,0,1,0,0,0,13,159,63.11451516455266,1.0,1,7,0,0,0,0,0,0,0,1,0,1,0,0,0,0,0,0,0,0,0,7,0,0,0,0,0,0,0,1,0,0,0
10698,0,0,0,1,0,0,0,17,104,30.67221077737247,0.999998378586728,1,4,0,0,0,0,1,0,0,0,9,0,0,0,0,0,0,0,0,0,1,7,0,0,0,0,0,0,0,1,0,0,0
10700,0,1,1,0,1,0,0,15,131,9.080985418150313,0.0002588469850039452,0,6,0,0,0,0,0,0,1,0,6,0,0,0,0,0,0,1,0,0,0,7,0,0,0,0,0,0,0,1,0,0,0
10702,1,1,1,0,0,0,0,9,133,31.561545097825483,0.9999993337132904,1,6,0,0,0,0,0,0,1,0,6,0,0,0,0,0,0,1,0,0,0,7,0,0,0,0,0,0,0,1,0,0,0
10704,0,0,0,0,1,0,0,4,159,40.30757266443352,0.9999999998939989,1,4,0,0,0,0,1,0,0,0,9,0,0,0,0,0,0,0,0,0,1,7,0,0,0,0,0,0,0,1,0,0,0
10705,0,0,0,0,0,0,1,18,175,63.02024060693922,1.0,1,4,0,0,0,0,1,0,0,0,9,0,0,0,0,0,0,0,0,0,1,7,0,0,0,0,0,0,0,1,0,0,1
10706,0,0,0,1,0,0,0,1,61,4.230339351454386,2.0255633995323183e-06,0,4,0,0,0,0,1,0,0,0,9,0,0,0,0,0,0,0,0,0,1,7,0,0,0,0,0,0,0,1,0,0,0
10707,0,0,0,0,0,0,6,8,139,43.163329719366466,0.9999999999939037,1,4,0,0,0,0,1,0,0,0,9,0,0,0,0,0,0,0,0,0,1,7,0,0,0,0,0,0,0,1,0,0,0
10708,0,0,0,0,0,0,0,1,40,2.5140311037781085,3.6405194979578243e-07,0,6,0,0,0,0,0,0,1,0,6,0,0,0,0,0,0,1,0,0,0,7,0,0,0,0,0,0,0,1,0,0,0
10709,0,0,0,0,0,0,0,3,75,24.21444823255619,0.9989671998430009,1,6,0,0,0,0,0,0,1,0,6,0,0,0,0,0,0,1,0,0,0,7,0,0,0,0,0,0,0,1,0,0,0
10710,0,0,0,0,0,0,0,4,89,48.091889636056976,0.9999999999999558,1,4,0,0,0,0,1,0,0,0,9,0,0,0,0,0,0,0,0,0,1,5,0,0,0,0,0,1,0,0,0,0,0
10711,1,1,0,1,0,0,0,7,78,66.87174721762149,1.0,1,6,0,0,0,0,0,0,1,0,6,0,0,0,0,0,0,1,0,0,0,7,0,0,0,0,0,0,0,1,0,0,0
10712,0,1,1,0,0,0,0,16,158,36.55465717489025,0.9999999954795632,1,4,0,0,0,0,1,0,0,0,9,0,0,0,0,0,0,0,0,0,1,7,0,0,0,0,0,0,0,1,0,0,0
10715,1,0,0,0,1,0,0,7,92,52.271431041451,0.9999999999999992,1,6,0,0,0,0,0,0,1,0,6,0,0,0,0,0,0,1,0,0,0,7,0,0,0,0,0,0,0,1,0,0,1
10718,0,0,0,0,0,0,0,5,141,71.42585303865634,1.0,1,4,0,0,0,0,1,0,0,0,9,0,0,0,0,0,0,0,0,0,1,7,0,0,0,0,0,0,0,1,0,0,0
10720,0,0,0,1,1,0,0,13,133,10.973566381598433,0.001715328931102059,0,6,0,0,0,0,0,0,1,0,6,0,0,0,0,0,0,1,0,0,0,7,0,0,0,0,0,0,0,1,0,0,0
10721,0,1,1,0,0,2,0,4,131,28.890959043515487,0.9999903732865252,1,0,1,0,0,0,0,0,0,0,6,0,0,0,0,0,0,1,0,0,0,7,0,0,0,0,0,0,0,1,0,0,0
10722,1,1,1,0,0,0,0,7,69,8.440409923626357,0.00013642623232973958,0,0,1,0,0,0,0,0,0,0,6,0,0,0,0,0,0,1,0,0,0,7,0,0,0,0,0,0,0,1,0,0,1
10723,0,1,1,0,1,0,0,15,150,10.825737097865943,0.0014799544735088945,0,4,0,0,0,0,1,0,0,0,9,0,0,0,0,0,0,0,0,0,1,7,0,0,0,0,0,0,0,1,0,0,0
10724,0,1,1,0,0,0,1,6,101,4.447024917972282,2.515654379286081e-06,0,6,0,0,0,0,0,0,1,0,6,0,0,0,0,0,0,1,0,0,0,7,0,0,0,0,0,0,0,1,0,0,1
10726,0,0,0,0,0,0,0,0,92,24.750044925010982,0.9993952224693508,1,6,0,0,0,0,0,0,1,0,6,0,0,0,0,0,0,1,0,0,0,7,0,0,0,0,0,0,0,1,0,0,0
10727,0,1,0,0,0,0,1,3,147,66.89315562480824,1.0,1,6,0,0,0,0,0,0,1,0,6,0,0,0,0,0,0,1,0,0,0,7,0,0,0,0,0,0,0,1,0,0,0
10729,1,0,0,0,1,0,0,3,70,25.948092784172182,0.999817411466842,1,2,0,0,1,0,0,0,0,0,8,0,0,0,0,0,0,0,0,1,0,7,0,0,0,0,0,0,0,1,0,0,0
10730,0,0,0,1,0,0,0,15,145,37.912069459787936,0.9999999988367748,1,6,0,0,0,0,0,0,1,0,6,0,0,0,0,0,0,1,0,0,0,7,0,0,0,0,0,0,0,1,0,0,0
10731,0,0,0,1,0,0,0,5,61,4.657858667639194,3.1060944076144038e-06,0,4,0,0,0,0,1,0,0,0,2,0,0,1,0,0,0,0,0,0,0,7,0,0,0,0,0,0,0,1,0,0,0
10732,0,1,1,0,0,0,0,15,117,9.825266253122763,0.0005446982460956943,0,4,0,0,0,0,1,0,0,0,9,0,0,0,0,0,0,0,0,0,1,7,0,0,0,0,0,0,0,1,0,0,1
10733,0,0,0,0,0,0,0,1,60,3.779094661651472,1.2899506085106094e-06,0,6,0,0,0,0,0,0,1,0,6,0,0,0,0,0,0,1,0,0,0,7,0,0,0,0,0,0,0,1,0,0,0
10735,1,1,1,0,0,0,0,16,152,83.27854733621645,1.0,1,1,0,1,0,0,0,0,0,0,4,0,0,0,0,1,0,0,0,0,0,7,0,0,0,0,0,0,0,1,0,0,1
10736,1,1,1,0,0,0,0,20,118,30.478351270574603,0.9999980317254046,1,1,0,1,0,0,0,0,0,0,6,0,0,0,0,0,0,1,0,0,0,7,0,0,0,0,0,0,0,1,0,0,1
10737,1,1,1,0,0,0,0,13,146,72.30139848081922,1.0,1,6,0,0,0,0,0,0,1,0,6,0,0,0,0,0,0,1,0,0,0,7,0,0,0,0,0,0,0,1,0,0,1
10739,1,1,1,0,0,0,0,6,121,40.89020455525802,0.9999999999408062,1,5,0,0,0,0,0,1,0,0,1,0,1,0,0,0,0,0,0,0,0,7,0,0,0,0,0,0,0,1,0,0,1
10741,1,1,1,0,0,0,0,13,146,72.30139848081922,1.0,1,6,0,0,0,0,0,0,1,0,6,0,0,0,0,0,0,1,0,0,0,7,0,0,0,0,0,0,0,1,0,0,1
10743,1,1,1,0,1,0,0,16,158,66.36113386944893,1.0,1,6,0,0,0,0,0,0,1,0,6,0,0,0,0,0,0,1,0,0,0,7,0,0,0,0,0,0,0,1,0,0,1
10744,1,1,1,0,0,0,0,14,152,83.27854733621645,1.0,1,1,0,1,0,0,0,0,0,0,4,0,0,0,0,1,0,0,0,0,0,7,0,0,0,0,0,0,0,1,0,0,1
10745,1,1,1,0,0,0,0,13,152,89.11122332593986,1.0,1,1,0,1,0,0,0,0,0,0,4,0,0,0,0,1,0,0,0,0,0,7,0,0,0,0,0,0,0,1,0,0,1
10746,1,0,0,0,0,0,0,17,149,222.72806136024255,1.0,1,6,0,0,0,0,0,0,1,0,6,0,0,0,0,0,0,1,0,0,0,7,0,0,0,0,0,0,0,1,0,0,1
10747,1,1,1,0,1,0,0,8,147,68.02069469417711,1.0,1,6,0,0,0,0,0,0,1,0,6,0,0,0,0,0,0,1,0,0,0,7,0,0,0,0,0,0,0,1,0,0,1
10748,1,1,1,0,0,0,0,13,108,19.429130319701823,0.8898422058163117,1,0,1,0,0,0,0,0,0,0,6,0,0,0,0,0,0,1,0,0,0,7,0,0,0,0,0,0,0,1,0,0,1
10749,1,1,1,0,0,0,0,15,146,72.30139848081922,1.0,1,6,0,0,0,0,0,0,1,0,6,0,0,0,0,0,0,1,0,0,0,7,0,0,0,0,0,0,0,1,0,0,1
10750,1,1,1,0,0,0,0,15,165,81.04253020377278,1.0,1,1,0,1,0,0,0,0,0,0,4,0,0,0,0,1,0,0,0,0,0,7,0,0,0,0,0,0,0,1,0,0,1
10751,1,1,1,1,0,1,0,13,153,56.21639370903032,1.0,1,1,0,1,0,0,0,0,0,0,6,0,0,0,0,0,0,1,0,0,0,7,0,0,0,0,0,0,0,1,0,0,1
10752,1,1,1,0,0,0,0,12,152,83.27854733621645,1.0,1,1,0,1,0,0,0,0,0,0,4,0,0,0,0,1,0,0,0,0,0,7,0,0,0,0,0,0,0,1,0,0,1
10753,1,1,1,0,0,0,0,17,152,83.27854733621645,1.0,1,1,0,1,0,0,0,0,0,0,4,0,0,0,0,1,0,0,0,0,0,7,0,0,0,0,0,0,0,1,0,0,1
10754,1,1,0,0,0,0,0,10,76,33.53303814473338,0.9999999072203248,1,6,0,0,0,0,0,0,1,0,6,0,0,0,0,0,0,1,0,0,0,7,0,0,0,0,0,0,0,1,0,0,1
10755,1,1,1,0,0,0,1,23,146,44.06457750855816,0.9999999999975244,1,6,0,0,0,0,0,0,1,0,6,0,0,0,0,0,0,1,0,0,0,7,0,0,0,0,0,0,0,1,0,0,1
10759,1,1,1,1,0,0,0,12,131,46.68515785697592,0.99999999999982,1,4,0,0,0,0,1,0,0,0,9,0,0,0,0,0,0,0,0,0,1,0,1,0,0,0,0,0,0,0,0,0,1
10760,1,1,1,0,0,0,0,13,146,72.30139848081922,1.0,1,6,0,0,0,0,0,0,1,0,6,0,0,0,0,0,0,1,0,0,0,7,0,0,0,0,0,0,0,1,0,0,1
10763,1,1,0,0,0,0,0,3,147,148.31542092989685,1.0,1,6,0,0,0,0,0,0,1,0,6,0,0,0,0,0,0,1,0,0,0,7,0,0,0,0,0,0,0,1,0,0,1
10764,1,1,1,0,0,0,0,18,166,85.42791074520187,1.0,1,3,0,0,0,1,0,0,0,0,6,0,0,0,0,0,0,1,0,0,0,7,0,0,0,0,0,0,0,1,0,0,1
10765,1,1,1,0,1,0,0,13,153,77.30238535994151,1.0,1,6,0,0,0,0,0,0,1,0,6,0,0,0,0,0,0,1,0,0,0,7,0,0,0,0,0,0,0,1,0,0,1
10766,1,1,1,0,0,0,0,20,152,83.27854733621645,1.0,1,1,0,1,0,0,0,0,0,0,4,0,0,0,0,1,0,0,0,0,0,7,0,0,0,0,0,0,0,1,0,0,1
10767,1,1,1,0,0,0,0,15,148,78.41039852478376,1.0,1,6,0,0,0,0,0,0,1,0,6,0,0,0,0,0,0,1,0,0,0,7,0,0,0,0,0,0,0,1,0,0,1
10768,1,1,1,0,1,0,0,12,94,4.135792845315754,1.842828391077916e-06,0,6,0,0,0,0,0,0,1,0,6,0,0,0,0,0,0,1,0,0,0,7,0,0,0,0,0,0,0,1,0,0,1
10769,1,1,1,0,0,3,0,23,119,41.059042429241316,0.9999999999500022,1,6,0,0,0,0,0,0,1,0,6,0,0,0,0,0,0,1,0,0,0,7,0,0,0,0,0,0,0,1,0,0,1
10770,1,1,1,0,1,0,0,12,153,77.30238535994151,1.0,1,6,0,0,0,0,0,0,1,0,6,0,0,0,0,0,0,1,0,0,0,7,0,0,0,0,0,0,0,1,0,0,1
10771,1,1,0,0,0,0,0,10,76,33.862610652400896,0.9999999332699672,1,1,0,1,0,0,0,0,0,0,4,0,0,0,0,1,0,0,0,0,0,7,0,0,0,0,0,0,0,1,0,0,1
10772,1,1,1,0,0,0,0,13,152,83.27854733621645,1.0,1,1,0,1,0,0,0,0,0,0,4,0,0,0,0,1,0,0,0,0,0,7,0,0,0,0,0,0,0,1,0,0,1
10774,1,1,1,0,0,0,0,18,119,32.998857011438645,0.999999841713186,1,6,0,0,0,0,0,0,1,0,6,0,0,0,0,0,0,1,0,0,0,7,0,0,0,0,0,0,0,1,0,0,1
10775,1,1,1,0,0,0,0,15,152,83.27854733621645,1.0,1,1,0,1,0,0,0,0,0,0,4,0,0,0,0,1,0,0,0,0,0,7,0,0,0,0,0,0,0,1,0,0,1
10776,1,1,0,0,0,0,0,10,75,32.417908880963175,0.9999997170255324,1,1,0,1,0,0,0,0,0,0,4,0,0,0,0,1,0,0,0,0,0,7,0,0,0,0,0,0,0,1,0,0,1
10777,1,1,1,0,0,0,0,16,146,72.30139848081922,1.0,1,6,0,0,0,0,0,0,1,0,6,0,0,0,0,0,0,1,0,0,0,7,0,0,0,0,0,0,0,1,0,0,1
10779,1,1,1,0,0,0,0,16,157,81.04253020377278,1.0,1,6,0,0,0,0,0,0,1,0,6,0,0,0,0,0,0,1,0,0,0,7,0,0,0,0,0,0,0,1,0,0,1
10780,1,1,1,0,0,0,0,13,152,83.27854733621645,1.0,1,1,0,1,0,0,0,0,0,0,4,0,0,0,0,1,0,0,0,0,0,7,0,0,0,0,0,0,0,1,0,0,1
10782,1,1,1,0,0,0,0,18,161,77.8815345410492,1.0,1,1,0,1,0,0,0,0,0,0,4,0,0,0,0,1,0,0,0,0,0,7,0,0,0,0,0,0,0,1,0,0,1
10783,1,1,0,1,0,0,0,8,105,44.27123040582535,0.9999999999979868,1,1,0,1,0,0,0,0,0,0,6,0,0,0,0,0,0,1,0,0,0,7,0,0,0,0,0,0,0,1,0,0,1
10784,1,1,1,0,0,0,0,17,152,83.27854733621645,1.0,1,1,0,1,0,0,0,0,0,0,4,0,0,0,0,1,0,0,0,0,0,7,0,0,0,0,0,0,0,1,0,0,1
10785,0,1,0,1,0,0,0,10,130,14.394222393820407,0.04993645350563872,0,4,0,0,0,0,1,0,0,0,9,0,0,0,0,0,0,0,0,0,1,7,0,0,0,0,0,0,0,1,0,0,0
10786,0,0,0,0,0,0,0,3,158,43.65219825534844,0.999999999996261,1,6,0,0,0,0,0,0,1,0,6,0,0,0,0,0,0,1,0,0,0,7,0,0,0,0,0,0,0,1,0,0,0
10787,0,0,0,0,0,0,0,0,102,17.363993176296596,0.5059980063362968,1,6,0,0,0,0,0,0,1,0,6,0,0,0,0,0,0,1,0,0,0,7,0,0,0,0,0,0,0,1,0,0,0
10788,0,1,0,0,0,0,0,5,122,38.023858071240966,0.9999999989598054,1,4,0,0,0,0,1,0,0,0,9,0,0,0,0,0,0,0,0,0,1,7,0,0,0,0,0,0,0,1,0,0,0
10789,0,1,1,0,0,0,0,6,141,20.070854090178766,0.938822909772202,1,4,0,0,0,0,1,0,0,0,9,0,0,0,0,0,0,0,0,0,1,7,0,0,0,0,0,0,0,1,0,0,0
10790,0,1,1,0,0,0,0,15,96,3.304230806183888,8.023106209656348e-07,0,6,0,0,0,0,0,0,1,0,6,0,0,0,0,0,0,1,0,0,0,7,0,0,0,0,0,0,0,1,0,0,0
10793,0,0,0,1,1,0,0,3,106,13.184474061923282,0.015435552005167948,0,6,0,0,0,0,0,0,1,0,6,0,0,0,0,0,0,1,0,0,0,7,0,0,0,0,0,0,0,1,0,0,0
10794,0,0,0,0,0,0,0,4,55,12.702638821596944,0.009590350783027423,0,6,0,0,0,0,0,0,1,0,6,0,0,0,0,0,0,1,0,0,0,7,0,0,0,0,0,0,0,1,0,0,0
10795,1,1,1,0,0,0,0,9,93,9.004041854226761,0.00023968191773915702,0,7,0,0,0,0,0,0,0,1,6,0,0,0,0,0,0,1,0,0,0,7,0,0,0,0,0,0,0,1,0,0,0
10798,0,1,1,0,1,0,0,11,103,2.058860213122398,2.3093258292963728e-07,0,6,0,0,0,0,0,0,1,0,6,0,0,0,0,0,0,1,0,0,0,7,0,0,0,0,0,0,0,1,0,0,0
10799,0,1,1,0,1,0,0,12,127,4.145082489303243,1.8600273412957546e-06,0,6,0,0,0,0,0,0,1,0,6,0,0,0,0,0,0,1,0,0,0,7,0,0,0,0,0,0,0,1,0,0,0
10800,0,1,1,0,0,0,0,17,137,4.0532098918216315,1.6967569506246852e-06,0,4,0,0,0,0,1,0,0,0,9,0,0,0,0,0,0,0,0,0,1,7,0,0,0,0,0,0,0,1,0,0,0
10802,0,0,0,0,0,0,0,3,82,18.80417299514248,0.8121700939269147,1,6,0,0,0,0,0,0,1,0,6,0,0,0,0,0,0,1,0,0,0,7,0,0,0,0,0,0,0,1,0,0,0
10803,0,0,0,0,0,0,0,4,79,12.958864347744663,0.012356547717141252,0,6,0,0,0,0,0,0,1,0,6,0,0,0,0,0,0,1,0,0,0,7,0,0,0,0,0,0,0,1,0,0,0
10805,0,0,1,0,1,0,0,6,66,1.7065248020240893,1.623558411440572e-07,0,6,0,0,0,0,0,0,1,0,6,0,0,0,0,0,0,1,0,0,0,7,0,0,0,0,0,0,0,1,0,0,0
10808,1,1,1,0,0,0,0,4,74,11.568353053008122,0.0031049529078448785,0,6,0,0,0,0,0,0,1,0,6,0,0,0,0,0,0,1,0,0,0,7,0,0,0,0,0,0,0,1,0,0,1
10809,0,0,0,0,0,0,0,8,47,5.110459976995163,4.884005346486984e-06,0,6,0,0,0,0,0,0,1,0,6,0,0,0,0,0,0,1,0,0,0,7,0,0,0,0,0,0,0,1,0,0,0
10810,0,0,0,1,0,0,0,5,39,1.522670782101999,1.3508935980696086e-07,0,6,0,0,0,0,0,0,1,0,6,0,0,0,0,0,0,1,0,0,0,7,0,0,0,0,0,0,0,1,0,0,0
10811,0,0,0,0,0,0,0,0,35,2.4806414243074686,3.520970715949773e-07,0,6,0,0,0,0,0,0,1,0,6,0,0,0,0,0,0,1,0,0,0,7,0,0,0,0,0,0,0,1,0,0,0
10812,0,0,0,0,0,0,0,1,34,2.2483261249240307,2.791060124989531e-07,0,6,0,0,0,0,0,0,1,0,6,0,0,0,0,0,0,1,0,0,0,7,0,0,0,0,0,0,0,1,0,0,0
10813,0,0,0,1,0,0,2,0,126,27.21188283173079,0.9999483971903238,1,6,0,0,0,0,0,0,1,0,6,0,0,0,0,0,0,1,0,0,0,7,0,0,0,0,0,0,0,1,0,0,0
10814,0,1,0,0,0,0,2,1,57,4.828327030361633,3.683391403869207e-06,0,6,0,0,0,0,0,0,1,0,6,0,0,0,0,0,0,1,0,0,0,7,0,0,0,0,0,0,0,1,0,0,0
10815,0,1,1,0,0,0,0,15,118,4.634858090920263,3.035467999392152e-06,0,4,0,0,0,0,1,0,0,0,9,0,0,0,0,0,0,0,0,0,1,7,0,0,0,0,0,0,0,1,0,0,0
10817,0,0,0,0,0,0,0,2,38,1.9793107445260203,2.1327371084267164e-07,0,6,0,0,0,0,0,0,1,0,6,0,0,0,0,0,0,1,0,0,0,7,0,0,0,0,0,0,0,1,0,0,0
10818,0,0,0,0,0,0,0,2,146,42.58548016288425,0.9999999999891352,1,6,0,0,0,0,0,0,1,0,6,0,0,0,0,0,0,1,0,0,0,7,0,0,0,0,0,0,0,1,0,0,0
10819,0,0,0,1,0,0,0,5,114,17.841246519030914,0.6227522230542022,1,2,0,0,1,0,0,0,0,0,8,0,0,0,0,0,0,0,0,1,0,7,0,0,0,0,0,0,0,1,0,0,0
10821,0,1,1,0,1,0,0,7,107,3.6182049014313207,1.09824599938482e-06,0,4,0,0,0,0,1,0,0,0,9,0,0,0,0,0,0,0,0,0,1,0,1,0,0,0,0,0,0,0,0,0,0
10822,0,0,0,1,0,0,4,4,89,8.480503925797224,0.00014200644831359032,0,2,0,0,1,0,0,0,0,0,8,0,0,0,0,0,0,0,0,1,0,7,0,0,0,0,0,0,0,1,0,0,0
10823,1,0,0,1,0,0,1,5,71,9.989148472420077,0.0006416334503330655,0,4,0,0,0,0,1,0,0,0,9,0,0,0,0,0,0,0,0,0,1,7,0,0,0,0,0,0,0,1,0,0,0
10824,0,1,1,0,0,1,0,6,102,7.547155939544799,5.584671185670059e-05,0,4,0,0,0,0,1,0,0,0,9,0,0,0,0,0,0,0,0,0,1,8,0,0,0,0,0,0,0,0,1,0,0
10825,0,1,1,0,0,0,0,9,78,4.664509609572053,3.12682164799244e-06,0,6,0,0,0,0,0,0,1,0,6,0,0,0,0,0,0,1,0,0,0,7,0,0,0,0,0,0,0,1,0,0,0
10826,0,1,1,0,0,0,0,8,62,6.556132504436798,2.073083761051705e-05,0,6,0,0,0,0,0,0,1,0,6,0,0,0,0,0,0,1,0,0,0,7,0,0,0,0,0,0,0,1,0,0,0
10827,0,1,1,0,0,0,0,3,58,3.2795987853781914,7.827895136915049e-07,0,6,0,0,0,0,0,0,1,0,6,0,0,0,0,0,0,1,0,0,0,7,0,0,0,0,0,0,0,1,0,0,0
10829,0,1,0,1,1,0,0,7,138,18.117706704367908,0.6851856458864972,1,6,0,0,0,0,0,0,1,0,6,0,0,0,0,0,0,1,0,0,0,7,0,0,0,0,0,0,0,1,0,0,0
10830,0,1,0,1,0,0,0,1,57,3.06445425056354,6.312610316062307e-07,0,6,0,0,0,0,0,0,1,0,6,0,0,0,0,0,0,1,0,0,0,7,0,0,0,0,0,0,0,1,0,0,0
10831,0,0,0,0,0,0,0,3,133,35.78885308074826,0.9999999902777922,1,4,0,0,0,0,1,0,0,0,2,0,0,1,0,0,0,0,0,0,0,7,0,0,0,0,0,0,0,1,0,0,0
10832,0,1,1,0,1,0,0,10,109,2.9267527312965584,5.500548597146013e-07,0,4,0,0,0,0,1,0,0,0,2,0,0,1,0,0,0,0,0,0,0,3,0,0,0,1,0,0,0,0,0,0,0
10833,0,0,1,1,0,0,0,13,120,11.61355779489824,0.0032480659325748213,0,7,0,0,0,0,0,0,0,1,0,1,0,0,0,0,0,0,0,0,0,7,0,0,0,0,0,0,0,1,0,0,0
10834,0,1,1,0,0,0,0,14,89,3.5899149812175173,1.0676120992016636e-06,0,6,0,0,0,0,0,0,1,0,6,0,0,0,0,0,0,1,0,0,0,7,0,0,0,0,0,0,0,1,0,0,0
10835,1,1,1,0,0,0,0,16,132,68.51569619146927,1.0,1,6,0,0,0,0,0,0,1,0,6,0,0,0,0,0,0,1,0,0,0,7,0,0,0,0,0,0,0,1,0,0,1
10837,0,1,1,0,1,2,0,10,129,3.3366126521237645,8.287161204424768e-07,0,6,0,0,0,0,0,0,1,0,6,0,0,0,0,0,0,1,0,0,0,7,0,0,0,0,0,0,0,1,0,0,0
10839,1,1,1,0,0,0,0,11,71,8.87550616251349,0.00021077809975422968,0,6,0,0,0,0,0,0,1,0,6,0,0,0,0,0,0,1,0,0,0,7,0,0,0,0,0,0,0,1,0,0,1
10840,1,1,1,0,1,0,2,22,99,14.589767282791607,0.060073508525454386,0,6,0,0,0,0,0,0,1,0,6,0,0,0,0,0,0,1,0,0,0,7,0,0,0,0,0,0,0,1,0,0,1
10841,0,0,0,0,0,1,0,1,20,0.3625642833696036,4.2344141573851673e-08,0,6,0,0,0,0,0,0,1,0,6,0,0,0,0,0,0,1,0,0,0,7,0,0,0,0,0,0,0,1,0,0,0
10842,1,1,1,0,1,0,0,23,134,21.458863276408454,0.983997261913078,1,6,0,0,0,0,0,0,1,0,6,0,0,0,0,0,0,1,0,0,0,7,0,0,0,0,0,0,0,1,0,0,1
10843,1,0,0,0,0,0,0,1,16,1.8521218614027888,1.8780186744988289e-07,0,6,0,0,0,0,0,0,1,0,6,0,0,0,0,0,0,1,0,0,0,7,0,0,0,0,0,0,0,1,0,0,1
10844,1,1,1,0,1,0,0,83,147,44.44439002650747,0.9999999999983068,1,6,0,0,0,0,0,0,1,0,6,0,0,0,0,0,0,1,0,0,0,7,0,0,0,0,0,0,0,1,0,0,1
10846,1,0,0,0,0,0,1,4,81,34.227049114402554,0.999999953650214,1,6,0,0,0,0,0,0,1,0,6,0,0,0,0,0,0,1,0,0,0,7,0,0,0,0,0,0,0,1,0,0,0
10847,1,1,0,0,0,0,0,4,138,77.60884561124044,1.0,1,6,0,0,0,0,0,0,1,0,6,0,0,0,0,0,0,1,0,0,0,7,0,0,0,0,0,0,0,1,0,0,1
10848,0,0,0,0,0,0,0,1,62,12.426641965066645,0.007294176825153106,0,6,0,0,0,0,0,0,1,0,6,0,0,0,0,0,0,1,0,0,0,7,0,0,0,0,0,0,0,1,0,0,0
10849,1,0,0,0,0,0,2,2,93,49.32474519807865,0.9999999999999872,1,6,0,0,0,0,0,0,1,0,6,0,0,0,0,0,0,1,0,0,0,7,0,0,0,0,0,0,0,1,0,0,1
10850,1,1,1,0,1,0,0,18,109,19.359317652866075,0.8828104345398067,1,6,0,0,0,0,0,0,1,0,6,0,0,0,0,0,0,1,0,0,0,7,0,0,0,0,0,0,0,1,0,0,1
10851,1,0,1,1,1,0,0,25,136,22.585812819423584,0.9947580856886392,1,6,0,0,0,0,0,0,1,0,6,0,0,0,0,0,0,1,0,0,0,7,0,0,0,0,0,0,0,1,0,0,1
10852,1,1,1,0,1,0,11,11,124,39.2464455035174,0.9999999996936968,1,6,0,0,0,0,0,0,1,0,6,0,0,0,0,0,0,1,0,0,0,7,0,0,0,0,0,0,0,1,0,0,1
10853,1,1,1,0,1,0,0,14,116,13.451432764592214,0.02006385968765253,0,6,0,0,0,0,0,0,1,0,6,0,0,0,0,0,0,1,0,0,0,7,0,0,0,0,0,0,0,1,0,0,1
10854,1,1,1,0,1,0,0,14,133,42.42604881337635,0.9999999999872572,1,6,0,0,0,0,0,0,1,0,6,0,0,0,0,0,0,1,0,0,0,7,0,0,0,0,0,0,0,1,0,0,1
10855,1,1,1,0,0,0,0,14,94,7.250713030312916,4.152028351090672e-05,0,6,0,0,0,0,0,0,1,0,6,0,0,0,0,0,0,1,0,0,0,7,0,0,0,0,0,0,0,1,0,0,1
10859,1,1,1,0,1,0,0,5,101,42.536974472316544,0.9999999999885952,1,6,0,0,0,0,0,0,1,0,6,0,0,0,0,0,0,1,0,0,0,7,0,0,0,0,0,0,0,1,0,0,1
10860,1,0,0,0,0,0,2,1,67,27.019192319850518,0.999937431893462,1,6,0,0,0,0,0,0,1,0,6,0,0,0,0,0,0,1,0,0,0,7,0,0,0,0,0,0,0,1,0,0,1
10862,1,1,1,0,0,0,0,7,138,68.89805529519629,1.0,1,6,0,0,0,0,0,0,1,0,6,0,0,0,0,0,0,1,0,0,0,7,0,0,0,0,0,0,0,1,0,0,1
10863,1,1,1,0,1,0,0,20,138,28.004078045668397,0.9999766310283861,1,6,0,0,0,0,0,0,1,0,6,0,0,0,0,0,0,1,0,0,0,7,0,0,0,0,0,0,0,1,0,0,1
10864,1,0,0,0,0,0,0,3,116,103.2338887535437,1.0,1,6,0,0,0,0,0,0,1,0,6,0,0,0,0,0,0,1,0,0,0,7,0,0,0,0,0,0,0,1,0,0,1
10866,1,1,1,0,0,0,0,10,123,53.457289656968925,0.9999999999999998,1,6,0,0,0,0,0,0,1,0,6,0,0,0,0,0,0,1,0,0,0,7,0,0,0,0,0,0,0,1,0,0,1
10867,1,1,1,0,1,0,0,22,136,18.03602398493256,0.6673056497150239,1,6,0,0,0,0,0,0,1,0,6,0,0,0,0,0,0,1,0,0,0,7,0,0,0,0,0,0,0,1,0,0,1
10869,1,1,1,0,0,0,0,7,85,27.594493217060727,0.9999648022506183,1,6,0,0,0,0,0,0,1,0,6,0,0,0,0,0,0,1,0,0,0,7,0,0,0,0,0,0,0,1,0,0,1
10870,1,0,0,1,0,0,0,6,127,77.44808538148469,1.0,1,6,0,0,0,0,0,0,1,0,6,0,0,0,0,0,0,1,0,0,0,7,0,0,0,0,0,0,0,1,0,0,1
10871,1,1,1,0,0,0,1,10,67,2.4954759894108607,3.573592109336001e-07,0,6,0,0,0,0,0,0,1,0,6,0,0,0,0,0,0,1,0,0,0,7,0,0,0,0,0,0,0,1,0,0,1
10872,1,0,0,0,0,0,0,4,139,37.51094213413907,0.9999999982627148,1,6,0,0,0,0,0,0,1,0,6,0,0,0,0,0,0,1,0,0,0,7,0,0,0,0,0,0,0,1,0,0,1
10873,1,1,1,0,0,0,0,16,96,27.466456254596782,0.999959994605914,1,6,0,0,0,0,0,0,1,0,6,0,0,0,0,0,0,1,0,0,0,7,0,0,0,0,0,0,0,1,0,0,1
